Alex_Gordon	31	26	4	0	0	2	3	5	12	0.154	0.29	0.385	0.675	0	0	2	0	0
Alexei_Ramirez	31	29	7	2	0	1	2	2	6	0.241	0.29	0.414	0.704	0	0	0	0	0
Billy_Butler	27	25	8	0	0	2	4	2	6	0.32	0.37	0.56	0.93	0	0	0	0	1
Miguel_Cabrera	27	24	9	1	0	1	3	3	6	0.375	0.444	0.542	0.986	0	0	2	0	0
Ian_Kinsler	27	26	7	3	0	0	3	1	5	0.269	0.296	0.385	0.681	0	0	0	0	0
Victor_Martinez	24	22	6	2	0	0	1	1	1	0.273	0.292	0.364	0.655	0	1	1	0	0
Melky_Cabrera	22	18	8	1	0	1	7	3	3	0.444	0.5	0.667	1.167	0	1	0	0	1
Alcides_Escobar	22	20	5	0	0	0	3	0	5	0.25	0.25	0.25	0.5	2	0	0	0	1
Adam_Eaton	21	17	6	1	0	0	2	4	3	0.353	0.476	0.412	0.888	0	0	0	0	0
Torii_Hunter	21	20	7	2	1	2	7	1	4	0.35	0.381	0.85	1.231	0	0	0	0	2
Rajai_Davis	20	19	6	2	2	0	1	0	3	0.316	0.35	0.632	0.982	0	0	0	1	2
J.D._Martinez	20	19	7	2	0	2	7	1	2	0.368	0.4	0.789	1.189	0	0	0	0	1
Ben_Zobrist	20	16	3	0	0	0	1	3	4	0.188	0.3	0.188	0.488	0	1	0	0	0
Jose_Abreu	19	19	5	0	0	2	5	0	6	0.263	0.263	0.579	0.842	0	0	0	0	0
Lorenzo_Cain	19	19	6	0	1	0	0	0	5	0.316	0.316	0.421	0.737	0	0	0	0	0
Eric_Hosmer	19	17	5	2	1	0	3	2	4	0.294	0.368	0.529	0.898	0	0	0	0	0
Evan_Longoria	19	19	2	0	0	1	1	0	5	0.105	0.105	0.263	0.368	0	0	0	0	1
David_DeJesus	18	18	2	1	0	0	0	0	2	0.111	0.111	0.167	0.278	0	0	0	0	0
Brian_Dozier	18	16	2	0	0	1	2	1	5	0.125	0.222	0.313	0.535	0	0	0	1	0
Joe_Mauer	18	16	8	2	0	1	2	2	3	0.5	0.556	0.813	1.368	0	0	0	0	0
Salvador_Perez	18	18	4	0	0	0	0	0	4	0.222	0.222	0.222	0.444	0	0	0	0	0
Alex_Rios	18	17	2	0	0	1	1	1	3	0.118	0.167	0.294	0.461	0	0	0	0	1
Nick_Castellanos	17	15	4	0	0	0	0	2	6	0.267	0.353	0.267	0.62	0	0	1	0	0
Brett_Gardner	17	13	4	1	0	0	2	4	3	0.308	0.471	0.385	0.855	0	0	0	0	0
Conor_Gillaspie	17	14	3	1	0	0	3	1	1	0.214	0.235	0.286	0.521	0	2	0	0	0
Mike_Moustakas	17	15	2	0	0	0	0	2	3	0.133	0.235	0.133	0.369	0	0	0	0	0
Adam_Dunn	16	14	4	0	0	0	1	2	4	0.286	0.375	0.286	0.661	0	0	0	0	0
Jacoby_Ellsbury	15	15	4	0	0	0	0	0	4	0.267	0.267	0.267	0.533	0	0	0	0	0
Juan_Pierre	15	12	3	1	0	0	1	3	1	0.25	0.4	0.333	0.733	0	0	0	0	0
Trevor_Plouffe	15	14	5	1	0	0	3	1	4	0.357	0.4	0.429	0.829	0	0	0	0	0
Alex_Avila	14	11	3	1	0	0	2	3	7	0.273	0.429	0.364	0.792	0	0	0	0	0
Omar_Infante	14	14	3	2	0	0	0	0	3	0.214	0.214	0.357	0.571	0	0	0	0	0
Paul_Konerko	14	12	2	0	0	0	1	1	6	0.167	0.214	0.167	0.381	0	1	0	0	0
Jose_Altuve	13	12	3	0	0	0	0	1	1	0.25	0.308	0.25	0.558	0	0	0	0	1
Logan_Forsythe	13	13	4	0	0	0	0	0	4	0.308	0.308	0.308	0.615	0	0	0	0	0
Avisail_Garcia	13	13	2	0	0	0	0	0	5	0.154	0.154	0.154	0.308	0	0	0	0	1
Mark_Teixeira	13	11	1	0	0	0	0	2	3	0.091	0.231	0.091	0.322	0	0	0	0	0
Elvis_Andrus	12	12	4	1	0	0	3	0	3	0.333	0.333	0.417	0.75	0	0	0	0	0
Robinson_Cano	12	11	5	2	0	1	4	1	1	0.455	0.5	0.909	1.409	0	0	0	0	0
Nelson_Cruz	12	11	3	2	0	0	0	1	5	0.273	0.333	0.455	0.788	0	0	0	0	0
Alejandro_De_Aza	12	12	5	2	0	0	4	0	1	0.417	0.417	0.583	1	0	0	0	0	0
Stephen_Drew	12	12	4	0	0	2	2	0	3	0.333	0.333	0.833	1.167	0	0	0	0	0
Prince_Fielder	12	12	6	1	0	1	5	0	1	0.5	0.5	0.833	1.333	0	0	0	0	1
Tyler_Flowers	12	10	3	0	0	0	2	2	4	0.3	0.417	0.3	0.717	0	0	0	0	0
Curtis_Granderson	12	12	5	1	0	2	4	0	1	0.417	0.417	1	1.417	0	0	0	0	0
Jhonny_Peralta	12	12	8	2	0	0	3	0	0	0.667	0.667	0.833	1.5	0	0	0	0	0
Alex_Rodriguez	12	12	2	0	0	0	0	0	4	0.167	0.167	0.167	0.333	0	0	0	0	0
Erick_Aybar	11	11	1	0	0	0	0	0	2	0.091	0.091	0.091	0.182	0	0	0	0	1
Chris_Carter	11	9	0	0	0	0	1	1	5	0	0.091	0	0.091	0	1	0	0	0
Sam_Fuld	11	9	2	1	0	0	2	2	2	0.222	0.364	0.333	0.697	0	0	0	0	0
Austin_Jackson	11	9	3	2	0	0	3	0	5	0.333	0.273	0.556	0.828	0	2	0	0	0
Jason_Kubel	11	11	4	0	0	0	1	0	5	0.364	0.364	0.364	0.727	0	0	0	0	0
Brayan_Pena	11	9	3	1	0	0	1	2	2	0.333	0.455	0.444	0.899	0	0	0	0	0
Josh_Reddick	11	9	6	2	0	1	4	1	1	0.667	0.636	1.222	1.859	0	1	1	0	0
Mike_Aviles	10	10	3	1	0	1	1	0	1	0.3	0.3	0.7	1	0	0	0	0	0
Gordon_Beckham	10	9	3	0	0	0	2	0	3	0.333	0.4	0.333	0.733	0	0	0	1	0
Adrian_Beltre	10	9	2	1	0	0	1	0	2	0.222	0.2	0.333	0.533	0	1	0	0	0
Jay_Bruce	10	9	3	1	0	2	2	1	2	0.333	0.4	1.111	1.511	0	0	0	0	0
Alberto_Callaspo	10	9	3	0	0	0	1	1	0	0.333	0.4	0.333	0.733	0	0	0	0	0
Francisco_Cervelli	10	9	0	0	0	0	1	1	5	0	0.1	0	0.1	0	0	0	0	0
Yoenis_Cespedes	10	9	4	1	0	0	0	1	3	0.444	0.5	0.556	1.056	0	0	1	0	0
Johnny_Damon	10	9	1	1	0	0	0	1	0	0.111	0.2	0.222	0.422	0	0	0	0	0
Jarrod_Dyson	10	9	1	0	0	0	0	0	2	0.111	0.111	0.111	0.222	1	0	0	0	0
Josh_Hamilton	10	7	2	0	0	0	1	3	1	0.286	0.5	0.286	0.786	0	0	0	0	0
J.J._Hardy	10	10	3	1	0	0	0	0	2	0.3	0.3	0.4	0.7	0	0	0	0	0
Jose_Iglesias	10	8	3	0	0	0	0	1	3	0.375	0.5	0.375	0.875	0	0	0	1	0
Derek_Jeter	10	10	4	1	0	0	2	0	1	0.4	0.4	0.5	0.9	0	0	0	0	0
Adam_Jones	10	9	1	0	0	1	2	0	0	0.111	0.1	0.444	0.544	0	1	0	0	1
Matthew_Joyce	10	8	1	0	0	0	1	1	3	0.125	0.2	0.125	0.325	0	1	0	0	0
Kevin_Kiermaier	10	10	0	0	0	0	0	0	4	0	0	0	0	0	0	0	0	0
Mitch_Moreland	10	9	3	1	0	1	2	1	0	0.333	0.4	0.778	1.178	0	0	0	0	0
Dustin_Pedroia	10	9	4	1	0	0	0	1	2	0.444	0.5	0.556	1.056	0	0	0	0	0
Peter_Bourjos	9	9	2	0	1	0	0	0	5	0.222	0.222	0.444	0.667	0	0	0	0	0
Jason_Castro	9	8	1	0	0	0	0	1	5	0.125	0.222	0.125	0.347	0	0	0	0	0
Jake_Marisnick	9	9	2	0	0	0	0	0	0	0.222	0.222	0.222	0.444	0	0	0	0	0
Kendrys_Morales	9	8	2	1	0	1	2	1	4	0.25	0.333	0.75	1.083	0	0	0	0	0
David_Ortiz	9	8	3	0	0	1	4	1	0	0.375	0.444	0.75	1.194	0	0	0	0	0
Brandon_Phillips	9	8	2	1	0	0	1	1	0	0.25	0.333	0.375	0.708	0	0	0	0	0
Carlos_Sanchez	9	8	1	0	0	1	1	1	2	0.125	0.222	0.5	0.722	0	0	0	0	0
Denard_Span	9	6	1	0	0	0	0	2	1	0.167	0.375	0.167	0.542	1	0	0	0	0
Eugenio_Suarez	9	9	3	0	0	1	1	0	4	0.333	0.333	0.667	1	0	0	0	0	0
Mark_Teahen	9	9	0	0	0	0	0	0	3	0	0	0	0	0	0	0	0	1
Dayan_Viciedo	9	9	2	1	0	1	1	0	3	0.222	0.222	0.667	0.889	0	0	0	0	0
Joey_Votto	9	9	4	1	0	1	2	0	3	0.444	0.444	0.889	1.333	0	0	0	0	1
Josh_Willingham	9	8	2	1	0	0	2	0	3	0.25	0.222	0.375	0.597	0	1	0	0	0
Kevin_Youkilis	9	6	2	1	0	0	1	1	3	0.333	0.444	0.5	0.944	0	1	0	1	1
Jose_Bautista	8	6	3	1	0	0	1	2	0	0.5	0.625	0.667	1.292	0	0	0	0	0
Carlos_Beltran	8	8	2	1	0	1	1	0	3	0.25	0.25	0.75	1	0	0	0	0	0
Wilson_Betemit	8	7	3	1	0	0	1	0	1	0.429	0.375	0.571	0.946	0	1	0	0	0
Marlon_Byrd	8	7	2	0	0	0	0	1	2	0.286	0.375	0.286	0.661	0	0	1	0	0
Robinson_Chirinos	8	7	2	0	0	2	2	1	3	0.286	0.375	1.143	1.518	0	0	0	0	0
Michael_Cuddyer	8	8	2	0	0	0	0	0	1	0.25	0.25	0.25	0.5	0	0	0	0	1
Delino_DeShields	8	8	1	0	0	0	0	0	2	0.125	0.125	0.125	0.25	0	0	0	0	0
Jeff_Francoeur	8	7	2	2	0	0	0	1	1	0.286	0.375	0.571	0.946	0	0	0	0	1
Aubrey_Huff	8	6	2	0	0	0	2	1	0	0.333	0.375	0.333	0.708	0	1	0	0	0
Chris_Iannetta	8	8	1	0	0	0	0	0	3	0.125	0.125	0.125	0.25	0	0	0	0	0
Howie_Kendrick	8	8	1	1	0	0	0	0	2	0.125	0.125	0.25	0.375	0	0	0	0	0
Brian_McCann	8	8	1	0	0	0	0	0	3	0.125	0.125	0.125	0.25	0	0	0	0	0
Justin_Morneau	8	6	3	2	0	0	2	2	1	0.5	0.625	0.833	1.458	0	0	0	0	0
Eduardo_Nunez	8	7	2	1	0	0	0	1	0	0.286	0.375	0.429	0.804	0	0	0	0	0
Marcus_Semien	8	7	0	0	0	0	0	1	3	0	0.125	0	0.125	0	0	0	0	0
Ichiro_Suzuki	8	8	3	0	0	1	2	0	1	0.375	0.375	0.75	1.125	0	0	0	0	1
Danny_Valencia	8	8	0	0	0	0	0	0	1	0	0	0	0	0	0	0	0	1
Omar_Vizquel	8	7	0	0	0	0	0	0	1	0	0	0	0	1	0	0	0	0
Delmon_Young	8	8	2	1	0	0	0	0	2	0.25	0.25	0.375	0.625	0	0	0	0	1
Billy_Burns	7	7	1	0	0	0	0	0	3	0.143	0.143	0.143	0.286	0	0	0	0	0
Drew_Butera	7	5	0	0	0	0	0	1	1	0	0.286	0	0.286	0	0	0	1	0
Joey_Butler	7	6	3	0	0	1	2	1	1	0.5	0.571	1	1.571	0	0	0	0	1
Alexi_Casilla	7	7	3	0	1	0	0	0	1	0.429	0.429	0.714	1.143	0	0	0	0	0
Shin-Soo_Choo	7	6	1	0	0	0	0	1	3	0.167	0.286	0.167	0.452	0	0	0	0	0
Chris_Davis	7	6	0	0	0	0	0	1	2	0	0.143	0	0.143	0	0	0	0	0
Pedro_Florimon	7	6	1	0	0	0	0	1	2	0.167	0.286	0.167	0.452	0	0	0	0	0
Dexter_Fowler	7	7	0	0	0	0	0	0	2	0	0	0	0	0	0	0	0	0
Aaron_Hicks	7	6	0	0	0	0	0	1	0	0	0.143	0	0.143	0	0	0	0	0
Brandon_Inge	7	7	3	0	0	1	3	0	3	0.429	0.429	0.857	1.286	0	0	0	0	0
Brett_Lawrie	7	6	0	0	0	0	1	1	1	0	0.143	0	0.143	0	0	0	0	0
David_Lough	7	7	2	1	0	0	0	0	1	0.286	0.286	0.429	0.714	0	0	0	0	0
Nick_Markakis	7	7	4	1	0	1	1	0	0	0.571	0.571	1.143	1.714	0	0	0	0	0
Colby_Rasmus	7	7	2	1	0	0	1	0	3	0.286	0.286	0.429	0.714	0	0	0	0	0
Ben_Revere	7	6	2	0	0	0	1	1	0	0.333	0.429	0.333	0.762	0	0	0	0	0
Brendan_Ryan	7	6	0	0	0	0	0	0	3	0	0.143	0	0.143	0	0	0	1	0
Eric_Sogard	7	7	0	0	0	0	0	0	0	0	0	0	0	0	0	0	0	0
Mike_Trout	7	5	1	1	0	0	2	2	1	0.2	0.429	0.4	0.829	0	0	0	0	0
Bobby_Abreu	6	4	1	0	0	0	0	2	1	0.25	0.5	0.25	0.75	0	0	0	0	0
Nori_Aoki	6	6	1	0	0	0	0	0	0	0.167	0.167	0.167	0.333	0	0	0	0	0
Asdrubal_Cabrera	6	5	2	0	0	1	1	1	2	0.4	0.5	1	1.5	0	0	0	0	0
Kole_Calhoun	6	6	0	0	0	0	0	0	4	0	0	0	0	0	0	0	0	0
Christian_Colon	6	5	1	1	0	0	0	1	1	0.2	0.333	0.4	0.733	0	0	0	0	0
Jordan_Danks	6	6	1	1	0	0	0	0	4	0.167	0.167	0.333	0.5	0	0	0	0	0
Ike_Davis	6	6	2	1	0	0	1	0	2	0.333	0.333	0.5	0.833	0	0	0	0	0
Matt_Dominguez	6	6	0	0	0	0	0	0	2	0	0	0	0	0	0	0	0	0
Edwin_Encarnacion	6	5	1	1	0	0	1	1	2	0.2	0.333	0.4	0.733	0	0	0	0	1
Todd_Frazier	6	6	2	1	0	0	1	0	2	0.333	0.333	0.5	0.833	0	0	0	0	0
Billy_Hamilton	6	5	1	0	0	0	1	1	1	0.2	0.333	0.2	0.533	0	0	0	0	0
Kila_Ka'aihue	6	6	0	0	0	0	0	0	2	0	0	0	0	0	0	0	0	0
Casey_Kotchman	6	6	3	0	0	0	0	0	0	0.5	0.5	0.5	1	0	0	0	0	0
Adam_Lind	6	6	1	0	0	0	0	0	0	0.167	0.167	0.167	0.333	0	0	0	0	0
Leonys_Martin	6	5	1	1	0	0	0	1	1	0.2	0.333	0.4	0.733	0	0	0	0	0
Brent_Morel	6	6	2	1	0	0	0	0	0	0.333	0.333	0.5	0.833	0	0	0	0	0
David_Murphy	6	6	2	0	0	1	2	0	1	0.333	0.333	0.833	1.167	0	0	0	0	0
A.J._Pierzynski	6	5	2	0	0	0	0	1	0	0.4	0.5	0.4	0.9	0	0	1	0	0
Jorge_Posada	6	5	2	0	0	0	0	1	1	0.4	0.5	0.4	0.9	0	0	0	0	0
Carlos_Quentin	6	6	3	1	0	1	3	0	0	0.5	0.5	1.167	1.667	0	0	0	0	0
Mark_Reynolds	6	6	4	1	0	0	2	0	2	0.667	0.667	0.833	1.5	0	0	0	0	0
Pablo_Sandoval	6	5	1	0	0	0	1	0	2	0.2	0.167	0.2	0.367	0	1	0	0	0
Ramon_Santiago	6	5	1	0	0	0	1	0	0	0.2	0.2	0.2	0.4	1	0	0	0	0
Steven_Souza	6	6	1	0	0	0	0	0	4	0.167	0.167	0.167	0.333	0	0	0	0	1
Nick_Swisher	6	5	1	0	0	0	0	1	0	0.2	0.333	0.2	0.533	0	0	0	0	1
Matt_Tolbert	6	6	1	1	0	0	1	0	1	0.167	0.167	0.333	0.5	0	0	0	0	0
Mark_Trumbo	6	6	1	0	0	0	0	0	1	0.167	0.167	0.167	0.333	0	0	0	0	0
Melvin_Upton	6	6	1	0	0	0	0	0	2	0.167	0.167	0.167	0.333	0	0	0	0	0
Stephen_Vogt	6	6	1	1	0	0	0	0	2	0.167	0.167	0.333	0.5	0	0	0	0	0
Casper_Wells	6	6	3	0	0	0	0	0	0	0.5	0.5	0.5	1	0	0	0	0	0
Matt_Wieters	6	5	1	0	1	0	0	1	0	0.2	0.333	0.6	0.933	0	0	0	0	0
Oswaldo_Arcia	5	4	2	1	0	0	2	1	0	0.5	0.6	0.75	1.35	0	0	0	0	0
Curt_Casali	5	5	1	1	0	0	1	0	1	0.2	0.2	0.4	0.6	0	0	0	0	0
Chris_Colabello	5	4	1	0	0	0	0	0	1	0.25	0.4	0.25	0.65	0	0	0	1	0
Zack_Cozart	5	5	1	0	0	0	0	0	2	0.2	0.2	0.2	0.4	0	0	0	0	0
Brandon_Crawford	5	5	0	0	0	0	0	0	0	0	0	0	0	0	0	0	0	0
Andy_Dirks	5	5	3	0	0	0	2	0	0	0.6	0.6	0.6	1.2	0	0	0	0	0
Evan_Gattis	5	5	1	0	0	0	1	0	4	0.2	0.2	0.2	0.4	0	0	0	0	0
Chris_Getz	5	5	2	0	0	0	0	0	0	0.4	0.4	0.4	0.8	0	0	0	0	0
Marwin_Gonzalez	5	5	3	0	0	1	2	0	1	0.6	0.6	1.2	1.8	0	0	0	0	0
Carlos_Guillen	5	3	3	0	0	1	1	2	0	1	1	2	3	0	0	0	0	0
Chris_Heisey	5	5	1	1	0	0	0	0	2	0.2	0.2	0.4	0.6	0	0	0	0	0
Bryan_Holaday	5	4	0	0	0	0	0	1	2	0	0.2	0	0.2	0	0	0	0	0
Mitch_Maier	5	5	2	0	0	0	1	0	1	0.4	0.4	0.4	0.8	0	0	0	0	0
James_McCann	5	5	0	0	0	0	0	0	3	0	0	0	0	0	0	0	0	0
Magglio_Ordonez	5	3	0	0	0	0	0	2	1	0	0.4	0	0.4	0	0	0	0	0
Lyle_Overbay	5	4	2	0	0	0	1	1	0	0.5	0.6	0.5	1.1	0	0	0	0	0
Placido_Polanco	5	4	1	0	0	1	1	1	0	0.25	0.4	1	1.4	0	0	0	0	0
Albert_Pujols	5	5	0	0	0	0	0	0	1	0	0	0	0	0	0	0	0	0
Jason_Repko	5	3	1	0	0	0	0	2	1	0.333	0.6	0.333	0.933	0	0	0	0	0
Rene_Rivera	5	5	2	0	0	0	0	0	1	0.4	0.4	0.4	0.8	0	0	0	0	0
Andrew_Romine	5	5	1	1	0	0	0	0	0	0.2	0.2	0.4	0.6	0	0	0	0	1
Eddie_Rosario	5	4	1	0	0	0	0	1	2	0.25	0.4	0.25	0.65	0	0	0	0	0
Miguel_Sano	5	4	2	0	0	0	0	1	1	0.5	0.6	0.5	1.1	0	0	0	0	0
Jon_Singleton	5	4	0	0	0	0	0	1	2	0	0.2	0	0.2	0	0	0	0	0
Travis_Snider	5	4	1	0	0	0	2	1	2	0.25	0.4	0.25	0.65	0	0	0	0	0
Clete_Thomas	5	5	2	1	0	0	0	0	0	0.4	0.4	0.6	1	0	0	0	0	0
Trayce_Thompson	5	3	1	0	0	0	0	2	2	0.333	0.6	0.333	0.933	0	0	0	0	0
Matt_Treanor	5	4	1	0	0	0	1	0	0	0.25	0.25	0.25	0.5	1	0	0	0	0
Vernon_Wells	5	5	0	0	0	0	0	0	1	0	0	0	0	0	0	0	0	0
Chris_Young	5	4	0	0	0	0	0	0	1	0	0.2	0	0.2	0	0	0	1	0
Xander_Bogaerts	4	3	0	0	0	0	0	1	1	0	0.25	0	0.25	0	0	0	0	0
Jackie_Bradley	4	4	0	0	0	0	0	0	3	0	0	0	0	0	0	0	0	0
Emmanuel_Burriss	4	4	1	0	0	0	0	0	0	0.25	0.25	0.25	0.5	0	0	0	0	0
Matt_Carpenter	4	4	1	1	0	0	0	0	1	0.25	0.25	0.5	0.75	0	0	0	0	0
Josh_Donaldson	4	3	2	0	0	1	1	1	1	0.667	0.75	1.667	2.417	0	0	0	0	0
Ryan_Flaherty	4	3	0	0	0	0	0	1	0	0	0.25	0	0.25	0	0	0	0	0
Juan_Francisco	4	3	2	1	0	0	2	1	0	0.667	0.75	1	1.75	0	0	0	0	0
Ryan_Goins	4	3	0	0	0	0	0	0	0	0	0	0	0	1	0	0	0	0
Jonny_Gomes	4	3	0	0	0	0	0	0	3	0	0.25	0	0.25	0	0	0	1	0
Adrian_Gonzalez	4	4	2	0	0	0	0	0	0	0.5	0.5	0.5	1	0	0	0	0	0
Didi_Gregorius	4	4	1	1	0	0	0	0	0	0.25	0.25	0.5	0.75	0	0	0	0	0
Brandon_Guyer	4	3	0	0	0	0	0	0	1	0	0.25	0	0.25	0	0	0	1	0
Ryan_Hanigan	4	4	0	0	0	0	0	0	0	0	0	0	0	0	0	0	0	1
Matt_Holliday	4	4	1	0	0	0	1	0	2	0.25	0.25	0.25	0.5	0	0	0	0	0
John_Jaso	4	4	1	0	0	0	1	0	1	0.25	0.25	0.25	0.5	0	0	0	0	1
Desmond_Jennings	4	3	0	0	0	0	0	1	0	0	0.25	0	0.25	0	0	0	0	0
Kelly_Johnson	4	4	0	0	0	0	0	0	0	0	0	0	0	0	0	0	0	0
Micah_Johnson	4	4	2	0	0	0	1	0	1	0.5	0.5	0.5	1	0	0	0	0	0
Gerald_Laird	4	4	2	1	0	0	2	0	1	0.5	0.5	0.75	1.25	0	0	0	0	0
Adam_LaRoche	4	4	0	0	0	0	0	0	3	0	0	0	0	0	0	0	0	0
Jed_Lowrie	4	4	1	0	0	0	0	0	1	0.25	0.25	0.25	0.5	0	0	0	0	0
Wil_Myers	4	3	2	0	0	0	1	1	1	0.667	0.75	0.667	1.417	0	0	0	0	0
Mike_Napoli	4	4	3	2	0	0	0	0	1	0.75	0.75	1.25	2	0	0	0	0	0
Adrian_Nieto	4	4	1	0	0	0	0	0	0	0.25	0.25	0.25	0.5	0	0	0	0	0
Kevin_Pillar	4	4	2	0	1	0	2	0	0	0.5	0.5	1	1.5	0	0	0	0	0
Josmil_Pinto	4	4	2	0	0	0	1	0	0	0.5	0.5	0.5	1	0	0	0	0	0
Alex_Presley	4	4	0	0	0	0	0	0	2	0	0	0	0	0	0	0	0	0
Adam_Rosales	4	4	0	0	0	0	0	0	2	0	0	0	0	0	0	0	0	0
Jarrod_Saltalamacchia	4	4	0	0	0	0	0	0	3	0	0	0	0	0	0	0	0	0
Kurt_Suzuki	4	4	1	0	0	0	2	0	2	0.25	0.25	0.25	0.5	0	0	0	0	0
Jim_Thome	4	3	1	0	0	0	0	1	1	0.333	0.5	0.333	0.833	0	0	0	0	0
Andres_Torres	4	4	3	0	0	1	1	0	0	0.75	0.75	1.5	2.25	0	0	0	0	0
Kolten_Wong	4	4	0	0	0	0	0	0	1	0	0	0	0	0	0	0	0	0
Matt_Adams	3	3	0	0	0	0	0	0	2	0	0	0	0	0	0	0	0	0
Brandon_Belt	3	3	0	0	0	0	0	0	3	0	0	0	0	0	0	0	0	0
Mookie_Betts	3	3	0	0	0	0	0	0	1	0	0	0	0	0	0	0	0	0
Greg_Bird	3	3	1	0	0	0	1	0	2	0.333	0.333	0.333	0.667	0	0	0	0	0
Gregor_Blanco	3	2	0	0	0	0	0	1	0	0	0.333	0	0.333	0	0	0	0	0
Willie_Bloomquist	3	3	2	1	0	0	1	0	0	0.667	0.667	1	1.667	0	0	0	0	0
Julio_Borbon	3	2	1	0	0	1	1	1	0	0.5	0.667	2	2.667	0	0	0	0	0
Milton_Bradley	3	3	0	0	0	0	0	0	2	0	0	0	0	0	0	0	0	0
Rob_Brantly	3	2	1	0	0	1	3	1	1	0.5	0.667	2	2.667	0	0	0	0	0
John_Buck	3	3	2	1	0	1	2	0	1	0.667	0.667	2	2.667	0	0	0	0	0
Pat_Burrell	3	3	0	0	0	0	0	0	0	0	0	0	0	0	0	0	0	0
Mark_Canha	3	3	0	0	0	0	0	0	1	0	0	0	0	0	0	0	0	0
Ramon_Castro	3	3	0	0	0	0	0	0	1	0	0	0	0	0	0	0	0	0
Endy_Chavez	3	3	3	0	1	0	1	0	0	1	1	1.667	2.667	0	0	0	0	0
Hank_Conger	3	2	1	0	0	0	0	1	0	0.5	0.667	0.5	1.167	0	0	0	0	0
Carlos_Correa	3	2	0	0	0	0	0	1	1	0	0.333	0	0.333	0	0	0	0	0
Carl_Crawford	3	3	1	1	0	0	0	0	0	0.333	0.333	0.667	1	0	0	0	0	0
Jack_Cust	3	3	1	1	0	0	0	0	1	0.333	0.333	0.667	1	0	0	0	0	0
Cheslor_Cuthbert	3	3	0	0	0	0	0	0	1	0	0	0	0	0	0	0	0	0
Blake_Davis	3	3	0	0	0	0	0	0	1	0	0	0	0	0	0	0	0	0
Ivan_De_Jesus	3	2	1	0	0	0	0	0	1	0.5	0.667	0.5	1.167	0	0	0	1	0
Corey_Dickerson	3	3	0	0	0	0	0	0	1	0	0	0	0	0	0	0	0	0
Brian_Dinkelman	3	3	0	0	0	0	0	0	0	0	0	0	0	0	0	0	0	0
Ryan_Doumit	3	2	0	0	0	0	0	1	0	0	0.333	0	0.333	0	0	0	0	0
Jake_Elmore	3	2	0	0	0	0	1	0	1	0	0	0	0	0	1	0	0	0
Yunel_Escobar	3	3	1	0	0	0	0	0	1	0.333	0.333	0.333	0.667	0	0	0	0	0
Thomas_Field	3	3	0	0	0	0	0	0	2	0	0	0	0	0	0	0	0	0
Chone_Figgins	3	3	0	0	0	0	0	0	0	0	0	0	0	0	0	0	0	0
Nick_Franklin	3	3	0	0	0	0	0	0	2	0	0	0	0	0	0	0	0	0
Johnny_Giavotella	3	2	0	0	0	0	0	0	0	0	0.333	0	0.333	0	0	0	1	0
Hector_Gimenez	3	2	0	0	0	0	0	1	0	0	0.333	0	0.333	0	0	0	0	0
Grant_Green	3	3	0	0	0	0	0	0	1	0	0	0	0	0	0	0	0	0
Robbie_Grossman	3	3	0	0	0	0	0	0	2	0	0	0	0	0	0	0	0	0
Chase_Headley	3	3	0	0	0	0	0	0	0	0	0	0	0	0	0	0	0	0
Luis_Hernandez	3	3	0	0	0	0	0	0	1	0	0	0	0	0	0	0	0	0
Jason_Heyward	3	3	0	0	0	0	0	0	0	0	0	0	0	0	0	0	0	0
Aaron_Hill	3	2	0	0	0	0	0	1	0	0	0.333	0	0.333	0	0	0	0	0
Brock_Holt	3	3	2	0	0	1	2	0	1	0.667	0.667	1.667	2.333	0	0	0	0	0
Orlando_Hudson	3	3	0	0	0	0	0	0	0	0	0	0	0	0	0	0	0	1
Luke_Hughes	3	3	1	0	0	0	0	0	1	0.333	0.333	0.333	0.667	0	0	0	0	0
Raul_Ibanez	3	2	0	0	0	0	0	1	1	0	0.333	0	0.333	0	0	0	0	0
Mike_Jacobs	3	3	0	0	0	0	0	0	0	0	0	0	0	0	0	0	0	0
Andruw_Jones	3	3	2	0	0	0	0	0	0	0.667	0.667	0.667	1.333	0	0	0	0	0
Garrett_Jones	3	3	1	1	0	0	0	0	0	0.333	0.333	0.667	1	0	0	0	0	0
Adam_Kennedy	3	3	0	0	0	0	0	0	0	0	0	0	0	0	0	0	0	0
Jeff_Keppinger	3	3	2	0	0	0	1	0	0	0.667	0.667	0.667	1.333	0	0	0	0	0
Derrek_Lee	3	3	1	0	0	0	1	0	0	0.333	0.333	0.333	0.667	0	0	0	0	0
Fred_Lewis	3	3	1	1	0	0	0	0	0	0.333	0.333	0.667	1	0	0	0	0	0
James_Loney	3	2	0	0	0	0	0	1	2	0	0.333	0	0.333	0	0	0	0	0
Manny_Machado	3	3	2	0	0	0	1	0	0	0.667	0.667	0.667	1.333	0	0	0	0	0
Russell_Martin	3	3	0	0	0	0	0	0	1	0	0	0	0	0	0	0	0	1
Hideki_Matsui	3	2	0	0	0	0	0	1	1	0	0.333	0	0.333	0	0	0	0	0
Andrew_McCutchen	3	3	0	0	0	0	0	0	2	0	0	0	0	0	0	0	0	0
Brad_Miller	3	3	1	0	0	0	0	0	0	0.333	0.333	0.333	0.667	0	0	0	0	0
Juan_Miranda	3	3	0	0	0	0	0	0	1	0	0	0	0	0	0	0	0	0
Yadier_Molina	3	3	2	0	0	0	0	0	1	0.667	0.667	0.667	1.333	0	0	0	0	0
Miguel_Montero	3	3	0	0	0	0	0	0	1	0	0	0	0	0	0	0	0	0
Jose_Morales	3	2	1	1	0	0	1	1	0	0.5	0.667	1	1.667	0	0	0	0	0
Logan_Morrison	3	3	1	0	0	0	0	0	2	0.333	0.333	0.333	0.667	0	0	0	0	0
Mike_Morse	3	2	1	0	0	1	2	0	0	0.5	0.333	2	2.333	0	1	0	0	0
Chris_Nelson	3	3	0	0	0	0	0	0	1	0	0	0	0	0	0	0	0	0
Miguel_Olivo	3	3	0	0	0	0	0	0	3	0	0	0	0	0	0	0	0	0
Mike_Olt	3	3	0	0	0	0	0	0	2	0	0	0	0	0	0	0	0	0
Paulo_Orlando	3	3	0	0	0	0	0	0	3	0	0	0	0	0	0	0	0	0
Angel_Pagan	3	3	2	0	0	0	0	0	0	0.667	0.667	0.667	1.333	0	0	0	0	0
Gerardo_Parra	3	3	2	1	0	0	0	0	1	0.667	0.667	1	1.667	0	0	0	0	0
Xavier_Paul	3	3	0	0	0	0	0	0	1	0	0	0	0	0	0	0	0	0
Francisco_Pena	3	3	0	0	0	0	0	0	1	0	0	0	0	0	0	0	0	1
Hunter_Pence	3	3	2	0	1	0	2	0	0	0.667	0.667	1.333	2	0	0	0	0	0
Felix_Pie	3	3	0	0	0	0	0	0	1	0	0	0	0	0	0	0	0	0
Dalton_Pompey	3	3	0	0	0	0	0	0	2	0	0	0	0	0	0	0	0	0
Buster_Posey	3	2	0	0	0	0	0	1	1	0	0.333	0	0.333	0	0	0	0	0
Martin_Prado	3	3	0	0	0	0	0	0	1	0	0	0	0	0	0	0	0	0
Ryan_Raburn	3	3	1	0	0	0	0	0	0	0.333	0.333	0.333	0.667	0	0	0	0	0
Hanley_Ramirez	3	3	1	0	0	1	1	0	1	0.333	0.333	1.333	1.667	0	0	0	0	0
Manny_Ramirez	3	3	1	0	0	0	0	0	1	0.333	0.333	0.333	0.667	0	0	0	0	0
Nolan_Reimold	3	2	0	0	0	0	0	1	1	0	0.333	0	0.333	0	0	0	0	0
Jose_Reyes	3	3	2	1	0	0	1	0	0	0.667	0.667	1	1.667	0	0	0	0	0
Will_Rhymes	3	3	2	1	0	0	0	0	0	0.667	0.667	1	1.667	0	0	0	0	1
Ryan_Roberts	3	2	0	0	0	0	0	0	0	0	0.333	0	0.333	0	0	0	1	0
Shane_Robinson	3	3	1	0	0	0	0	0	1	0.333	0.333	0.333	0.667	0	0	0	0	0
Sean_Rodriguez	3	3	1	0	0	0	1	0	1	0.333	0.333	0.333	0.667	0	0	0	0	0
Scott_Rolen	3	3	1	1	0	0	0	0	0	0.333	0.333	0.667	1	0	0	0	0	0
Aaron_Rowand	3	3	0	0	0	0	0	0	2	0	0	0	0	0	0	0	0	0
Tyler_Saladino	3	3	1	0	0	0	0	0	0	0.333	0.333	0.333	0.667	0	0	0	0	1
Danny_Santana	3	1	1	0	0	0	0	2	0	1	1	1	2	0	0	0	0	0
Michael_Saunders	3	3	0	0	0	0	0	0	2	0	0	0	0	0	0	0	0	0
Jonathan_Schoop	3	3	0	0	0	0	0	0	1	0	0	0	0	0	0	0	0	1
Marco_Scutaro	3	3	0	0	0	0	1	0	0	0	0	0	0	0	0	0	0	0
Kyle_Seager	3	3	2	0	0	1	1	0	0	0.667	0.667	1.667	2.333	0	0	0	0	0
Seth_Smith	3	2	1	0	0	0	0	1	0	0.5	0.667	0.5	1.167	0	0	0	0	0
Justin_Smoak	3	2	1	0	0	0	0	1	0	0.5	0.667	0.5	1.167	0	0	0	0	0
George_Springer	3	3	1	1	0	0	0	0	2	0.333	0.333	0.667	1	0	0	0	0	0
Chris_Stewart	3	3	1	0	0	0	0	0	1	0.333	0.333	0.333	0.667	0	0	0	0	0
Drew_Stubbs	3	3	0	0	0	0	0	0	1	0	0	0	0	0	0	0	0	0
Jose_Tabata	3	3	1	0	0	0	0	0	0	0.333	0.333	0.333	0.667	0	0	0	0	0
Josh_Thole	3	3	2	0	0	0	1	0	0	0.667	0.667	0.667	1.333	0	0	0	0	0
Yorvit_Torrealba	3	2	0	0	0	0	2	0	0	0	0	0	0	0	1	0	0	0
Preston_Tucker	3	3	3	1	0	1	1	0	0	1	1	2.333	3.333	0	0	0	0	0
Justin_Upton	3	3	1	0	0	1	1	0	1	0.333	0.333	1.333	1.667	0	0	0	0	0
Luis_Valbuena	3	3	0	0	0	0	0	0	3	0	0	0	0	0	0	0	0	0
Neil_Walker	3	3	0	0	0	0	0	0	1	0	0	0	0	0	0	0	0	0
Andy_Wilkins	3	3	1	1	0	0	0	0	1	0.333	0.333	0.667	1	0	0	0	0	0
Michael_Young	3	3	0	0	0	0	0	0	0	0	0	0	0	0	0	0	0	0
Josh_Anderson	2	2	1	0	0	0	0	0	0	0.5	0.5	0.5	1	0	0	0	0	0
J.P._Arencibia	2	2	2	0	0	0	1	0	0	1	1	1	2	0	0	0	0	0
Tucker_Barnhart	2	2	0	0	0	0	0	0	1	0	0	0	0	0	0	0	0	0
Jason_Bay	2	2	2	0	0	0	1	0	0	1	1	1	2	0	0	0	0	0
Yuniesky_Betancourt	2	2	0	0	0	0	0	0	1	0	0	0	0	0	0	0	0	0
Reid_Brignac	2	2	0	0	0	0	0	0	0	0	0	0	0	0	0	0	0	0
Ronny_Cedeno	2	2	0	0	0	0	0	0	0	0	0	0	0	0	0	0	0	0
Collin_Cowgill	2	2	0	0	0	0	0	0	1	0	0	0	0	0	0	0	0	0
Jonathan_Diaz	2	2	0	0	0	0	0	0	1	0	0	0	0	0	0	0	0	0
Adam_Everett	2	2	1	0	0	0	0	0	0	0.5	0.5	0.5	1	0	0	0	0	0
Joey_Gathright	2	2	0	0	0	0	0	0	0	0	0	0	0	0	0	0	0	0
Alex_Gonzalez	2	2	2	0	0	0	0	0	0	1	1	1	2	0	0	0	0	0
Anthony_Gose	2	2	0	0	0	0	0	0	1	0	0	0	0	0	0	0	0	0
Travis_Hafner	2	2	0	0	0	0	0	0	0	0	0	0	0	0	0	0	0	1
Josh_Harrison	2	2	0	0	0	0	0	0	0	0	0	0	0	0	0	0	0	0
Ramon_Hernandez	2	2	0	0	0	0	0	0	0	0	0	0	0	0	0	0	0	0
Brandon_Hicks	2	2	0	0	0	0	0	0	0	0	0	0	0	0	0	0	0	0
Tim_Hudson	2	2	0	0	0	0	0	0	1	0	0	0	0	0	0	0	0	0
Paul_Janish	2	2	0	0	0	0	0	0	0	0	0	0	0	0	0	0	0	0
Caleb_Joseph	2	2	1	1	0	0	0	0	1	0.5	0.5	1	1.5	0	0	0	0	0
Don_Kelly	2	1	0	0	0	0	0	1	1	0	0.5	0	0.5	0	0	0	0	0
Marc_Krauss	2	2	0	0	0	0	0	0	2	0	0	0	0	0	0	0	0	0
Ryan_Langerhans	2	0	0	0	0	0	0	2	0	0	1	0	0	0	0	0	0	0
Brent_Lillibridge	2	2	1	0	0	0	2	0	1	0.5	0.5	0.5	1	0	0	0	0	0
Mike_Lowell	2	2	0	0	0	0	0	0	0	0	0	0	0	0	0	0	0	0
Ryan_Ludwick	2	2	1	0	0	0	0	0	1	0.5	0.5	0.5	1	0	0	0	0	0
Ketel_Marte	2	1	0	0	0	0	0	1	1	0	0.5	0	0.5	0	0	0	0	0
Jeff_Mathis	2	2	0	0	0	0	0	0	0	0	0	0	0	0	0	0	0	0
Michael_McKenry	2	2	1	0	0	0	0	0	0	0.5	0.5	0.5	1	0	0	0	0	0
Brandon_Moss	2	2	0	0	0	0	0	0	1	0	0	0	0	0	0	0	0	0
Daniel_Nava	2	2	0	0	0	0	0	0	1	0	0	0	0	0	0	0	0	1
Kristopher_Negron	2	2	0	0	0	0	0	0	1	0	0	0	0	0	0	0	0	0
Derek_Norris	2	2	1	0	0	0	0	0	0	0.5	0.5	0.5	1	0	0	0	0	1
Jimmy_Paredes	2	2	1	0	0	0	0	0	0	0.5	0.5	0.5	1	0	0	0	0	0
Chris_Parmelee	2	2	1	0	0	0	0	0	0	0.5	0.5	0.5	1	0	0	0	0	0
Corey_Patterson	2	2	1	1	0	0	2	0	1	0.5	0.5	1	1.5	0	0	0	0	0
Dan_Robertson	2	2	1	0	0	0	0	0	1	0.5	0.5	0.5	1	0	0	0	0	0
Ivan_Rodriguez	2	2	1	1	0	0	1	0	0	0.5	0.5	1	1.5	0	0	0	0	0
Nate_Schierholtz	2	2	0	0	0	0	0	0	0	0	0	0	0	0	0	0	0	0
Travis_Shaw	2	2	1	0	0	0	0	0	0	0.5	0.5	0.5	1	0	0	0	0	0
Kelly_Shoppach	2	2	0	0	0	0	0	0	0	0	0	0	0	0	0	0	0	0
J.B._Shuck	2	2	0	0	0	0	0	0	0	0	0	0	0	0	0	0	0	1
Grady_Sizemore	2	2	0	0	0	0	0	0	0	0	0	0	0	0	0	0	0	0
Blake_Swihart	2	2	0	0	0	0	0	0	1	0	0	0	0	0	0	0	0	0
Eric_Thames	2	2	2	0	0	1	2	0	0	1	1	2.5	3.5	0	0	0	0	0
Jonathan_Villar	2	2	0	0	0	0	0	0	2	0	0	0	0	0	0	0	0	0
Brandon_Wood	2	1	0	0	0	0	0	0	0	0	0	0	0	1	0	0	0	1
Kyle_Blanks	1	1	1	0	0	0	0	0	0	1	1	1	2	0	0	0	0	0
Emilio_Bonifacio	1	1	0	0	0	0	0	0	0	0	0	0	0	0	0	0	0	0
Byron_Buxton	1	1	0	0	0	0	0	0	1	0	0	0	0	0	0	0	0	0
Michael_Choice	1	1	0	0	0	0	0	0	0	0	0	0	0	0	0	0	0	0
Carlos_Corporan	1	1	0	0	0	0	0	0	1	0	0	0	0	0	0	0	0	0
Coco_Crisp	1	1	0	0	0	0	0	0	0	0	0	0	0	0	0	0	0	0
Trevor_Crowe	1	1	0	0	0	0	0	0	0	0	0	0	0	0	0	0	0	0
Johnny_Cueto	1	1	0	0	0	0	0	0	0	0	0	0	0	0	0	0	0	0
Todd_Cunningham	1	1	0	0	0	0	0	0	1	0	0	0	0	0	0	0	0	0
Travis_d'Arnaud	1	1	0	0	0	0	0	0	0	0	0	0	0	0	0	0	0	0
Matt_den_Dekker	1	1	0	0	0	0	0	0	0	0	0	0	0	0	0	0	0	0
Zach_Duke	1	1	0	0	0	0	0	0	1	0	0	0	0	0	0	0	0	0
Eduardo_Escobar	1	1	0	0	0	0	0	0	0	0	0	0	0	0	0	0	0	0
David_Freese	1	1	0	0	0	0	0	0	0	0	0	0	0	0	0	0	0	0
Eric_Fryer	1	1	0	0	0	0	0	0	0	0	0	0	0	0	0	0	0	0
Craig_Gentry	1	1	1	0	0	0	0	0	0	1	1	1	2	0	0	0	0	0
Jonathan_Herrera	1	1	1	0	0	0	0	0	0	1	1	1	2	0	0	0	0	0
Chris_Herrmann	1	1	0	0	0	0	0	0	0	0	0	0	0	0	0	0	0	0
L.J._Hoes	1	1	1	0	0	0	0	0	0	1	1	1	2	0	0	0	0	0
Ender_Inciarte	1	1	0	0	0	0	0	0	0	0	0	0	0	0	0	0	0	0
Elliot_Johnson	1	1	0	0	0	0	0	0	0	0	0	0	0	0	0	0	0	0
Erik_Kratz	1	1	0	0	0	0	0	0	1	0	0	0	0	0	0	0	0	0
Juan_Lagares	1	1	0	0	0	0	0	0	0	0	0	0	0	0	0	0	0	0
Melvin_Mora	1	1	0	0	0	0	0	0	1	0	0	0	0	0	0	0	0	0
Rougned_Odor	1	1	0	0	0	0	0	0	0	0	0	0	0	0	0	0	0	0
Jordan_Pacheco	1	1	0	0	0	0	0	0	0	0	0	0	0	0	0	0	0	0
Wily_Mo_Pena	1	1	0	0	0	0	0	0	1	0	0	0	0	0	0	0	0	0
David_Peralta	1	1	0	0	0	0	0	0	0	0	0	0	0	0	0	0	0	0
Brian_Roberts	1	1	1	0	0	0	0	0	0	1	1	1	2	0	0	0	0	0
David_Ross	1	1	0	0	0	0	0	0	1	0	0	0	0	0	0	0	0	0
Jonathan_Sanchez	1	1	0	0	0	0	0	0	0	0	0	0	0	0	0	0	0	0
Luis_Sardinas	1	1	0	0	0	0	0	0	0	0	0	0	0	0	0	0	0	0
Jordan_Schafer	1	1	0	0	0	0	0	0	0	0	0	0	0	0	0	0	0	0
Andrelton_Simmons	1	1	0	0	0	0	0	0	0	0	0	0	0	0	0	0	0	0
Yangervis_Solarte	1	1	0	0	0	0	0	0	0	0	0	0	0	0	0	0	0	0
Joey_Terdoslavich	1	1	0	0	0	0	0	0	0	0	0	0	0	0	0	0	0	0
Justin_Turner	1	1	0	0	0	0	0	0	0	0	0	0	0	0	0	0	0	0
Shane_Victorino	1	0	0	0	0	0	0	0	0	0	0	0	0	1	0	0	0	0
Zelous_Wheeler	1	1	0	0	0	0	0	0	0	0	0	0	0	0	0	0	0	0
Danny_Worth	1	1	0	0	0	0	0	0	1	0	0	0	0	0	0	0	0	0
Mike_Zunino	1	1	0	0	0	0	0	0	1	0	0	0	0	0	0	0	0	0
