Brian_Dozier	11	11	5	1	0	0	1	0	1	0.455	0.455	0.545	1	0	0	0	0	0
Joe_Mauer	11	9	1	1	0	0	1	2	0	0.111	0.273	0.222	0.495	0	0	1	0	1
Miguel_Sano	11	9	1	0	0	0	0	2	2	0.111	0.273	0.111	0.384	0	0	0	0	0
Jose_Abreu	10	9	3	0	0	1	1	1	3	0.333	0.4	0.667	1.067	0	0	0	0	0
Eduardo_Escobar	10	9	3	0	0	0	1	1	0	0.333	0.4	0.333	0.733	0	0	0	0	0
Eddie_Rosario	10	10	1	0	0	1	1	0	3	0.1	0.1	0.4	0.5	0	0	0	0	0
Melky_Cabrera	9	9	4	0	0	1	2	0	1	0.444	0.444	0.778	1.222	0	0	0	0	0
Avisail_Garcia	9	8	2	0	0	0	0	1	1	0.25	0.333	0.25	0.583	0	0	0	0	0
Asdrubal_Cabrera	8	7	2	1	0	0	0	1	0	0.286	0.375	0.429	0.804	0	0	0	0	1
Aaron_Hicks	8	7	3	1	0	0	0	1	0	0.429	0.5	0.571	1.071	0	0	0	0	0
Torii_Hunter	8	8	3	0	0	1	3	0	0	0.375	0.375	0.75	1.125	0	0	0	0	0
Trevor_Plouffe	8	8	2	1	0	0	2	0	2	0.25	0.25	0.375	0.625	0	0	0	0	0
Adam_Eaton	7	6	1	0	0	0	0	1	1	0.167	0.286	0.167	0.452	0	0	0	0	0
Alcides_Escobar	7	7	2	1	0	0	0	0	0	0.286	0.286	0.429	0.714	0	0	0	0	0
Kevin_Kiermaier	7	7	1	1	0	0	0	0	0	0.143	0.143	0.286	0.429	0	0	0	0	0
Kurt_Suzuki	7	6	4	0	0	0	2	0	0	0.667	0.667	0.667	1.333	1	0	0	0	0
Alex_Avila	6	6	1	0	0	0	0	0	3	0.167	0.167	0.167	0.333	0	0	0	0	0
Miguel_Cabrera	6	5	0	0	0	0	0	1	0	0	0.167	0	0.167	0	0	0	0	2
Lorenzo_Cain	6	4	1	0	0	0	0	2	0	0.25	0.5	0.25	0.75	0	0	0	0	1
David_DeJesus	6	6	1	0	0	0	0	0	2	0.167	0.167	0.167	0.333	0	0	0	0	0
Logan_Forsythe	6	6	2	0	0	0	0	0	0	0.333	0.333	0.333	0.667	0	0	0	0	0
Todd_Frazier	6	6	2	1	0	0	0	0	0	0.333	0.333	0.5	0.833	0	0	0	0	0
Anthony_Gose	6	5	1	1	0	0	0	1	1	0.2	0.333	0.4	0.733	0	0	0	0	0
Brett_Lawrie	6	6	1	0	0	0	0	0	1	0.167	0.167	0.167	0.333	0	0	0	0	0
Adam_Lind	6	6	4	0	0	1	3	0	0	0.667	0.667	1.167	1.833	0	0	0	0	0
Evan_Longoria	6	6	1	0	0	0	0	0	1	0.167	0.167	0.167	0.333	0	0	0	0	0
J.D._Martinez	6	6	2	1	0	0	0	0	0	0.333	0.333	0.5	0.833	0	0	0	0	0
Victor_Martinez	6	6	1	1	0	0	0	0	0	0.167	0.167	0.333	0.5	0	0	0	0	0
Steven_Souza	6	6	1	0	0	0	0	0	0	0.167	0.167	0.167	0.333	0	0	0	0	0
Neil_Walker	6	6	2	0	0	0	1	0	0	0.333	0.333	0.333	0.667	0	0	0	0	0
Nick_Castellanos	5	3	0	0	0	0	1	1	1	0	0.2	0	0.2	0	1	0	0	0
Carlos_Correa	5	5	2	0	0	0	0	0	1	0.4	0.4	0.4	0.8	0	0	0	0	0
Jarrod_Dyson	5	4	2	1	1	0	1	0	1	0.5	0.6	1.25	1.85	0	0	0	1	0
Eric_Hosmer	5	5	3	0	0	1	4	0	1	0.6	0.6	1.2	1.8	0	0	0	0	0
Austin_Jackson	5	5	0	0	0	0	0	0	1	0	0	0	0	0	0	0	0	0
Dixon_Machado	5	5	1	0	0	0	0	0	2	0.2	0.2	0.2	0.4	0	0	0	0	0
Kendrys_Morales	5	5	3	1	0	1	5	0	0	0.6	0.6	1.4	2	0	0	0	0	0
Salvador_Perez	5	5	0	0	0	0	0	0	0	0	0	0	0	0	0	0	0	1
Jose_Altuve	4	4	0	0	0	0	0	0	0	0	0	0	0	0	0	0	0	0
Joey_Butler	4	3	0	0	0	0	0	1	0	0	0.25	0	0.25	0	0	0	0	0
Khris_Davis	4	4	2	0	0	1	1	0	0	0.5	0.5	1.25	1.75	0	0	0	0	0
Scooter_Gennett	4	4	1	0	0	0	0	0	1	0.25	0.25	0.25	0.5	0	0	0	0	0
Josh_Harrison	4	4	2	2	0	0	0	0	0	0.5	0.5	1	1.5	0	0	0	0	0
Jonathan_Lucroy	4	4	1	0	0	0	0	0	0	0.25	0.25	0.25	0.5	0	0	0	0	0
James_McCann	4	4	1	0	0	0	0	0	0	0.25	0.25	0.25	0.5	0	0	0	0	1
Alexei_Ramirez	4	3	0	0	0	0	0	1	1	0	0.25	0	0.25	0	0	0	0	0
Colby_Rasmus	4	4	1	0	0	0	0	0	0	0.25	0.25	0.25	0.5	0	0	0	0	0
Danny_Santana	4	4	2	1	0	0	0	0	1	0.5	0.5	0.75	1.25	0	0	0	0	0
Jean_Segura	4	4	2	0	0	0	1	0	1	0.5	0.5	0.5	1	0	0	0	0	0
Preston_Tucker	4	3	0	0	0	0	0	1	0	0	0.25	0	0.25	0	0	0	0	0
Luis_Valbuena	4	4	0	0	0	0	0	0	0	0	0	0	0	0	0	0	0	0
Pedro_Alvarez	3	3	0	0	0	0	0	0	1	0	0	0	0	0	0	0	0	0
Nori_Aoki	3	3	1	0	0	0	1	0	0	0.333	0.333	0.333	0.667	0	0	0	0	0
Oswaldo_Arcia	3	3	0	0	0	0	0	0	2	0	0	0	0	0	0	0	0	0
Jose_Bautista	3	2	1	0	0	0	1	0	0	0.5	0.333	0.5	0.833	0	1	0	0	0
Billy_Butler	3	3	1	0	0	0	0	0	1	0.333	0.333	0.333	0.667	0	0	0	0	0
Mark_Canha	3	3	0	0	0	0	1	0	1	0	0	0	0	0	0	0	0	0
Curt_Casali	3	3	0	0	0	0	0	0	1	0	0	0	0	0	0	0	0	0
Francisco_Cervelli	3	3	1	0	0	0	0	0	1	0.333	0.333	0.333	0.667	0	0	0	0	0
Yoenis_Cespedes	3	3	2	0	0	1	2	0	1	0.667	0.667	1.667	2.333	0	0	0	0	0
Michael_Conforto	3	3	2	0	0	1	1	0	1	0.667	0.667	1.667	2.333	0	0	0	0	0
Zack_Cozart	3	3	1	0	0	0	0	0	1	0.333	0.333	0.333	0.667	0	0	0	0	0
Ike_Davis	3	3	1	1	0	0	0	0	0	0.333	0.333	0.667	1	0	0	0	0	0
Josh_Donaldson	3	2	1	0	0	0	0	0	0	0.5	0.5	0.5	1	1	0	0	0	0
Lucas_Duda	3	3	1	0	0	0	0	0	0	0.333	0.333	0.333	0.667	0	0	0	0	0
Jake_Elmore	3	3	0	0	0	0	0	0	0	0	0	0	0	0	0	0	0	0
Edwin_Encarnacion	3	1	0	0	0	0	1	1	0	0	0.333	0	0.333	0	1	0	0	0
Tyler_Flowers	3	3	0	0	0	0	0	0	1	0	0	0	0	0	0	0	0	1
Sam_Fuld	3	2	1	0	0	0	1	1	0	0.5	0.667	0.5	1.167	0	0	0	0	0
Evan_Gattis	3	3	0	0	0	0	0	0	0	0	0	0	0	0	0	0	0	0
Carlos_Gomez	3	3	1	0	0	0	0	0	2	0.333	0.333	0.333	0.667	0	0	0	0	0
Curtis_Granderson	3	3	0	0	0	0	0	0	1	0	0	0	0	0	0	0	0	0
Omar_Infante	3	3	1	0	0	1	1	0	0	0.333	0.333	1.333	1.667	0	0	0	0	0
Ian_Kinsler	3	3	1	0	0	0	1	0	0	0.333	0.333	0.333	0.667	0	0	0	0	0
Marc_Krauss	3	3	0	0	0	0	0	0	2	0	0	0	0	0	0	0	0	0
Starling_Marte	3	3	0	0	0	0	0	0	0	0	0	0	0	0	0	0	0	0
Andrew_McCutchen	3	3	1	0	0	0	0	0	1	0.333	0.333	0.333	0.667	0	0	0	0	0
Jordy_Mercer	3	3	1	0	0	0	0	0	0	0.333	0.333	0.333	0.667	0	0	0	0	0
Mike_Moustakas	3	3	1	0	0	0	0	0	0	0.333	0.333	0.333	0.667	0	0	0	0	0
Max_Muncy	3	3	1	1	0	0	0	0	0	0.333	0.333	0.667	1	0	0	0	0	0
Mike_Olt	3	2	0	0	0	0	0	1	1	0	0.333	0	0.333	0	0	0	0	0
Byung-ho_Park	3	3	2	2	0	0	0	0	0	0.667	0.667	1.333	2	0	0	0	0	0
Brandon_Phillips	3	2	1	1	0	0	1	1	0	0.5	0.667	1	1.667	0	0	1	0	0
Gregory_Polanco	3	3	0	0	0	0	0	0	0	0	0	0	0	0	0	0	0	0
Josh_Reddick	3	3	0	0	0	0	0	0	1	0	0	0	0	0	0	0	0	0
Ben_Revere	3	3	1	0	0	0	0	0	0	0.333	0.333	0.333	0.667	0	0	0	0	0
Alex_Rios	3	3	0	0	0	0	0	0	2	0	0	0	0	0	0	0	0	0
Jimmy_Rollins	3	3	0	0	0	0	0	0	0	0	0	0	0	0	0	0	0	0
Tyler_Saladino	3	3	0	0	0	0	0	0	2	0	0	0	0	0	0	0	0	0
Carlos_Sanchez	3	2	1	0	0	0	0	1	0	0.5	0.667	0.5	1.167	0	0	0	0	0
Marcus_Semien	3	2	1	0	0	1	1	1	0	0.5	0.667	2	2.667	0	0	0	0	0
J.B._Shuck	3	2	0	0	0	0	0	1	0	0	0.333	0	0.333	0	0	0	0	0
Grady_Sizemore	3	3	1	0	0	1	1	0	0	0.333	0.333	1.333	1.667	0	0	0	0	0
Seth_Smith	3	1	1	0	0	0	1	0	0	1	0.667	1	1.667	0	1	0	1	0
Eugenio_Suarez	3	3	2	0	0	1	2	0	0	0.667	0.667	1.667	2.333	0	0	0	0	0
Trayce_Thompson	3	3	1	1	0	0	0	0	1	0.333	0.333	0.667	1	0	0	0	0	0
Troy_Tulowitzki	3	3	0	0	0	0	0	0	1	0	0	0	0	0	0	0	0	0
Stephen_Vogt	3	3	0	0	0	0	0	0	1	0	0	0	0	0	0	0	0	1
Joey_Votto	3	2	1	1	0	0	0	1	0	0.5	0.667	1	1.667	0	0	0	0	0
David_Wright	3	3	1	0	0	0	0	0	1	0.333	0.333	0.333	0.667	0	0	0	0	0
Ryan_Braun	2	1	0	0	0	0	0	1	0	0	0.5	0	0.5	0	0	0	0	0
Jay_Bruce	2	2	1	0	0	0	0	0	0	0.5	0.5	0.5	1	0	0	0	0	0
Ramon_Cabrera	2	2	0	0	0	0	0	0	0	0	0	0	0	0	0	0	0	0
Robinson_Cano	2	2	1	0	0	0	0	0	0	0.5	0.5	0.5	1	0	0	0	0	0
Steve_Clevenger	2	2	2	0	0	1	2	0	0	1	1	2.5	3.5	0	0	0	0	0
Tyler_Collins	2	2	0	0	0	0	0	0	1	0	0	0	0	0	0	0	0	0
Christian_Colon	2	2	1	0	0	0	0	0	0	0.5	0.5	0.5	1	0	0	0	0	0
Hank_Conger	2	2	1	0	0	1	1	0	0	0.5	0.5	2	2.5	0	0	0	0	0
Nelson_Cruz	2	2	1	0	0	0	0	0	1	0.5	0.5	0.5	1	0	0	0	0	0
Cheslor_Cuthbert	2	2	0	0	0	0	0	0	0	0	0	0	0	0	0	0	0	0
Travis_d'Arnaud	2	2	0	0	0	0	0	0	1	0	0	0	0	0	0	0	0	0
Alejandro_De_Aza	2	2	1	0	0	1	1	0	0	0.5	0.5	2	2.5	0	0	0	0	0
Adam_Duvall	2	2	1	0	0	1	1	0	1	0.5	0.5	2	2.5	0	0	0	0	0
Ryan_Goins	2	1	0	0	0	0	0	1	0	0	0.5	0	0.5	0	0	0	0	0
Marwin_Gonzalez	2	2	1	0	0	1	2	0	1	0.5	0.5	2	2.5	0	0	0	0	0
Alex_Gordon	2	1	0	0	0	0	0	1	0	0	0.5	0	0.5	0	0	0	0	0
Elian_Herrera	2	1	0	0	0	0	0	1	1	0	0.5	0	0.5	0	0	0	0	0
Chris_Herrmann	2	2	0	0	0	0	0	0	1	0	0	0	0	0	0	0	0	0
Jeff_Locke	2	1	0	0	0	0	0	0	0	0	0	0	0	1	0	0	0	0
Kyle_Lohse	2	2	1	0	0	0	0	0	0	0.5	0.5	0.5	1	0	0	0	0	0
Jake_Marisnick	2	2	0	0	0	0	0	0	0	0	0	0	0	0	0	0	0	1
Ketel_Marte	2	2	1	0	0	0	0	0	0	0.5	0.5	0.5	1	0	0	0	0	0
Leonys_Martin	2	2	0	0	0	0	0	0	2	0	0	0	0	0	0	0	0	0
Steven_Moya	2	2	2	0	1	0	0	0	0	1	1	2	3	0	0	0	0	0
Dioner_Navarro	2	2	0	0	0	0	0	0	1	0	0	0	0	0	0	0	0	0
Jordan_Pacheco	2	2	0	0	0	0	0	0	0	0	0	0	0	0	0	0	0	0
Gerardo_Parra	2	2	1	0	0	0	0	0	0	0.5	0.5	0.5	1	0	0	0	0	0
Jose_Peraza	2	2	2	0	0	0	0	0	0	1	1	1	2	0	0	0	0	0
Kevin_Pillar	2	2	0	0	0	0	0	0	0	0	0	0	0	0	0	0	0	0
Aramis_Ramirez	2	2	1	0	0	0	0	0	0	0.5	0.5	0.5	1	0	0	0	0	0
Rene_Rivera	2	2	0	0	0	0	0	0	0	0	0	0	0	0	0	0	0	0
Andrew_Romine	2	2	0	0	0	0	0	0	1	0	0	0	0	0	0	0	0	0
Domingo_Santana	2	2	0	0	0	0	0	0	1	0	0	0	0	0	0	0	0	0
Kyle_Seager	2	2	0	0	0	0	0	0	0	0	0	0	0	0	0	0	0	0
Jon_Singleton	2	1	0	0	0	0	0	1	0	0	0.5	0	0.5	0	0	0	0	0
Justin_Smoak	2	2	0	0	0	0	0	0	0	0	0	0	0	0	0	0	0	0
Eric_Sogard	2	2	1	0	0	0	0	0	0	0.5	0.5	0.5	1	0	0	0	0	0
Jung_Ho_Kang	1	1	0	0	0	0	0	0	1	0	0	0	0	0	0	0	0	0
Erik_Kratz	1	1	0	0	0	0	0	0	1	0	0	0	0	0	0	0	0	0
Logan_Schafer	1	1	0	0	0	0	0	0	0	0	0	0	0	0	0	0	0	0
George_Springer	1	1	0	0	0	0	0	0	1	0	0	0	0	0	0	0	0	0
