Alex_Gordon	59	52	14	3	0	0	2	5	17	0.269	0.345	0.327	0.672	1	0	0	1	0
Alcides_Escobar	54	52	20	2	0	1	1	2	7	0.385	0.407	0.481	0.888	0	0	1	0	3
Billy_Butler	50	45	17	5	0	3	10	4	8	0.378	0.42	0.689	1.109	0	1	2	0	1
Torii_Hunter	46	45	13	3	1	3	7	1	16	0.289	0.304	0.6	0.904	0	0	0	0	0
Carlos_Santana	45	40	12	1	0	1	9	5	7	0.3	0.378	0.4	0.778	0	0	0	0	1
Salvador_Perez	44	43	12	3	0	0	3	1	7	0.279	0.295	0.349	0.644	0	0	0	0	3
Trevor_Plouffe	44	40	13	2	0	0	2	4	13	0.325	0.386	0.375	0.761	0	0	0	0	3
Lorenzo_Cain	43	43	15	3	0	3	7	0	8	0.349	0.349	0.628	0.977	0	0	0	0	1
Miguel_Cabrera	42	33	8	0	0	2	4	9	12	0.242	0.405	0.424	0.829	0	0	2	0	2
Asdrubal_Cabrera	41	38	10	4	0	2	9	2	7	0.263	0.293	0.526	0.819	0	1	0	0	1
Brian_Dozier	41	38	11	4	0	3	11	2	11	0.289	0.341	0.632	0.973	0	0	0	1	0
Ryan_Raburn	41	36	11	3	0	4	7	5	12	0.306	0.39	0.722	1.112	0	0	0	0	1
Joe_Mauer	40	39	8	2	0	0	3	1	10	0.205	0.225	0.256	0.481	0	0	0	0	2
Victor_Martinez	38	34	16	3	0	4	9	2	5	0.471	0.5	0.912	1.412	0	1	1	1	2
Michael_Brantley	35	33	6	2	0	0	3	1	12	0.182	0.229	0.242	0.471	0	0	0	1	0
Austin_Jackson	35	33	2	1	0	0	2	2	15	0.061	0.114	0.091	0.205	0	0	0	0	3
Eric_Hosmer	34	33	10	1	0	0	1	1	8	0.303	0.324	0.333	0.657	0	0	0	0	0
Mike_Aviles	33	31	5	0	0	1	2	2	3	0.161	0.212	0.258	0.47	0	0	0	0	1
Ian_Kinsler	33	27	6	0	0	2	4	5	5	0.222	0.364	0.444	0.808	0	0	0	1	1
Josh_Willingham	31	26	5	1	0	0	3	5	13	0.192	0.323	0.231	0.553	0	0	1	0	1
Prince_Fielder	30	28	5	1	0	0	1	1	9	0.179	0.233	0.214	0.448	0	0	0	1	1
Kurt_Suzuki	30	25	8	2	0	0	6	2	4	0.32	0.4	0.4	0.8	0	1	0	2	0
Rajai_Davis	29	27	8	3	1	0	1	2	4	0.296	0.345	0.481	0.826	0	0	0	0	0
Mike_Moustakas	27	25	7	1	0	0	0	1	7	0.28	0.333	0.32	0.653	0	0	0	1	0
Omar_Infante	26	26	4	1	0	0	0	0	2	0.154	0.154	0.192	0.346	0	0	0	0	1
Elvis_Andrus	25	23	2	0	0	0	0	2	7	0.087	0.16	0.087	0.247	0	0	0	0	0
Jeff_Francoeur	25	21	3	0	0	1	2	3	2	0.143	0.28	0.286	0.566	0	0	2	1	2
Yan_Gomes	25	24	6	2	0	1	1	0	5	0.25	0.28	0.458	0.738	0	0	0	1	0
J.D._Martinez	25	22	6	2	0	1	1	3	12	0.273	0.36	0.5	0.86	0	0	0	0	0
Brayan_Pena	24	24	2	1	0	0	1	0	6	0.083	0.083	0.125	0.208	0	0	0	0	2
Jhonny_Peralta	24	21	4	2	0	0	1	3	8	0.19	0.292	0.286	0.577	0	0	0	0	1
Shin-Soo_Choo	23	19	1	0	0	0	0	3	10	0.053	0.217	0.053	0.27	0	0	0	1	0
Chris_Getz	23	21	6	0	0	0	1	0	5	0.286	0.286	0.286	0.571	2	0	0	0	1
Jason_Kipnis	22	20	5	2	0	0	2	1	5	0.25	0.286	0.35	0.636	1	0	0	0	1
Eduardo_Nunez	21	21	4	3	0	1	2	0	4	0.19	0.19	0.476	0.667	0	0	0	0	0
Robinson_Cano	20	19	6	3	0	0	0	1	6	0.316	0.35	0.474	0.824	0	0	0	0	0
Mike_Napoli	20	18	3	0	1	1	4	2	7	0.167	0.25	0.444	0.694	0	0	0	0	1
Nick_Swisher	20	17	5	1	0	2	4	2	5	0.294	0.4	0.706	1.106	0	0	0	1	0
Jose_Altuve	19	18	6	1	0	0	1	0	4	0.333	0.368	0.389	0.757	0	0	0	1	0
Eduardo_Escobar	19	19	6	2	0	0	3	0	5	0.316	0.316	0.421	0.737	0	0	0	0	0
Evan_Longoria	19	18	1	0	0	0	1	1	8	0.056	0.105	0.056	0.161	0	0	0	0	0
Jose_Ramirez	19	14	5	0	0	0	1	4	1	0.357	0.474	0.357	0.831	0	1	0	0	1
Mark_Reynolds	19	19	4	0	0	1	6	0	6	0.211	0.211	0.368	0.579	0	0	0	0	0
Adam_Rosales	19	17	7	0	0	3	6	1	6	0.412	0.421	0.941	1.362	0	1	0	0	1
Danny_Santana	19	19	3	1	0	0	1	0	6	0.158	0.158	0.211	0.368	0	0	0	0	0
Mike_Trout	19	16	5	1	0	1	4	3	3	0.313	0.421	0.563	0.984	0	0	0	0	0
Adrian_Beltre	18	16	5	0	0	1	1	2	4	0.313	0.389	0.5	0.889	0	0	1	0	0
Nick_Castellanos	18	16	1	0	0	0	1	1	10	0.063	0.111	0.063	0.174	0	1	0	0	0
Nelson_Cruz	18	16	7	0	0	2	4	2	3	0.438	0.5	0.813	1.313	0	0	0	0	0
Albert_Pujols	18	18	2	1	0	1	1	0	5	0.111	0.111	0.333	0.444	0	0	0	0	0
Delmon_Young	18	18	6	2	0	1	3	0	5	0.333	0.333	0.611	0.944	0	0	0	0	0
Yoenis_Cespedes	17	15	3	0	0	0	1	1	7	0.2	0.294	0.2	0.494	0	0	0	1	0
Josh_Donaldson	17	15	3	0	0	2	6	0	2	0.2	0.235	0.6	0.835	0	1	0	1	1
Francisco_Lindor	17	16	8	1	0	1	2	1	2	0.5	0.529	0.75	1.279	0	0	0	0	0
Jed_Lowrie	17	17	7	0	0	0	2	0	4	0.412	0.412	0.412	0.824	0	0	0	0	0
Brendan_Ryan	17	17	1	1	0	0	0	0	6	0.059	0.059	0.118	0.176	0	0	0	0	0
Coco_Crisp	16	14	1	0	0	0	0	2	4	0.071	0.188	0.071	0.259	0	0	0	0	0
Josh_Hamilton	16	14	3	0	0	0	1	1	5	0.214	0.25	0.214	0.464	0	1	0	0	0
Jonny_Gomes	15	14	2	0	0	1	1	0	4	0.143	0.2	0.357	0.557	0	0	0	1	0
Adam_Jones	15	13	4	0	0	1	2	2	5	0.308	0.4	0.538	0.938	0	0	0	0	1
Mark_Trumbo	15	14	5	2	0	1	3	1	5	0.357	0.4	0.714	1.114	0	0	0	0	0
Danny_Valencia	15	14	2	0	0	0	2	0	4	0.143	0.2	0.143	0.343	0	0	0	1	1
Dustin_Ackley	14	13	2	0	0	0	0	1	6	0.154	0.214	0.154	0.368	0	0	0	0	0
Chase_Headley	14	13	5	1	0	2	2	1	2	0.385	0.429	0.923	1.352	0	0	0	0	0
Desmond_Jennings	14	13	2	0	0	0	1	1	3	0.154	0.214	0.154	0.368	0	0	0	0	0
Nick_Markakis	14	11	4	1	0	0	3	1	1	0.364	0.5	0.455	0.955	0	0	0	2	2
Josh_Reddick	14	14	3	1	0	0	1	0	4	0.214	0.214	0.286	0.5	0	0	0	0	0
Ichiro_Suzuki	14	14	4	1	0	0	3	0	4	0.286	0.286	0.357	0.643	0	0	0	0	0
Matt_Tuiasosopo	14	14	4	0	0	1	2	0	6	0.286	0.286	0.5	0.786	0	0	0	0	0
Chris_Carter	13	13	2	1	0	1	1	0	7	0.154	0.154	0.462	0.615	0	0	0	0	0
Chris_Colabello	13	13	2	0	0	1	2	0	8	0.154	0.154	0.385	0.538	0	0	0	0	0
Edwin_Encarnacion	13	11	5	0	0	1	2	2	0	0.455	0.538	0.727	1.266	0	0	0	0	0
Craig_Gentry	13	11	2	0	0	0	0	0	2	0.182	0.308	0.182	0.49	0	0	0	2	0
Johnny_Giavotella	13	12	2	1	0	0	2	1	3	0.167	0.231	0.25	0.481	0	0	0	0	0
J.J._Hardy	13	12	3	0	0	1	1	1	3	0.25	0.308	0.5	0.808	0	0	0	0	0
Derek_Jeter	13	11	3	0	0	1	1	1	2	0.273	0.385	0.545	0.93	0	0	0	1	0
Jesus_Montero	13	13	3	0	0	1	1	0	5	0.231	0.231	0.462	0.692	0	0	0	0	0
David_Ortiz	13	13	5	1	0	0	2	0	2	0.385	0.385	0.462	0.846	0	0	0	0	0
Steve_Pearce	13	12	4	1	0	0	1	1	1	0.333	0.385	0.417	0.801	0	0	0	0	0
Sean_Rodriguez	13	12	1	0	0	0	0	1	10	0.083	0.154	0.083	0.237	0	0	0	0	0
Mark_Teixeira	13	13	4	3	0	0	1	0	2	0.308	0.308	0.538	0.846	0	0	0	0	0
Oswaldo_Arcia	12	9	1	0	0	0	1	2	3	0.111	0.333	0.111	0.444	0	0	0	1	0
Xander_Bogaerts	12	10	5	0	0	1	1	1	2	0.5	0.583	0.8	1.383	0	0	0	1	0
Alberto_Callaspo	12	11	0	0	0	0	0	1	1	0	0.083	0	0.083	0	0	0	0	1
Ryan_Doumit	12	12	4	2	0	0	0	0	1	0.333	0.333	0.5	0.833	0	0	0	0	1
Shelley_Duncan	12	11	2	1	0	0	0	1	5	0.182	0.25	0.273	0.523	0	0	0	0	1
Brett_Gardner	12	10	1	0	0	0	0	2	5	0.1	0.25	0.1	0.35	0	0	0	0	0
Aaron_Hicks	12	12	4	1	0	0	0	0	4	0.333	0.333	0.417	0.75	0	0	0	0	0
Howie_Kendrick	12	11	2	0	0	0	0	1	5	0.182	0.25	0.182	0.432	0	0	0	0	0
Justin_Morneau	12	12	3	0	0	0	0	0	3	0.25	0.25	0.25	0.5	0	0	0	0	0
Drew_Stubbs	12	11	4	0	0	0	0	1	7	0.364	0.417	0.364	0.78	0	0	0	0	0
Ben_Zobrist	12	11	6	1	0	0	1	0	3	0.545	0.583	0.636	1.22	0	0	0	1	0
Erick_Aybar	11	11	1	1	0	0	0	0	2	0.091	0.091	0.182	0.273	0	0	0	0	1
Jackie_Bradley	11	9	1	0	0	0	1	1	5	0.111	0.273	0.111	0.384	0	0	0	1	0
Melky_Cabrera	11	11	1	0	0	1	1	0	4	0.091	0.091	0.364	0.455	0	0	0	0	1
Starlin_Castro	11	11	2	0	0	0	0	0	4	0.182	0.182	0.182	0.364	0	0	0	0	0
Brandon_Guyer	11	7	1	0	0	0	0	2	3	0.143	0.455	0.143	0.597	0	0	0	2	0
Brock_Holt	11	11	1	0	0	0	2	0	5	0.091	0.091	0.091	0.182	0	0	0	0	0
Chris_Iannetta	11	11	1	0	0	0	1	0	4	0.091	0.091	0.091	0.182	0	0	0	0	1
Jose_Iglesias	11	11	4	0	0	0	0	0	1	0.364	0.364	0.364	0.727	0	0	0	0	0
Caleb_Joseph	11	9	2	1	0	0	0	1	3	0.222	0.3	0.333	0.633	1	0	0	0	0
Manny_Machado	11	9	3	0	0	0	0	2	3	0.333	0.455	0.333	0.788	0	0	0	0	0
Darin_Mastroianni	11	9	1	0	0	1	2	1	3	0.111	0.273	0.444	0.717	0	0	0	1	0
Derek_Norris	11	11	1	0	0	0	0	0	4	0.091	0.091	0.091	0.182	0	0	0	0	0
Shane_Robinson	11	11	4	0	0	0	3	0	1	0.364	0.364	0.364	0.727	0	0	0	0	0
Alex_Rodriguez	11	7	1	0	0	0	0	3	1	0.143	0.455	0.143	0.597	0	0	0	1	0
Ramon_Santiago	11	10	0	0	0	0	0	1	4	0	0.091	0	0.091	0	0	0	0	0
Denard_Span	11	11	3	0	1	0	1	0	2	0.273	0.273	0.455	0.727	0	0	0	0	0
Carlos_Beltran	10	9	2	0	0	1	3	1	1	0.222	0.3	0.556	0.856	0	0	0	0	0
Chris_Davis	10	10	1	0	0	0	0	0	2	0.1	0.1	0.1	0.2	0	0	0	0	0
Pedro_Florimon	10	9	3	0	0	0	0	0	0	0.333	0.333	0.333	0.667	1	0	0	0	0
Sam_Fuld	10	9	1	0	0	0	1	1	2	0.111	0.2	0.111	0.311	0	0	0	0	0
Mike_Morse	10	8	1	0	0	1	2	1	5	0.125	0.3	0.5	0.8	0	0	0	1	0
Michael_Saunders	10	10	3	2	0	0	0	0	3	0.3	0.3	0.5	0.8	0	0	0	0	0
Kyle_Seager	10	10	1	0	0	0	0	0	3	0.1	0.1	0.1	0.2	0	0	0	0	0
Justin_Smoak	10	7	1	0	0	0	0	3	1	0.143	0.4	0.143	0.543	0	0	0	0	2
Alfonso_Soriano	10	10	1	0	0	0	0	0	4	0.1	0.1	0.1	0.2	0	0	0	0	0
Brennan_Boesch	9	8	2	0	0	2	4	1	5	0.25	0.333	1	1.333	0	0	0	0	0
Jamey_Carroll	9	8	1	1	0	0	0	1	1	0.125	0.222	0.25	0.472	0	0	0	0	0
Lonnie_Chisenhall	9	9	1	0	0	0	1	0	3	0.111	0.111	0.111	0.222	0	0	0	0	0
Chris_Denorfia	9	8	1	0	0	0	0	1	2	0.125	0.222	0.125	0.347	0	0	0	0	0
Matt_Dominguez	9	9	1	0	0	0	0	0	3	0.111	0.111	0.111	0.222	0	0	0	0	0
Jason_Donald	9	9	1	0	0	0	0	0	4	0.111	0.111	0.111	0.222	0	0	0	0	0
Chone_Figgins	9	9	1	0	0	0	0	0	4	0.111	0.111	0.111	0.222	0	0	0	0	1
Nate_Freiman	9	9	2	0	0	0	0	0	2	0.222	0.222	0.222	0.444	0	0	0	0	0
Jose_Lobaton	9	7	3	0	0	1	2	2	1	0.429	0.556	0.857	1.413	0	0	0	0	0
Justin_Maxwell	9	9	0	0	0	0	0	0	3	0	0	0	0	0	0	0	0	0
Kendrys_Morales	9	9	3	1	0	1	3	0	3	0.333	0.333	0.778	1.111	0	0	0	0	0
Alex_Rios	9	9	3	0	0	0	0	0	2	0.333	0.333	0.333	0.667	0	0	0	0	0
J.P._Arencibia	8	6	1	0	0	0	0	1	4	0.167	0.375	0.167	0.542	0	0	1	1	0
Jose_Bautista	8	7	1	1	0	0	0	1	2	0.143	0.25	0.286	0.536	0	0	0	0	0
Peter_Bourjos	8	7	2	0	0	0	0	1	4	0.286	0.375	0.286	0.661	0	0	0	0	0
C.J._Cron	8	7	0	0	0	0	0	1	4	0	0.125	0	0.125	0	0	0	0	0
Logan_Forsythe	8	7	1	0	0	1	2	1	3	0.143	0.25	0.571	0.821	0	0	0	0	0
Franklin_Gutierrez	8	8	1	0	0	0	0	0	3	0.125	0.125	0.125	0.25	0	0	0	0	0
Bryan_Holaday	8	8	1	0	0	0	0	0	4	0.125	0.125	0.125	0.25	0	0	0	0	1
Lou_Marson	8	6	1	0	0	0	0	2	1	0.167	0.375	0.167	0.542	0	0	0	0	1
James_McCann	8	8	2	0	0	0	0	0	3	0.25	0.25	0.25	0.5	0	0	0	0	0
Mitch_Moreland	8	7	1	0	0	0	1	1	1	0.143	0.25	0.143	0.393	0	0	0	0	1
Miguel_Olivo	8	8	1	0	0	1	2	0	3	0.125	0.125	0.5	0.625	0	0	0	0	0
Hernan_Perez	8	8	1	0	0	0	0	0	4	0.125	0.125	0.125	0.25	0	0	0	0	0
Roberto_Perez	8	7	2	1	0	0	0	0	0	0.286	0.375	0.429	0.804	0	0	0	1	0
Jose_Reyes	8	8	2	0	0	0	0	0	1	0.25	0.25	0.25	0.5	0	0	0	0	0
Rene_Rivera	8	8	1	0	0	0	0	0	2	0.125	0.125	0.125	0.25	0	0	0	0	0
Ryan_Roberts	8	6	0	0	0	0	0	2	3	0	0.25	0	0.25	0	0	0	0	0
Pablo_Sandoval	8	7	0	0	0	0	1	0	4	0	0	0	0	0	1	0	0	0
Miguel_Sano	8	8	5	0	0	0	1	0	3	0.625	0.625	0.625	1.25	0	0	0	0	0
Jonathan_Schoop	8	8	2	0	0	0	0	0	3	0.25	0.25	0.25	0.5	0	0	0	0	1
Geovany_Soto	8	8	1	0	0	0	0	0	5	0.125	0.125	0.125	0.25	0	0	0	0	0
George_Springer	8	8	2	1	0	0	0	0	1	0.25	0.25	0.375	0.625	0	0	0	0	0
Juan_Uribe	8	7	3	1	0	0	2	1	1	0.429	0.5	0.571	1.071	0	0	0	0	0
Kennys_Vargas	8	8	2	1	0	0	2	0	4	0.25	0.25	0.375	0.625	0	0	0	0	0
Vernon_Wells	8	7	1	0	0	0	0	1	0	0.143	0.25	0.143	0.393	0	0	0	0	0
Chris_Young	8	8	1	0	0	0	0	0	1	0.125	0.125	0.125	0.25	0	0	0	0	0
Robert_Andino	7	5	2	2	0	0	0	2	1	0.4	0.571	0.8	1.371	0	0	0	0	0
Brandon_Barnes	7	7	1	0	0	0	0	0	6	0.143	0.143	0.143	0.286	0	0	0	0	0
Mookie_Betts	7	7	3	2	0	0	0	0	1	0.429	0.429	0.714	1.143	0	0	0	0	0
Byron_Buxton	7	7	0	0	0	0	0	0	6	0	0	0	0	0	0	0	0	0
Everth_Cabrera	7	7	1	0	0	0	0	0	4	0.143	0.143	0.143	0.286	0	0	0	0	0
Kole_Calhoun	7	5	0	0	0	0	0	0	0	0	0.286	0	0.286	0	0	0	2	0
Carlos_Correa	7	7	1	0	0	0	1	0	1	0.143	0.143	0.143	0.286	0	0	0	0	0
Jarrod_Dyson	7	5	1	0	0	0	0	1	1	0.2	0.333	0.2	0.533	1	0	0	0	0
Jacoby_Ellsbury	7	6	0	0	0	0	0	0	5	0	0.143	0	0.143	0	0	0	1	0
Yunel_Escobar	7	7	2	0	0	0	0	0	0	0.286	0.286	0.286	0.571	0	0	0	0	0
Dexter_Fowler	7	7	1	0	0	0	0	0	1	0.143	0.143	0.143	0.286	0	0	0	0	0
Travis_Hafner	7	7	2	0	0	1	1	0	2	0.286	0.286	0.714	1	0	0	0	0	0
Corey_Hart	7	6	0	0	0	0	1	0	2	0	0	0	0	0	1	0	0	0
Chris_Johnson	7	6	2	1	0	0	0	1	4	0.333	0.429	0.5	0.929	0	0	0	0	0
Gerald_Laird	7	5	3	1	0	1	1	2	0	0.6	0.714	1.4	2.114	0	0	0	0	0
Leonys_Martin	7	6	0	0	0	0	0	0	5	0	0.143	0	0.143	0	0	0	1	0
Russell_Martin	7	7	0	0	0	0	0	0	3	0	0	0	0	0	0	0	0	0
Hunter_Pence	7	7	2	0	1	0	0	0	4	0.286	0.286	0.571	0.857	0	0	0	0	0
Cliff_Pennington	7	7	3	1	0	0	0	0	0	0.429	0.429	0.571	1	0	0	0	0	0
Buster_Posey	7	6	2	0	0	0	1	0	0	0.333	0.429	0.333	0.762	0	0	0	1	0
Anthony_Rizzo	7	5	2	0	0	0	0	1	3	0.4	0.571	0.4	0.971	0	0	0	1	0
Austin_Romine	7	7	1	0	0	0	0	0	4	0.143	0.143	0.143	0.286	0	0	0	0	0
Yorvit_Torrealba	7	6	2	1	0	0	0	1	1	0.333	0.429	0.5	0.929	0	0	0	0	1
Melvin_Upton	7	6	1	0	0	0	1	1	5	0.167	0.286	0.167	0.452	0	0	0	0	0
Jonathan_Villar	7	7	2	0	0	0	0	0	5	0.286	0.286	0.286	0.571	0	0	0	0	0
Michael_Young	7	7	1	0	0	0	0	0	0	0.143	0.143	0.143	0.286	0	0	0	0	1
Tony_Abreu	6	6	2	1	0	0	0	0	1	0.333	0.333	0.5	0.833	0	0	0	0	0
Abraham_Almonte	6	6	1	0	0	0	0	0	1	0.167	0.167	0.167	0.333	0	0	0	0	0
Nori_Aoki	6	6	3	1	0	0	0	0	0	0.5	0.5	0.667	1.167	0	0	0	0	0
Alex_Avila	6	6	1	0	0	0	0	0	1	0.167	0.167	0.167	0.333	0	0	0	0	0
Jeff_Baker	6	6	2	0	0	2	3	0	1	0.333	0.333	1.333	1.667	0	0	0	0	1
Tim_Beckham	6	6	0	0	0	0	0	0	3	0	0	0	0	0	0	0	0	0
Yuniesky_Betancourt	6	6	0	0	0	0	0	0	1	0	0	0	0	0	0	0	0	1
Gregor_Blanco	6	5	3	0	0	0	0	1	2	0.6	0.667	0.6	1.267	0	0	0	0	0
Emilio_Bonifacio	6	3	1	0	0	0	1	2	1	0.333	0.667	0.333	1	0	0	0	1	0
Ryan_Braun	6	5	1	0	0	0	1	1	1	0.2	0.333	0.2	0.533	0	0	0	0	0
Kris_Bryant	6	6	0	0	0	0	0	0	6	0	0	0	0	0	0	0	0	0
Rusney_Castillo	6	6	2	0	0	0	0	0	1	0.333	0.333	0.333	0.667	0	0	0	0	0
Carlos_Corporan	6	6	1	0	0	0	0	0	3	0.167	0.167	0.167	0.333	0	0	0	0	0
Collin_Cowgill	6	6	0	0	0	0	0	0	2	0	0	0	0	0	0	0	0	0
Michael_Cuddyer	6	6	2	1	0	0	0	0	2	0.333	0.333	0.5	0.833	0	0	0	0	0
Khris_Davis	6	6	0	0	0	0	0	0	4	0	0	0	0	0	0	0	0	0
Jake_Elmore	6	6	2	0	0	0	0	0	1	0.333	0.333	0.333	0.667	0	0	0	0	0
Joey_Gallo	6	6	0	0	0	0	0	0	6	0	0	0	0	0	0	0	0	0
Evan_Gattis	6	6	2	0	0	1	1	0	2	0.333	0.333	0.833	1.167	0	0	0	0	0
Carlos_Gomez	6	6	1	0	0	0	0	0	1	0.167	0.167	0.167	0.333	0	0	0	0	0
Marwin_Gonzalez	6	6	0	0	0	0	0	0	2	0	0	0	0	0	0	0	0	0
Elian_Herrera	6	6	2	1	0	1	2	0	2	0.333	0.333	1	1.333	0	0	0	0	0
Maicer_Izturis	6	6	1	0	0	0	0	0	0	0.167	0.167	0.167	0.333	0	0	0	0	0
Luis_Jimenez	6	6	1	0	0	0	0	0	1	0.167	0.167	0.167	0.333	0	0	0	0	1
Elliot_Johnson	6	6	1	1	0	0	0	0	1	0.167	0.167	0.333	0.5	0	0	0	0	0
Kelly_Johnson	6	6	2	2	0	0	1	0	2	0.333	0.333	0.667	1	0	0	0	0	0
Alex_Liddi	6	5	1	0	0	0	0	1	3	0.2	0.333	0.2	0.533	0	0	0	0	0
Martin_Maldonado	6	6	1	0	0	0	0	0	4	0.167	0.167	0.167	0.333	0	0	0	0	0
Jake_Marisnick	6	6	0	0	0	0	0	0	3	0	0	0	0	0	0	0	0	0
Jose_Molina	6	5	0	0	0	0	0	1	2	0	0.167	0	0.167	0	0	0	0	0
Brandon_Moss	6	5	1	0	0	0	0	1	3	0.2	0.333	0.2	0.533	0	0	0	0	0
Jayson_Nix	6	6	1	1	0	0	0	0	4	0.167	0.167	0.333	0.5	0	0	0	0	0
Paulo_Orlando	6	6	2	0	0	1	2	0	1	0.333	0.333	0.833	1.167	0	0	0	0	0
Jimmy_Paredes	6	6	0	0	0	0	0	0	4	0	0	0	0	0	0	0	0	0
Dustin_Pedroia	6	6	0	0	0	0	0	0	0	0	0	0	0	0	0	0	0	0
Kevin_Pillar	6	6	1	0	0	0	0	0	0	0.167	0.167	0.167	0.333	0	0	0	0	0
Hanley_Ramirez	6	6	1	0	0	0	1	0	3	0.167	0.167	0.167	0.333	0	0	0	0	0
Brian_Roberts	6	4	1	1	0	0	2	2	0	0.25	0.5	0.5	1	0	0	0	0	0
Addison_Russell	6	6	1	0	0	0	0	0	3	0.167	0.167	0.167	0.333	0	0	0	0	0
Luke_Scott	6	4	1	1	0	0	1	1	2	0.25	0.5	0.5	1	0	0	0	1	0
Jorge_Soler	6	5	0	0	0	0	0	1	1	0	0.167	0	0.167	0	0	0	0	0
Steven_Souza	6	5	0	0	0	0	0	1	3	0	0.167	0	0.167	0	0	0	0	0
Blake_Swihart	6	5	2	0	0	0	0	0	0	0.4	0.5	0.4	0.9	0	0	0	1	0
Clete_Thomas	6	5	1	0	0	0	0	1	2	0.2	0.333	0.2	0.533	0	0	0	0	0
Giovanny_Urshela	6	6	1	1	0	0	1	0	1	0.167	0.167	0.333	0.5	0	0	0	0	0
Jemile_Weeks	6	6	1	0	0	0	0	0	3	0.167	0.167	0.167	0.333	0	0	0	0	0
Daric_Barton	5	4	1	0	0	0	0	1	0	0.25	0.4	0.25	0.65	0	0	0	0	0
Willie_Bloomquist	5	5	2	0	0	0	0	0	1	0.4	0.4	0.4	0.8	0	0	0	0	0
Michael_Bourn	5	5	0	0	0	0	0	0	3	0	0	0	0	0	0	0	0	0
Marlon_Byrd	5	4	1	0	0	0	1	0	3	0.25	0.2	0.25	0.45	0	1	0	0	0
Matt_Carson	5	5	3	0	0	1	2	0	0	0.6	0.6	1.2	1.8	0	0	0	0	0
Robinson_Chirinos	5	5	0	0	0	0	0	0	3	0	0	0	0	0	0	0	0	0
Hank_Conger	5	4	0	0	0	0	0	1	3	0	0.2	0	0.2	0	0	0	0	0
Trevor_Crowe	5	4	1	0	0	0	0	1	3	0.25	0.4	0.25	0.65	0	0	0	0	0
Johnny_Damon	5	5	0	0	0	0	0	0	2	0	0	0	0	0	0	0	0	0
Chris_Gimenez	5	4	2	0	0	1	1	1	2	0.5	0.6	1.25	1.85	0	0	0	0	0
Kila_Ka'aihue	5	5	1	0	0	0	0	0	1	0.2	0.2	0.2	0.4	0	0	0	0	0
Munenori_Kawasaki	5	5	0	0	0	0	1	0	1	0	0	0	0	0	0	0	0	0
John_Ryan_Murphy	5	5	1	0	0	0	0	0	2	0.2	0.2	0.2	0.4	0	0	0	0	0
Ben_Revere	5	4	0	0	0	0	1	0	0	0	0	0	0	0	1	0	0	0
Andrew_Romine	5	5	0	0	0	0	0	0	1	0	0	0	0	0	0	0	0	0
Eddie_Rosario	5	5	4	0	0	0	1	0	0	0.8	0.8	0.8	1.6	0	0	0	0	0
Eugenio_Suarez	5	4	0	0	0	0	0	0	3	0	0.2	0	0.2	0	0	0	1	0
Zach_Walters	5	5	1	0	0	0	0	0	0	0.2	0.2	0.2	0.4	0	0	0	0	0
Matt_Wieters	5	5	1	1	0	0	2	0	2	0.2	0.2	0.4	0.6	0	0	0	0	1
Eric_Young	5	4	1	1	0	0	0	1	1	0.25	0.4	0.5	0.9	0	0	0	0	0
Jesus_Aguilar	4	4	1	0	0	0	1	0	1	0.25	0.25	0.25	0.5	0	0	0	0	0
Hanser_Alberto	4	4	1	0	0	0	0	0	3	0.25	0.25	0.25	0.5	0	0	0	0	0
Joaquin_Arias	4	4	1	0	0	0	0	0	0	0.25	0.25	0.25	0.5	0	0	0	0	0
Brian_Bixler	4	4	1	0	0	0	0	0	2	0.25	0.25	0.25	0.5	0	0	0	0	0
Jason_Bourgeois	4	4	1	0	0	0	0	0	0	0.25	0.25	0.25	0.5	0	0	0	0	0
Billy_Burns	4	4	1	0	0	0	0	0	0	0.25	0.25	0.25	0.5	0	0	0	0	0
Ezequiel_Carrera	4	4	1	0	0	0	0	0	1	0.25	0.25	0.25	0.5	0	0	0	0	0
Aaron_Cunningham	4	4	1	0	0	0	0	0	2	0.25	0.25	0.25	0.5	0	0	0	0	0
Kosuke_Fukudome	4	4	1	0	0	0	0	0	1	0.25	0.25	0.25	0.5	0	0	0	0	0
Dee_Gordon	4	3	1	0	0	0	0	1	0	0.333	0.5	0.333	0.833	0	0	0	0	0
Curtis_Granderson	4	4	0	0	0	0	0	0	2	0	0	0	0	0	0	0	0	0
Randal_Grichuk	4	4	3	1	0	1	1	0	1	0.75	0.75	1.75	2.5	0	0	0	0	0
Robbie_Grossman	4	4	0	0	0	0	0	0	2	0	0	0	0	0	0	0	0	0
Carlos_Guillen	4	4	1	0	0	0	1	0	0	0.25	0.25	0.25	0.5	0	0	0	0	0
Jonathan_Herrera	4	3	1	1	0	0	1	1	0	0.333	0.5	0.667	1.167	0	0	0	0	0
L.J._Hoes	4	3	0	0	0	0	0	1	2	0	0.25	0	0.25	0	0	0	0	0
Brandon_Inge	4	4	0	0	0	0	0	0	2	0	0	0	0	0	0	0	0	0
Andruw_Jones	4	2	0	0	0	0	0	2	1	0	0.5	0	0.5	0	0	0	0	0
James_Jones	4	4	0	0	0	0	0	0	3	0	0	0	0	0	0	0	0	0
Kevin_Kiermaier	4	4	2	0	0	0	1	0	1	0.5	0.5	0.5	1	0	0	0	0	0
Jason_Kubel	4	3	1	1	0	0	0	1	1	0.333	0.5	0.667	1.167	0	0	0	0	0
David_Lough	4	4	0	0	0	0	0	0	3	0	0	0	0	0	0	0	0	0
Hideki_Matsui	4	4	2	0	0	0	0	0	1	0.5	0.5	0.5	1	0	0	0	0	1
Miguel_Montero	4	4	0	0	0	0	0	0	4	0	0	0	0	0	0	0	0	0
Daniel_Nava	4	4	0	0	0	0	0	0	2	0	0	0	0	0	0	0	0	0
Dioner_Navarro	4	3	0	0	0	0	0	1	1	0	0.25	0	0.25	0	0	0	0	0
Angel_Pagan	4	4	1	0	0	0	0	0	1	0.25	0.25	0.25	0.5	0	0	0	0	0
Aramis_Ramirez	4	4	1	1	0	0	0	0	1	0.25	0.25	0.5	0.75	0	0	0	0	0
Colby_Rasmus	4	1	0	0	0	0	0	2	1	0	0.667	0	0.667	1	0	0	0	0
Will_Rhymes	4	4	0	0	0	0	0	0	2	0	0	0	0	0	0	0	0	0
Juan_Rivera	4	4	0	0	0	0	0	0	0	0	0	0	0	0	0	0	0	0
Josh_Rutledge	4	3	2	0	0	0	0	0	0	0.667	0.75	0.667	1.417	0	0	0	1	0
Gary_Sanchez	4	4	0	0	0	0	0	0	1	0	0	0	0	0	0	0	0	0
Jerry_Sands	4	4	1	0	0	0	0	0	2	0.25	0.25	0.25	0.5	0	0	0	0	0
Jean_Segura	4	4	1	0	1	0	0	0	2	0.25	0.25	0.75	1	0	0	0	0	0
Eric_Sogard	4	4	0	0	0	0	0	0	1	0	0	0	0	0	0	0	0	0
Drew_Sutton	4	4	1	0	0	1	2	0	3	0.25	0.25	1	1.25	0	0	0	0	0
Jim_Thome	4	4	0	0	0	0	0	0	2	0	0	0	0	0	0	0	0	0
Steven_Tolleson	4	4	1	0	0	0	0	0	2	0.25	0.25	0.25	0.5	0	0	0	0	0
Troy_Tulowitzki	4	3	0	0	0	0	0	1	1	0	0.25	0	0.25	0	0	0	0	0
Luis_Valbuena	4	4	1	0	0	0	0	0	2	0.25	0.25	0.25	0.5	0	0	0	0	0
Shane_Victorino	4	4	1	0	1	0	0	0	2	0.25	0.25	0.75	1	0	0	0	0	0
Casper_Wells	4	3	1	1	0	0	0	1	2	0.333	0.5	0.667	1.167	0	0	0	0	0
Tyler_White	4	4	0	0	0	0	0	0	3	0	0	0	0	0	0	0	0	0
David_Adams	3	3	0	0	0	0	0	0	1	0	0	0	0	0	0	0	0	0
Ehire_Adrianza	3	3	1	0	0	0	0	0	0	0.333	0.333	0.333	0.667	0	0	0	0	0
Yonder_Alonso	3	3	0	0	0	0	0	0	2	0	0	0	0	0	0	0	0	0
Darwin_Barney	3	3	1	0	0	0	0	0	0	0.333	0.333	0.333	0.667	0	0	0	0	0
Jason_Bay	3	2	0	0	0	0	0	1	1	0	0.333	0	0.333	0	0	0	0	0
Lance_Berkman	3	3	1	0	0	0	0	0	0	0.333	0.333	0.333	0.667	0	0	0	0	0
Wilson_Betemit	3	2	0	0	0	0	0	1	2	0	0.333	0	0.333	0	0	0	0	0
Henry_Blanco	3	3	0	0	0	0	0	0	0	0	0	0	0	0	0	0	0	1
Brian_Bogusevic	3	3	0	0	0	0	0	0	1	0	0	0	0	0	0	0	0	0
Andrew_Brown	3	3	1	0	0	1	1	0	1	0.333	0.333	1.333	1.667	0	0	0	0	1
John_Buck	3	3	1	0	0	0	0	0	2	0.333	0.333	0.333	0.667	0	0	0	0	0
Joey_Butler	3	2	0	0	0	0	0	1	1	0	0.333	0	0.333	0	0	0	0	0
Mark_Canha	3	3	0	0	0	0	0	0	2	0	0	0	0	0	0	0	0	0
Russ_Canzler	3	3	1	0	0	1	2	0	0	0.333	0.333	1.333	1.667	0	0	0	0	0
Curt_Casali	3	3	0	0	0	0	0	0	2	0	0	0	0	0	0	0	0	0
Ronny_Cedeno	3	3	0	0	0	0	0	0	0	0	0	0	0	0	0	0	0	0
Francisco_Cervelli	3	2	0	0	0	0	0	1	2	0	0.333	0	0.333	0	0	0	0	0
Cody_Clark	3	2	0	0	0	0	0	1	0	0	0.333	0	0.333	0	0	0	0	0
Christian_Colon	3	3	1	0	0	0	0	0	1	0.333	0.333	0.333	0.667	0	0	0	0	0
Brandon_Crawford	3	2	0	0	0	0	0	1	1	0	0.333	0	0.333	0	0	0	0	0
Delino_DeShields	3	3	2	1	0	0	0	0	1	0.667	0.667	1	1.667	0	0	0	0	0
Matt_Downs	3	3	0	0	0	0	0	0	1	0	0	0	0	0	0	0	0	0
Adam_Duvall	3	3	1	0	0	0	0	0	2	0.333	0.333	0.333	0.667	0	0	0	0	0
A.J._Ellis	3	3	1	0	0	0	0	0	1	0.333	0.333	0.333	0.667	0	0	0	0	0
Andre_Ethier	3	3	1	0	0	0	0	0	0	0.333	0.333	0.333	0.667	0	0	0	0	0
Taylor_Featherston	3	3	0	0	0	0	0	0	1	0	0	0	0	0	0	0	0	0
Nick_Franklin	3	3	0	0	0	0	0	0	3	0	0	0	0	0	0	0	0	0
David_Freese	3	3	1	0	0	0	0	0	0	0.333	0.333	0.333	0.667	0	0	0	0	1
Avisail_Garcia	3	3	1	0	0	0	0	0	1	0.333	0.333	0.333	0.667	0	0	0	0	0
Brad_Glenn	3	3	0	0	0	0	0	0	1	0	0	0	0	0	0	0	0	0
Hector_Gomez	3	3	0	0	0	0	0	0	1	0	0	0	0	0	0	0	0	0
Adrian_Gonzalez	3	3	0	0	0	0	0	0	1	0	0	0	0	0	0	0	0	0
Anthony_Gose	3	2	1	1	0	0	0	0	0	0.5	0.667	1	1.667	0	0	0	1	1
Tony_Gwynn	3	3	0	0	0	0	0	0	2	0	0	0	0	0	0	0	0	0
Jedd_Gyorko	3	3	0	0	0	0	0	0	0	0	0	0	0	0	0	0	0	1
Jerry_Hairston	3	0	0	0	0	0	0	3	0	0	1	0	0	0	0	0	0	0
Brendan_Harris	3	3	0	0	0	0	0	0	2	0	0	0	0	0	0	0	0	0
Brett_Hayes	3	3	1	0	0	0	0	0	1	0.333	0.333	0.333	0.667	0	0	0	0	0
Chris_Herrmann	3	3	0	0	0	0	0	0	0	0	0	0	0	0	0	0	0	0
Jason_Heyward	3	2	0	0	0	0	0	1	1	0	0.333	0	0.333	0	0	0	0	0
Brandon_Hicks	3	3	0	0	0	0	0	0	2	0	0	0	0	0	0	0	0	1
Tyler_Holt	3	3	2	0	0	0	0	0	0	0.667	0.667	0.667	1.333	0	0	0	0	0
Cesar_Izturis	3	3	0	0	0	0	0	0	1	0	0	0	0	0	0	0	0	1
Conor_Jackson	3	3	1	1	0	0	1	0	0	0.333	0.333	0.667	1	0	0	0	0	0
Don_Kelly	3	3	0	0	0	0	0	0	1	0	0	0	0	0	0	0	0	0
Tony_Kemp	3	3	0	0	0	0	0	0	0	0	0	0	0	0	0	0	0	0
Pete_Kozma	3	3	1	0	0	0	0	0	1	0.333	0.333	0.333	0.667	0	0	0	0	0
Juan_Lagares	3	3	0	0	0	0	0	0	1	0	0	0	0	0	0	0	0	0
Brett_Lawrie	3	3	0	0	0	0	0	0	2	0	0	0	0	0	0	0	0	0
Felipe_Lopez	3	3	1	0	0	1	1	0	0	0.333	0.333	1.333	1.667	0	0	0	0	0
Jose_Lopez	3	3	0	0	0	0	0	0	1	0	0	0	0	0	0	0	0	0
Dixon_Machado	3	3	1	0	0	0	0	0	0	0.333	0.333	0.333	0.667	0	0	0	0	0
Mikie_Mahtook	3	3	1	0	0	1	1	0	2	0.333	0.333	1.333	1.667	0	0	0	0	0
Jefry_Marte	3	3	1	0	0	1	1	0	0	0.333	0.333	1.333	1.667	0	0	0	0	0
Ketel_Marte	3	3	0	0	0	0	0	0	1	0	0	0	0	0	0	0	0	0
Casey_McGehee	3	3	0	0	0	0	0	0	2	0	0	0	0	0	0	0	0	0
Tommy_Medica	3	3	1	0	0	0	0	0	1	0.333	0.333	0.333	0.667	0	0	0	0	0
Yadier_Molina	3	3	0	0	0	0	0	0	1	0	0	0	0	0	0	0	0	0
Logan_Morrison	3	3	1	0	0	0	0	0	0	0.333	0.333	0.333	0.667	0	0	0	0	0
David_Murphy	3	3	0	0	0	0	0	0	1	0	0	0	0	0	0	0	0	0
Wil_Myers	3	3	1	0	0	0	0	0	1	0.333	0.333	0.333	0.667	0	0	0	0	0
Joe_Panik	3	3	1	0	0	0	0	0	1	0.333	0.333	0.333	0.667	0	0	0	0	0
Chris_Parmelee	3	3	0	0	0	0	0	0	2	0	0	0	0	0	0	0	0	0
Juan_Perez	3	3	1	0	0	0	0	0	1	0.333	0.333	0.333	0.667	0	0	0	0	0
A.J._Pierzynski	3	3	0	0	0	0	0	0	1	0	0	0	0	0	0	0	0	1
Jorge_Polanco	3	2	1	1	0	0	1	0	1	0.5	0.667	1	1.667	0	0	0	1	0
Martin_Prado	3	3	0	0	0	0	0	0	1	0	0	0	0	0	0	0	0	0
Carlos_Quentin	3	3	0	0	0	0	0	0	1	0	0	0	0	0	0	0	0	0
Omar_Quintanilla	3	3	0	0	0	0	0	0	1	0	0	0	0	0	0	0	0	0
Wilkin_Ramirez	3	2	1	0	0	0	0	1	1	0.5	0.667	0.5	1.167	0	0	0	0	0
Cody_Ransom	3	3	0	0	0	0	0	0	2	0	0	0	0	0	0	0	0	0
Rob_Refsnyder	3	3	1	0	0	0	0	0	1	0.333	0.333	0.333	0.667	0	0	0	0	0
Joey_Rickard	3	2	1	0	0	0	0	1	0	0.5	0.667	0.5	1.167	0	0	0	0	0
Jason_Rogers	3	3	0	0	0	0	0	0	1	0	0	0	0	0	0	0	0	0
David_Ross	3	1	0	0	0	0	0	2	1	0	0.667	0	0.667	0	0	0	0	0
Vinny_Rottino	3	3	0	0	0	0	0	0	1	0	0	0	0	0	0	0	0	0
Ryan_Rua	3	3	0	0	0	0	0	0	2	0	0	0	0	0	0	0	0	0
Josh_Satin	3	3	1	0	0	0	1	0	1	0.333	0.333	0.333	0.667	0	0	0	0	0
Xavier_Scruggs	3	3	0	0	0	0	0	0	2	0	0	0	0	0	0	0	0	0
Marcus_Semien	3	2	0	0	0	0	0	1	0	0	0.333	0	0.333	0	0	0	0	0
Richie_Shaffer	3	2	0	0	0	0	0	1	1	0	0.333	0	0.333	0	0	0	0	0
Travis_Shaw	3	3	0	0	0	0	0	0	1	0	0	0	0	0	0	0	0	0
Andrelton_Simmons	3	3	0	0	0	0	0	0	0	0	0	0	0	0	0	0	0	0
Jake_Smolinski	3	3	0	0	0	0	0	0	2	0	0	0	0	0	0	0	0	0
Chris_Snyder	3	3	0	0	0	0	0	0	0	0	0	0	0	0	0	0	0	0
Miguel_Tejada	3	3	1	0	0	0	0	0	1	0.333	0.333	0.333	0.667	0	0	0	0	0
Josh_Thole	3	3	0	0	0	0	0	0	1	0	0	0	0	0	0	0	0	0
Rich_Thompson	3	3	0	0	0	0	0	0	1	0	0	0	0	0	0	0	0	0
Ronald_Torreyes	3	3	0	0	0	0	0	0	0	0	0	0	0	0	0	0	0	0
Devon_Travis	3	3	0	0	0	0	0	0	1	0	0	0	0	0	0	0	0	0
Jordany_Valdespin	3	3	0	0	0	0	0	0	2	0	0	0	0	0	0	0	0	0
Christian_Vazquez	3	3	0	0	0	0	0	0	0	0	0	0	0	0	0	0	0	0
Stephen_Vogt	3	3	1	0	0	0	0	0	1	0.333	0.333	0.333	0.667	0	0	0	0	0
Brett_Wallace	3	3	0	0	0	0	0	0	1	0	0	0	0	0	0	0	0	0
Rickie_Weeks	3	3	1	1	0	0	0	0	0	0.333	0.333	0.667	1	0	0	0	0	0
Zelous_Wheeler	3	2	0	0	0	0	1	0	2	0	0.333	0	0.333	0	0	0	1	0
Josh_Wilson	3	3	2	1	0	0	0	0	0	0.667	0.667	1	1.667	0	0	0	0	0
Danny_Worth	3	2	1	0	0	0	0	1	0	0.5	0.667	0.5	1.167	0	0	0	0	0
David_Wright	3	2	0	0	0	0	0	1	2	0	0.333	0	0.333	0	0	0	0	0
Mike_Zunino	3	3	0	0	0	0	0	0	0	0	0	0	0	0	0	0	0	0
Jim_Adduci	2	2	0	0	0	0	0	0	0	0	0	0	0	0	0	0	0	0
Zoilo_Almonte	2	2	1	0	0	0	0	0	1	0.5	0.5	0.5	1	0	0	0	0	0
Josh_Bell	2	2	0	0	0	0	0	0	0	0	0	0	0	0	0	0	0	0
Roger_Bernadina	2	2	1	0	0	0	0	0	0	0.5	0.5	0.5	1	0	0	0	0	0
Charlie_Blackmon	2	2	2	0	0	0	0	0	0	1	1	1	2	0	0	0	0	0
Drew_Butera	2	2	0	0	0	0	0	0	1	0	0	0	0	0	0	0	0	0
Endy_Chavez	2	2	1	0	0	0	0	0	0	0.5	0.5	0.5	1	0	0	0	0	0
Carl_Crawford	2	2	0	0	0	0	0	0	1	0	0	0	0	0	0	0	0	0
David_DeJesus	2	2	0	0	0	0	0	0	1	0	0	0	0	0	0	0	0	0
Corey_Dickerson	2	2	0	0	0	0	0	0	0	0	0	0	0	0	0	0	0	0
Andy_Dirks	2	2	0	0	0	0	0	0	0	0	0	0	0	0	0	0	0	0
Irving_Falu	2	2	1	0	0	0	0	0	0	0.5	0.5	0.5	1	0	0	0	0	0
Mike_Fiers	2	2	0	0	0	0	0	0	1	0	0	0	0	0	0	0	0	0
Lew_Ford	2	2	1	0	0	1	1	0	1	0.5	0.5	2	2.5	0	0	0	0	0
Ben_Francisco	2	2	1	0	0	0	0	0	0	0.5	0.5	0.5	1	0	0	0	0	0
Vladimir_Guerrero	2	2	1	0	0	0	0	0	0	0.5	0.5	0.5	1	0	0	0	0	0
Todd_Helton	2	2	0	0	0	0	0	0	2	0	0	0	0	0	0	0	0	0
John_Hester	2	2	0	0	0	0	0	0	1	0	0	0	0	0	0	0	0	0
Orlando_Hudson	2	2	0	0	0	0	0	0	1	0	0	0	0	0	0	0	0	1
Jeff_Keppinger	2	2	1	0	0	1	2	0	0	0.5	0.5	2	2.5	0	0	0	0	0
Clayton_Kershaw	2	1	0	0	0	0	0	0	1	0	0	0	0	1	0	0	0	0
Derrek_Lee	2	2	1	0	0	1	2	0	0	0.5	0.5	2	2.5	0	0	0	0	0
Jon_Lester	2	2	0	0	0	0	0	0	1	0	0	0	0	0	0	0	0	0
Lance_Lynn	2	1	0	0	0	0	0	0	1	0	0	0	0	1	0	0	0	0
Mitch_Maier	2	2	1	0	0	0	0	0	0	0.5	0.5	0.5	1	0	0	0	0	0
Michael_Martinez	2	2	0	0	0	0	0	0	2	0	0	0	0	0	0	0	0	0
Nate_McLouth	2	2	2	0	0	0	0	0	0	1	1	1	2	0	0	0	0	0
Brad_Miller	2	2	0	0	0	0	0	0	1	0	0	0	0	0	0	0	0	0
Laynce_Nix	2	2	0	0	0	0	0	0	0	0	0	0	0	0	0	0	0	0
Magglio_Ordonez	2	1	0	0	0	0	0	1	0	0	0.5	0	0.5	0	0	0	0	0
Corey_Patterson	2	2	0	0	0	0	0	0	2	0	0	0	0	0	0	0	0	0
Carlos_Pena	2	2	0	0	0	0	0	0	0	0	0	0	0	0	0	0	0	0
Humberto_Quintero	2	2	0	0	0	0	0	0	1	0	0	0	0	0	0	0	0	0
Nolan_Reimold	2	2	0	0	0	0	0	0	1	0	0	0	0	0	0	0	0	0
Jason_Repko	2	2	0	0	0	0	0	0	1	0	0	0	0	0	0	0	0	0
Dan_Robertson	2	2	0	0	0	0	0	0	1	0	0	0	0	0	0	0	0	0
Yangervis_Solarte	2	2	0	0	0	0	0	0	0	0	0	0	0	0	0	0	0	0
Chris_Stewart	2	2	0	0	0	0	0	0	0	0	0	0	0	0	0	0	0	0
Jesus_Sucre	2	1	0	0	0	0	0	1	0	0	0.5	0	0.5	0	0	0	0	0
Taylor_Teagarden	2	2	0	0	0	0	0	0	1	0	0	0	0	0	0	0	0	0
Eric_Thames	2	1	0	0	0	0	0	1	1	0	0.5	0	0.5	0	0	0	0	0
Will_Venable	2	2	0	0	0	0	0	0	1	0	0	0	0	0	0	0	0	0
Ryan_Vogelsong	2	2	0	0	0	0	0	0	2	0	0	0	0	0	0	0	0	0
Kevin_Youkilis	2	1	0	0	0	0	0	1	0	0	0.5	0	0.5	0	0	1	0	0
Ryan_Zimmerman	2	2	0	0	0	0	0	0	0	0	0	0	0	0	0	0	0	0
Pedro_Alvarez	1	1	0	0	0	0	0	0	0	0	0	0	0	0	0	0	0	0
Alexi_Amarista	1	1	0	0	0	0	0	0	0	0	0	0	0	0	0	0	0	0
Luke_Carlin	1	1	0	0	0	0	0	0	1	0	0	0	0	0	0	0	0	0
Mike_Carp	1	1	0	0	0	0	0	0	1	0	0	0	0	0	0	0	0	0
Alexi_Casilla	1	1	0	0	0	0	0	0	0	0	0	0	0	0	0	0	0	0
Juan_Centeno	1	1	0	0	0	0	0	0	0	0	0	0	0	0	0	0	0	0
Eric_Chavez	1	1	0	0	0	0	0	0	0	0	0	0	0	0	0	0	0	0
David_Cooper	1	1	1	0	0	0	0	0	0	1	1	1	2	0	0	0	0	0
Ivan_De_Jesus	1	1	1	0	0	0	1	0	0	1	1	1	2	0	0	0	0	0
Ian_Desmond	1	1	0	0	0	0	0	0	1	0	0	0	0	0	0	0	0	0
Blake_DeWitt	1	1	1	0	0	0	0	0	0	1	1	1	2	0	0	0	0	0
J.D._Drew	1	0	0	0	0	0	0	1	0	0	1	0	0	0	0	0	0	0
Stephen_Drew	1	1	0	0	0	0	0	0	1	0	0	0	0	0	0	0	0	0
Mark_Ellis	1	1	0	0	0	0	0	0	0	0	0	0	0	0	0	0	0	0
Danny_Espinosa	1	1	0	0	0	0	0	0	0	0	0	0	0	0	0	0	0	0
Jay_Gibbons	1	1	1	1	0	0	0	0	0	1	1	2	3	0	0	0	0	0
Carlos_Gonzalez	1	1	0	0	0	0	0	0	1	0	0	0	0	0	0	0	0	0
Yasmani_Grandal	1	1	0	0	0	0	0	0	0	0	0	0	0	0	0	0	0	0
Jack_Hannahan	1	1	0	0	0	0	0	0	0	0	0	0	0	0	0	0	0	0
Aaron_Hill	1	1	0	0	0	0	0	0	1	0	0	0	0	0	0	0	0	0
Koyie_Hill	1	1	0	0	0	0	0	0	1	0	0	0	0	0	0	0	0	0
Luke_Hughes	1	1	0	0	0	0	0	0	1	0	0	0	0	0	0	0	0	0
Dan_Johnson	1	1	0	0	0	0	0	0	0	0	0	0	0	0	0	0	0	0
Reed_Johnson	1	1	1	0	0	0	0	0	0	1	1	1	2	0	0	0	0	0
Matthew_Joyce	1	0	0	0	0	0	0	1	0	0	1	0	0	0	0	0	0	0
Jason_Kendall	1	1	0	0	0	0	0	0	1	0	0	0	0	0	0	0	0	0
Adam_Kennedy	1	1	0	0	0	0	0	0	0	0	0	0	0	0	0	0	0	0
Casey_Kotchman	1	1	0	0	0	0	0	0	0	0	0	0	0	0	0	0	0	0
Kevin_Kouzmanoff	1	1	0	0	0	0	0	0	0	0	0	0	0	0	0	0	0	0
Andy_LaRoche	1	0	0	0	0	0	0	1	0	0	1	0	0	0	0	0	0	0
Adam_Lind	1	1	0	0	0	0	0	0	1	0	0	0	0	0	0	0	0	0
Adam_Loewen	1	0	0	0	0	0	1	1	0	0	1	0	0	0	0	0	0	0
Mike_Lowell	1	1	0	0	0	0	0	0	0	0	0	0	0	0	0	0	0	0
Zach_Lutz	1	1	0	0	0	0	0	0	0	0	0	0	0	0	0	0	0	0
Andy_Marte	1	1	0	0	0	0	0	0	1	0	0	0	0	0	0	0	0	0
Jeff_Mathis	1	1	0	0	0	0	0	0	0	0	0	0	0	0	0	0	0	0
Lucas_May	1	1	1	0	0	0	0	0	0	1	1	1	2	0	0	0	0	0
Mike_McCoy	1	1	0	0	0	0	0	0	0	0	0	0	0	0	0	0	0	0
Darnell_McDonald	1	1	0	0	0	0	0	0	1	0	0	0	0	0	0	0	0	0
Jai_Miller	1	1	0	0	0	0	0	0	0	0	0	0	0	0	0	0	0	0
Russ_Mitchell	1	0	0	0	0	0	0	1	0	0	1	0	0	0	0	0	0	0
Yamaico_Navarro	1	1	0	0	0	0	0	0	0	0	0	0	0	0	0	0	0	0
Matt_Pagnozzi	1	0	0	0	0	0	0	0	0	0	0	0	0	1	0	0	0	0
Byung-ho_Park	1	0	0	0	0	0	0	0	0	0	1	0	0	0	0	0	1	0
Gerardo_Parra	1	0	0	0	0	0	0	1	0	0	1	0	0	0	0	0	0	0
Felix_Pie	1	1	1	1	0	0	0	0	0	1	1	2	3	0	0	0	0	0
Jorge_Posada	1	1	0	0	0	0	0	0	0	0	0	0	0	0	0	0	0	0
Jarrod_Saltalamacchia	1	0	0	0	0	0	0	1	0	0	1	0	0	0	0	0	0	0
Justin_Sellers	1	1	0	0	0	0	0	0	0	0	0	0	0	0	0	0	0	0
Kelly_Shoppach	1	1	1	0	0	0	0	0	0	1	1	1	2	0	0	0	0	0
Grady_Sizemore	1	1	0	0	0	0	0	0	1	0	0	0	0	0	0	0	0	0
Scott_Sizemore	1	1	1	0	0	1	3	0	0	1	1	4	5	0	0	0	0	0
Seth_Smith	1	1	0	0	0	0	0	0	0	0	0	0	0	0	0	0	0	0
Ryan_Sweeney	1	1	0	0	0	0	0	0	1	0	0	0	0	0	0	0	0	0
Mark_Teahen	1	0	0	0	0	0	1	1	0	0	1	0	0	0	0	0	0	0
Jason_Varitek	1	1	0	0	0	0	0	0	1	0	0	0	0	0	0	0	0	0
Jayson_Werth	1	1	0	0	0	0	0	0	1	0	0	0	0	0	0	0	0	0
Ty_Wigginton	1	1	0	0	0	0	0	0	0	0	0	0	0	0	0	0	0	0
Kolten_Wong	1	1	0	0	0	0	0	0	0	0	0	0	0	0	0	0	0	0
Chris_Woodward	1	1	0	0	0	0	0	0	0	0	0	0	0	0	0	0	0	0
