Joe_Mauer	71	63	24	3	0	1	10	6	10	0.381	0.451	0.476	0.927	0	0	0	2	2
Torii_Hunter	61	54	17	2	0	4	11	6	8	0.315	0.393	0.574	0.968	0	0	1	1	0
Jhonny_Peralta	61	52	12	4	0	2	7	7	13	0.231	0.344	0.423	0.767	0	0	0	2	1
Austin_Jackson	60	55	24	3	0	3	12	5	10	0.436	0.483	0.655	1.138	0	0	1	0	0
Ryan_Raburn	60	51	18	7	0	4	12	8	12	0.353	0.433	0.725	1.159	0	1	0	0	2
Michael_Cuddyer	55	51	23	5	0	5	12	4	6	0.451	0.491	0.843	1.334	0	0	2	0	0
Miguel_Cabrera	54	46	12	2	0	2	6	8	5	0.261	0.37	0.435	0.805	0	0	2	0	0
Victor_Martinez	53	51	10	1	0	3	5	2	5	0.196	0.226	0.392	0.619	0	0	0	0	0
Justin_Morneau	51	41	11	2	0	3	10	10	10	0.268	0.412	0.537	0.948	0	0	0	0	0
Delmon_Young	50	46	18	5	1	2	9	2	4	0.391	0.42	0.674	1.094	0	1	0	1	0
Franklin_Gutierrez	49	46	12	3	0	3	8	3	8	0.261	0.306	0.522	0.828	0	0	0	0	2
Ichiro_Suzuki	48	44	11	0	0	0	0	2	4	0.25	0.298	0.25	0.548	1	0	1	1	0
Denard_Span	47	40	14	1	2	0	3	7	4	0.35	0.447	0.475	0.922	0	0	0	0	3
Billy_Butler	46	44	9	2	0	1	5	1	11	0.205	0.217	0.318	0.536	0	1	0	0	3
Ian_Kinsler	46	44	15	4	0	4	5	2	4	0.341	0.37	0.705	1.074	0	0	0	0	1
Carlos_Santana	46	38	7	2	0	1	7	7	8	0.184	0.304	0.316	0.62	0	1	0	0	1
Alex_Gordon	45	40	9	1	0	1	3	4	5	0.225	0.311	0.325	0.636	0	0	0	1	4
Jason_Kubel	45	40	10	3	1	1	13	3	9	0.25	0.289	0.45	0.739	0	2	0	0	2
Asdrubal_Cabrera	42	39	11	2	0	2	4	2	3	0.282	0.317	0.487	0.804	1	0	0	0	0
Jason_Kipnis	41	34	11	2	1	1	8	3	3	0.324	0.375	0.529	0.904	1	2	0	1	0
Mike_Aviles	39	36	12	2	0	1	3	2	4	0.333	0.359	0.472	0.831	0	1	0	0	1
Alcides_Escobar	39	33	6	1	0	0	0	5	10	0.182	0.289	0.212	0.502	1	0	0	0	1
Eric_Hosmer	39	36	10	0	1	0	2	3	5	0.278	0.333	0.333	0.667	0	0	0	0	2
Adrian_Beltre	38	33	8	1	0	3	7	4	3	0.242	0.316	0.545	0.861	0	1	0	0	1
Brendan_Harris	37	33	9	2	0	0	0	4	7	0.273	0.351	0.333	0.685	0	0	0	0	1
Adam_Jones	37	36	2	1	0	0	1	1	9	0.056	0.081	0.083	0.164	0	0	0	0	1
Kendrys_Morales	37	32	6	3	0	0	3	4	3	0.188	0.27	0.281	0.552	0	1	0	0	0
Nick_Markakis	36	35	12	1	0	1	5	0	6	0.343	0.333	0.457	0.79	0	1	0	0	1
Magglio_Ordonez	36	35	16	4	0	2	7	1	4	0.457	0.472	0.743	1.215	0	0	0	0	2
Michael_Brantley	35	33	7	2	0	1	3	2	4	0.212	0.257	0.364	0.621	0	0	0	0	1
Mike_Napoli	35	32	9	2	0	0	2	3	14	0.281	0.343	0.344	0.687	0	0	0	0	0
Shin-Soo_Choo	34	31	9	3	0	1	3	3	7	0.29	0.353	0.484	0.837	0	0	0	0	1
Nick_Swisher	34	28	8	0	0	3	4	6	2	0.286	0.412	0.607	1.019	0	0	0	0	1
Erick_Aybar	33	32	5	1	0	0	1	0	3	0.156	0.152	0.188	0.339	0	1	0	0	1
Omar_Infante	33	29	7	1	0	1	2	3	7	0.241	0.313	0.379	0.692	1	0	0	0	1
Brandon_Inge	33	31	9	2	0	1	4	1	9	0.29	0.333	0.452	0.785	0	0	0	1	0
Ben_Zobrist	33	29	5	0	1	0	1	3	7	0.172	0.242	0.241	0.484	0	1	0	0	1
Melky_Cabrera	32	31	7	3	0	0	4	1	2	0.226	0.25	0.323	0.573	0	0	0	0	0
Chone_Figgins	32	28	4	0	0	0	0	3	8	0.143	0.226	0.143	0.369	1	0	0	0	2
Salvador_Perez	32	31	5	1	0	2	3	1	6	0.161	0.188	0.387	0.575	0	0	0	0	0
J.J._Hardy	31	28	11	5	0	1	4	3	4	0.393	0.452	0.679	1.13	0	0	0	0	0
Brian_Roberts	31	27	9	1	0	1	5	4	3	0.333	0.419	0.481	0.901	0	0	0	0	0
Alex_Avila	30	28	8	2	0	0	7	1	5	0.286	0.333	0.357	0.69	0	0	0	1	2
Mike_Moustakas	30	25	5	3	0	0	4	3	2	0.2	0.31	0.32	0.63	1	0	0	1	1
Danny_Valencia	30	29	8	3	0	1	4	1	5	0.276	0.3	0.483	0.783	0	0	0	0	0
Coco_Crisp	29	27	5	2	0	0	4	2	5	0.185	0.241	0.259	0.501	0	0	0	0	0
Travis_Hafner	29	27	7	2	0	2	6	2	7	0.259	0.31	0.556	0.866	0	0	0	0	0
Evan_Longoria	29	28	5	2	0	0	1	1	7	0.179	0.207	0.25	0.457	0	0	0	0	0
Dioner_Navarro	29	26	11	3	0	3	5	2	1	0.423	0.448	0.885	1.333	0	1	0	0	0
Michael_Young	29	28	7	1	1	0	2	1	8	0.25	0.276	0.357	0.633	0	0	1	0	1
Lorenzo_Cain	28	26	5	2	1	0	2	2	7	0.192	0.25	0.346	0.596	0	0	0	0	0
Rajai_Davis	28	24	7	3	1	0	3	3	5	0.292	0.393	0.5	0.893	0	0	0	1	0
David_DeJesus	28	25	9	3	0	0	5	2	2	0.36	0.407	0.48	0.887	1	0	0	0	1
Placido_Polanco	28	27	5	0	0	0	2	1	2	0.185	0.214	0.185	0.399	0	0	0	0	0
Nick_Punto	28	26	4	0	0	0	1	2	1	0.154	0.214	0.154	0.368	0	0	0	0	1
Melvin_Upton	28	22	3	0	0	2	3	6	10	0.136	0.321	0.409	0.731	0	0	0	0	1
Marlon_Byrd	27	25	3	1	0	0	1	1	8	0.12	0.185	0.16	0.345	0	0	0	1	0
Jonny_Gomes	27	25	7	2	0	1	5	1	9	0.28	0.296	0.48	0.776	0	1	0	0	1
Curtis_Granderson	27	25	2	0	0	0	0	1	4	0.08	0.115	0.08	0.195	1	0	0	0	1
Vladimir_Guerrero	27	27	4	1	0	2	2	0	4	0.148	0.148	0.407	0.556	0	0	0	0	1
Carlos_Pena	27	22	6	1	0	2	5	4	7	0.273	0.407	0.591	0.998	0	0	0	1	0
Juan_Rivera	27	25	7	2	0	0	1	1	5	0.28	0.333	0.36	0.693	0	0	0	1	1
Kurt_Suzuki	27	22	3	2	0	0	2	3	1	0.136	0.222	0.227	0.449	0	2	0	0	1
Matt_Wieters	27	27	6	2	0	2	3	0	6	0.222	0.222	0.519	0.741	0	0	0	0	1
Nelson_Cruz	26	26	7	3	0	1	4	0	7	0.269	0.269	0.5	0.769	0	0	0	0	0
Casey_Kotchman	26	25	11	2	1	0	1	1	1	0.44	0.462	0.6	1.062	0	0	0	0	2
David_Ortiz	26	25	7	0	0	3	7	1	3	0.28	0.308	0.64	0.948	0	0	0	0	0
Dustin_Pedroia	26	23	4	2	0	0	2	2	1	0.174	0.24	0.261	0.501	1	0	0	0	0
Grady_Sizemore	26	23	3	0	0	0	2	3	4	0.13	0.231	0.13	0.361	0	0	0	0	0
Bobby_Abreu	25	17	5	0	0	2	2	8	4	0.294	0.52	0.647	1.167	0	0	0	0	0
Orlando_Hudson	25	21	5	2	0	1	2	3	4	0.238	0.333	0.476	0.81	1	0	0	0	0
Derek_Jeter	25	23	7	2	0	0	0	2	2	0.304	0.36	0.391	0.751	0	0	0	0	0
Jose_Lopez	25	25	9	1	0	0	0	0	2	0.36	0.36	0.4	0.76	0	0	0	0	1
Elvis_Andrus	24	17	6	1	0	0	2	4	1	0.353	0.476	0.412	0.888	3	0	0	0	1
Jacoby_Ellsbury	24	22	10	2	0	0	2	1	4	0.455	0.5	0.545	1.045	0	0	0	1	0
Ryan_Garko	24	21	8	1	0	4	6	2	6	0.381	0.417	1	1.417	0	1	0	0	0
Jose_Guillen	24	23	5	1	0	2	5	1	9	0.217	0.25	0.522	0.772	0	0	0	0	0
Miguel_Olivo	24	24	7	1	0	1	2	0	5	0.292	0.292	0.458	0.75	0	0	0	0	0
Sean_Rodriguez	24	19	7	1	2	0	4	1	1	0.368	0.478	0.632	1.11	1	0	0	3	0
Robinson_Cano	23	20	7	2	0	2	4	3	4	0.35	0.435	0.75	1.185	0	0	0	0	1
Howie_Kendrick	23	23	7	3	0	0	2	0	5	0.304	0.304	0.435	0.739	0	0	0	0	0
Nolan_Reimold	23	21	9	1	1	1	3	2	3	0.429	0.478	0.714	1.193	0	0	0	0	0
Kelly_Shoppach	23	20	3	0	0	1	1	0	10	0.15	0.227	0.3	0.527	1	0	0	2	0
Mark_Ellis	22	17	2	0	0	0	1	3	2	0.118	0.273	0.118	0.39	0	1	0	1	0
Carlos_Gomez	22	19	3	0	0	0	0	3	3	0.158	0.273	0.158	0.431	0	0	0	0	0
Alex_Rios	22	20	4	2	0	0	2	2	5	0.2	0.273	0.3	0.573	0	0	0	0	0
Mark_Teixeira	22	20	8	2	0	1	5	2	3	0.4	0.455	0.65	1.105	0	0	0	0	1
Jason_Bartlett	21	18	3	1	0	0	1	3	6	0.167	0.286	0.222	0.508	0	0	0	0	0
Carl_Crawford	21	21	4	0	0	1	2	0	3	0.19	0.19	0.333	0.524	0	0	0	0	1
Chris_Davis	21	20	5	0	0	2	3	1	3	0.25	0.286	0.55	0.836	0	0	0	0	1
Josh_Hamilton	21	20	8	1	0	2	5	0	3	0.4	0.381	0.75	1.131	0	1	0	0	1
Luke_Scott	21	20	7	0	1	2	3	1	4	0.35	0.381	0.75	1.131	0	0	0	0	0
Oswaldo_Arcia	20	19	7	1	0	2	6	0	2	0.368	0.4	0.737	1.137	0	0	0	1	0
Jose_Bautista	20	19	6	3	0	0	8	1	4	0.316	0.35	0.474	0.824	0	0	0	0	1
Brian_Dozier	20	18	7	1	0	1	5	2	2	0.389	0.45	0.611	1.061	0	0	0	0	0
Jeff_Mathis	20	17	2	0	0	1	2	3	9	0.118	0.25	0.294	0.544	0	0	0	0	0
Josh_Willingham	20	17	3	0	0	0	3	2	8	0.176	0.25	0.176	0.426	0	1	0	0	0
Alexi_Casilla	19	18	2	0	0	0	0	1	1	0.111	0.158	0.111	0.269	0	0	0	0	1
Craig_Gentry	19	16	3	0	0	0	0	3	2	0.188	0.316	0.188	0.503	0	0	0	0	1
Mike_Lowell	19	16	4	2	0	1	3	3	2	0.25	0.368	0.563	0.931	0	0	1	0	0
Casey_Blake	18	18	5	1	1	0	0	0	4	0.278	0.278	0.444	0.722	0	0	0	0	0
Johnny_Giavotella	18	17	7	1	1	0	1	1	2	0.412	0.444	0.588	1.033	0	0	0	0	1
Carlos_Guillen	18	16	7	1	0	0	3	2	4	0.438	0.5	0.5	1	0	0	0	0	0
Jed_Lowrie	18	15	0	0	0	0	0	3	5	0	0.167	0	0.167	0	0	0	0	1
Kyle_Seager	18	18	5	0	0	1	1	0	4	0.278	0.278	0.444	0.722	0	0	0	0	0
Mark_Teahen	18	17	4	0	0	1	1	1	5	0.235	0.278	0.412	0.69	0	0	0	0	0
Marcus_Thames	18	17	2	1	0	1	2	1	7	0.118	0.167	0.353	0.52	0	0	0	0	2
Michael_Bourn	17	16	5	0	2	0	2	1	2	0.313	0.353	0.563	0.915	0	0	0	0	1
Johnny_Damon	17	16	3	1	0	1	1	1	3	0.188	0.235	0.438	0.673	0	0	0	0	0
Yunel_Escobar	17	17	6	0	0	0	1	0	2	0.353	0.353	0.353	0.706	0	0	0	0	1
Sam_Fuld	17	15	2	2	0	0	1	2	2	0.133	0.235	0.267	0.502	0	0	0	0	0
Brett_Gardner	17	14	1	0	0	0	0	2	2	0.071	0.235	0.071	0.307	0	0	0	1	0
Trevor_Plouffe	17	16	4	1	0	1	4	1	4	0.25	0.294	0.5	0.794	0	0	0	0	0
Alex_Rodriguez	17	16	4	2	0	0	2	1	4	0.25	0.294	0.375	0.669	0	0	0	0	0
Brendan_Ryan	17	13	3	0	0	0	1	4	3	0.231	0.412	0.231	0.643	0	0	0	0	0
Alfonso_Soriano	17	15	3	2	0	0	0	2	5	0.2	0.294	0.333	0.627	0	0	0	0	1
Kevin_Youkilis	17	13	3	0	0	0	0	3	4	0.231	0.412	0.231	0.643	0	0	0	1	0
Daric_Barton	16	13	6	2	0	0	2	3	2	0.462	0.563	0.615	1.178	0	0	0	0	0
John_Buck	16	14	2	0	0	0	0	1	6	0.143	0.25	0.143	0.393	0	0	0	1	0
Edwin_Encarnacion	16	14	3	0	0	2	3	1	4	0.214	0.25	0.643	0.893	0	1	0	0	0
Yan_Gomes	16	14	7	5	0	0	5	1	0	0.5	0.5	0.857	1.357	0	1	0	0	0
Akinori_Iwamura	16	15	5	0	1	0	2	1	4	0.333	0.375	0.467	0.842	0	0	0	0	0
Milton_Bradley	15	11	3	0	0	1	1	4	4	0.273	0.467	0.545	1.012	0	0	0	0	0
Bobby_Crosby	15	15	3	1	0	0	1	0	3	0.2	0.2	0.267	0.467	0	0	0	0	2
Josh_Donaldson	15	14	8	4	0	2	8	1	1	0.571	0.6	1.286	1.886	0	0	0	0	0
J.D._Drew	15	15	4	3	0	1	4	0	5	0.267	0.267	0.667	0.933	0	0	0	0	0
Aubrey_Huff	15	14	2	1	0	0	1	0	3	0.143	0.133	0.214	0.348	0	1	0	0	0
Craig_Monroe	15	13	0	0	0	0	1	2	4	0	0.133	0	0.133	0	0	0	0	0
Melvin_Mora	15	12	4	1	0	0	0	3	2	0.333	0.467	0.417	0.883	0	0	1	0	0
Matt_Tuiasosopo	15	14	2	1	0	0	0	1	5	0.143	0.2	0.214	0.414	0	0	0	0	0
Casper_Wells	15	15	3	0	0	1	3	0	8	0.2	0.2	0.4	0.6	0	0	0	0	1
Brennan_Boesch	14	13	4	0	0	0	0	1	0	0.308	0.357	0.308	0.665	0	0	0	0	1
Chris_Colabello	14	13	4	1	0	1	4	1	2	0.308	0.357	0.615	0.973	0	0	0	0	1
Shelley_Duncan	14	12	3	1	0	1	3	2	1	0.25	0.357	0.583	0.94	0	0	0	0	2
Adam_Everett	14	13	4	0	0	1	2	0	3	0.308	0.308	0.538	0.846	1	0	0	0	0
Prince_Fielder	14	13	6	1	0	1	5	1	2	0.462	0.5	0.769	1.269	0	0	0	0	0
Derrek_Lee	14	13	4	1	0	0	3	1	2	0.308	0.357	0.385	0.742	0	0	0	0	1
James_Loney	14	13	3	0	0	1	3	1	0	0.231	0.286	0.462	0.747	0	0	0	0	1
Hideki_Matsui	14	12	2	0	0	1	2	1	3	0.167	0.214	0.417	0.631	0	1	0	0	1
Gary_Matthews	14	11	2	1	0	0	0	3	3	0.182	0.357	0.273	0.63	0	0	0	0	0
Mark_Reynolds	14	12	2	1	0	0	0	2	4	0.167	0.286	0.25	0.536	0	0	0	0	1
Marco_Scutaro	14	13	7	1	0	2	3	1	1	0.538	0.571	1.077	1.648	0	0	0	0	0
Gary_Sheffield	14	11	5	1	0	1	2	3	2	0.455	0.571	0.818	1.39	0	0	0	0	1
Mike_Sweeney	14	14	4	0	0	0	1	0	2	0.286	0.286	0.286	0.571	0	0	0	0	0
Shane_Victorino	14	12	2	0	0	0	1	1	1	0.167	0.286	0.167	0.452	0	0	0	1	0
Vernon_Wells	14	12	4	0	0	0	2	1	3	0.333	0.357	0.333	0.69	0	1	0	0	1
Jose_Altuve	13	13	4	0	0	1	2	0	2	0.308	0.308	0.538	0.846	0	0	0	0	1
Alberto_Callaspo	13	12	6	1	0	0	3	1	0	0.5	0.538	0.583	1.122	0	0	0	0	0
Chris_Carter	13	11	4	2	0	2	3	1	3	0.364	0.385	1.091	1.476	0	1	0	0	0
Eduardo_Escobar	13	13	4	1	0	1	1	0	0	0.308	0.308	0.615	0.923	0	0	0	0	1
Jack_Hannahan	13	13	3	0	0	0	0	0	4	0.231	0.231	0.231	0.462	0	0	0	0	0
Eduardo_Nunez	13	13	6	1	1	2	5	0	1	0.462	0.462	1.154	1.615	0	0	0	0	0
Albert_Pujols	13	13	3	0	0	1	1	0	1	0.231	0.231	0.462	0.692	0	0	0	0	0
Geovany_Soto	13	13	2	0	0	0	0	0	4	0.154	0.154	0.154	0.308	0	0	0	0	0
Mike_Trout	13	10	2	0	0	1	2	3	4	0.2	0.385	0.5	0.885	0	0	0	0	0
Jason_Bay	12	11	2	0	0	0	1	1	6	0.182	0.25	0.182	0.432	0	0	0	0	0
Xander_Bogaerts	12	9	4	0	0	0	3	2	2	0.444	0.583	0.444	1.028	0	0	0	1	0
Emil_Brown	12	12	5	1	0	1	2	0	0	0.417	0.417	0.75	1.167	0	0	0	0	0
Drew_Butera	12	11	2	0	0	0	0	1	3	0.182	0.25	0.182	0.432	0	0	0	0	0
Nick_Castellanos	12	9	4	1	0	0	0	3	2	0.444	0.583	0.556	1.139	0	0	1	0	0
C.J._Cron	12	11	1	0	0	0	0	1	2	0.091	0.167	0.091	0.258	0	0	0	0	0
Jack_Cust	12	10	1	0	0	0	0	2	5	0.1	0.25	0.1	0.35	0	0	0	0	0
Ben_Francisco	12	10	2	1	0	1	1	2	1	0.2	0.333	0.6	0.933	0	0	0	0	0
Jeff_Francoeur	12	12	1	1	0	0	0	0	3	0.083	0.083	0.167	0.25	0	0	0	0	0
Chase_Headley	12	8	2	1	0	0	1	3	1	0.25	0.5	0.375	0.875	0	0	0	1	1
Aaron_Hill	12	10	4	0	0	2	6	2	1	0.4	0.5	1	1.5	0	0	0	0	0
Gerald_Laird	12	10	4	2	0	0	2	1	1	0.4	0.417	0.6	1.017	0	1	0	0	0
Manny_Machado	12	11	3	1	0	0	1	1	1	0.273	0.333	0.364	0.697	0	0	0	0	0
Brian_McCann	12	12	2	0	0	1	3	0	2	0.167	0.167	0.417	0.583	0	0	0	0	0
Jason_Michaels	12	10	2	1	0	0	0	2	3	0.2	0.333	0.3	0.633	0	0	0	0	0
David_Murphy	12	11	2	1	0	0	0	1	4	0.182	0.25	0.273	0.523	0	0	0	0	0
Paulo_Orlando	12	11	4	0	1	0	0	1	3	0.364	0.417	0.545	0.962	0	0	0	0	0
Brayan_Pena	12	12	3	0	0	0	0	0	0	0.25	0.25	0.25	0.5	0	0	0	0	1
Jorge_Posada	12	9	3	1	0	1	2	3	2	0.333	0.5	0.778	1.278	0	0	0	0	0
Jose_Ramirez	12	10	3	1	0	0	1	1	0	0.3	0.364	0.4	0.764	1	0	0	0	0
Jose_Reyes	12	12	2	0	0	0	3	0	2	0.167	0.167	0.167	0.333	0	0	0	0	0
Jim_Thome	12	12	4	0	0	0	1	0	4	0.333	0.333	0.333	0.667	0	0	0	0	1
Matt_Tolbert	12	10	3	0	0	1	2	1	1	0.3	0.364	0.6	0.964	1	0	0	0	0
Ty_Wigginton	12	10	3	0	0	0	2	1	1	0.3	0.333	0.3	0.633	0	1	0	0	0
Jack_Wilson	12	10	1	0	0	0	1	2	0	0.1	0.25	0.1	0.35	0	0	0	0	0
Dustin_Ackley	11	11	0	0	0	0	1	0	1	0	0	0	0	0	0	0	0	1
Willy_Aybar	11	11	2	2	0	0	0	0	1	0.182	0.182	0.364	0.545	0	0	0	0	0
Yuniesky_Betancourt	11	10	4	0	0	2	4	1	1	0.4	0.455	1	1.455	0	0	0	0	1
Russell_Branyan	11	11	6	1	0	0	1	0	3	0.545	0.545	0.636	1.182	0	0	0	0	0
Kole_Calhoun	11	10	1	0	0	1	2	1	2	0.1	0.182	0.4	0.582	0	0	0	0	0
Jamey_Carroll	11	11	1	0	0	0	0	0	2	0.091	0.091	0.091	0.182	0	0	0	0	0
Alex_Gonzalez	11	11	1	0	0	1	1	0	4	0.091	0.091	0.364	0.455	0	0	0	0	0
Raul_Ibanez	11	11	4	2	0	1	4	0	2	0.364	0.364	0.818	1.182	0	0	0	0	0
Desmond_Jennings	11	8	3	1	1	0	1	3	3	0.375	0.545	0.75	1.295	0	0	0	0	0
Mitch_Maier	11	10	2	1	0	0	3	1	2	0.2	0.273	0.3	0.573	0	0	0	0	0
Robb_Quinlan	11	11	3	0	0	0	1	0	3	0.273	0.273	0.273	0.545	0	0	0	0	0
Josh_Reddick	11	9	2	0	1	1	2	2	0	0.222	0.364	0.778	1.141	0	0	0	0	0
Adam_Rosales	11	10	1	0	0	0	0	1	6	0.1	0.182	0.1	0.282	0	0	0	0	0
Danny_Santana	11	10	4	0	0	0	2	1	2	0.4	0.455	0.4	0.855	0	0	0	0	0
Luis_Valbuena	11	10	4	1	0	0	2	1	1	0.4	0.455	0.5	0.955	0	0	0	0	1
Nori_Aoki	10	8	3	1	0	0	1	2	0	0.375	0.5	0.5	1	0	0	0	0	0
Josh_Barfield	10	9	4	0	0	1	2	1	2	0.444	0.5	0.778	1.278	0	0	0	0	0
Starlin_Castro	10	9	2	0	0	0	0	1	0	0.222	0.3	0.222	0.522	0	0	0	0	1
Endy_Chavez	10	8	4	1	0	0	0	1	0	0.5	0.556	0.625	1.181	1	0	0	0	0
Lonnie_Chisenhall	10	9	5	1	0	1	4	1	0	0.556	0.6	1	1.6	0	0	0	0	0
Chris_Denorfia	10	9	4	1	0	0	0	1	2	0.444	0.5	0.556	1.056	0	0	0	0	0
Kevin_Frandsen	10	10	0	0	0	0	0	0	3	0	0	0	0	0	0	0	0	0
Esteban_German	10	9	3	1	0	0	0	0	1	0.333	0.333	0.444	0.778	1	0	0	0	0
Adam_Lind	10	9	3	1	0	0	0	1	2	0.333	0.4	0.444	0.844	0	0	0	0	0
Kevin_Millar	10	10	2	0	0	0	1	0	0	0.2	0.2	0.2	0.4	0	0	0	0	0
Lyle_Overbay	10	9	1	0	0	0	0	0	4	0.111	0.2	0.111	0.311	0	0	0	1	1
Jesus_Sucre	10	8	3	0	0	0	2	1	0	0.375	0.444	0.375	0.819	1	0	0	0	0
Mark_Trumbo	10	8	3	1	0	1	1	2	2	0.375	0.5	0.875	1.375	0	0	2	0	0
Brandon_Wood	10	8	0	0	0	0	0	1	3	0	0.111	0	0.111	1	0	0	0	0
Jeff_Baker	9	9	2	0	0	1	2	0	4	0.222	0.222	0.556	0.778	0	0	0	0	0
Wilson_Betemit	9	9	3	0	0	1	1	0	4	0.333	0.333	0.667	1	0	0	0	0	0
Reid_Brignac	9	9	3	0	1	0	0	0	0	0.333	0.333	0.556	0.889	0	0	0	0	0
Orlando_Cabrera	9	6	3	0	0	2	5	2	2	0.5	0.556	1.5	2.056	0	1	0	0	0
Luis_Castillo	9	9	1	0	0	0	1	0	0	0.111	0.111	0.111	0.222	0	0	0	0	0
Yoenis_Cespedes	9	8	2	0	0	0	0	1	3	0.25	0.333	0.25	0.583	0	0	0	0	0
Ryan_Doumit	9	8	3	2	0	0	0	1	0	0.375	0.444	0.625	1.069	0	0	0	0	1
Logan_Forsythe	9	7	0	0	0	0	1	1	2	0	0.111	0	0.111	0	1	0	0	0
Brandon_Guyer	9	8	3	1	0	1	2	1	0	0.375	0.444	0.875	1.319	0	0	0	0	0
Bill_Hall	9	8	2	0	0	0	0	1	4	0.25	0.333	0.25	0.583	0	0	0	0	0
Jose_Iglesias	9	9	3	0	0	1	2	0	2	0.333	0.333	0.667	1	0	0	0	0	0
Reed_Johnson	9	9	1	0	0	0	0	0	4	0.111	0.111	0.111	0.222	0	0	0	0	1
Andruw_Jones	9	8	1	0	0	0	1	1	5	0.125	0.222	0.125	0.347	0	0	0	0	0
Matt_Kemp	9	6	1	0	0	0	0	3	1	0.167	0.444	0.167	0.611	0	0	0	0	0
Lou_Marson	9	7	3	0	0	0	1	2	2	0.429	0.556	0.429	0.984	0	0	0	0	0
Russell_Martin	9	9	1	0	0	1	1	0	3	0.111	0.111	0.444	0.556	0	0	0	0	0
J.D._Martinez	9	8	2	0	0	1	1	1	2	0.25	0.333	0.625	0.958	0	0	0	0	0
Darnell_McDonald	9	7	1	1	0	0	3	1	0	0.143	0.25	0.286	0.536	1	0	0	0	1
Wil_Myers	9	8	2	1	0	0	1	1	2	0.25	0.333	0.375	0.708	0	0	0	0	0
Derek_Norris	9	9	1	0	0	0	1	0	1	0.111	0.111	0.111	0.222	0	0	0	0	0
Cliff_Pennington	9	5	2	0	0	0	0	2	1	0.4	0.571	0.4	0.971	2	0	0	0	0
Hanley_Ramirez	9	8	2	1	0	1	3	1	1	0.25	0.333	0.75	1.083	0	0	0	0	0
Ivan_Rodriguez	9	9	3	3	0	0	0	0	0	0.333	0.333	0.667	1	0	0	0	0	0
Michael_Saunders	9	9	2	1	0	0	0	0	4	0.222	0.222	0.333	0.556	0	0	0	0	0
Ryan_Theriot	9	9	2	0	0	0	0	0	1	0.222	0.222	0.222	0.444	0	0	0	0	1
Clete_Thomas	9	8	2	0	0	1	1	1	1	0.25	0.333	0.625	0.958	0	0	0	0	0
Chris_Young	9	6	1	0	0	0	0	3	2	0.167	0.444	0.167	0.611	0	0	1	0	0
Robert_Andino	8	8	4	0	0	0	0	0	0	0.5	0.5	0.5	1	0	0	0	0	0
Willie_Bloomquist	8	6	2	0	0	0	0	1	1	0.333	0.5	0.333	0.833	0	0	0	1	0
Pat_Burrell	8	6	0	0	0	0	0	2	2	0	0.25	0	0.25	0	0	0	0	0
Trevor_Crowe	8	8	0	0	0	0	0	0	0	0	0	0	0	0	0	0	0	1
Matt_Dominguez	8	8	5	0	0	3	7	0	0	0.625	0.625	1.75	2.375	0	0	0	0	1
Chris_Getz	8	7	5	0	0	0	0	1	0	0.714	0.75	0.714	1.464	0	0	0	0	0
Mark_Grudzielanek	8	8	3	0	0	0	0	0	0	0.375	0.375	0.375	0.75	0	0	0	0	0
Luis_Hernandez	8	7	4	0	0	0	0	0	1	0.571	0.571	0.571	1.143	1	0	0	0	0
Kenji_Johjima	8	8	1	0	0	0	0	0	1	0.125	0.125	0.125	0.25	0	0	0	0	1
Austin_Kearns	8	6	1	0	0	0	0	2	4	0.167	0.375	0.167	0.542	0	0	0	0	0
Julio_Lugo	8	8	1	1	0	0	0	0	2	0.125	0.125	0.25	0.375	0	0	0	0	0
Carlos_Perez	8	6	1	1	0	0	0	2	2	0.167	0.375	0.333	0.708	0	0	0	0	0
Omar_Quintanilla	8	8	1	0	0	0	0	0	0	0.125	0.125	0.125	0.25	0	0	0	0	1
Jarrod_Saltalamacchia	8	8	2	1	0	0	0	0	2	0.25	0.25	0.375	0.625	0	0	0	0	0
Kennys_Vargas	8	8	5	0	0	1	5	0	0	0.625	0.625	1	1.625	0	0	0	0	1
Josh_Wilson	8	7	3	1	0	0	3	0	1	0.429	0.375	0.571	0.946	0	1	0	0	0
Darwin_Barney	7	7	2	1	0	0	0	0	1	0.286	0.286	0.429	0.714	0	0	0	0	0
Gregor_Blanco	7	6	0	0	0	0	0	1	0	0	0.143	0	0.143	0	0	0	0	0
Travis_Buck	7	7	1	0	0	0	0	0	0	0.143	0.143	0.143	0.286	0	0	0	0	0
Nick_Franklin	7	6	2	1	0	0	0	1	1	0.333	0.429	0.5	0.929	0	0	0	0	0
Evan_Gattis	7	7	2	1	0	0	0	0	1	0.286	0.286	0.429	0.714	0	0	0	0	1
Ross_Gload	7	6	1	0	0	0	2	1	0	0.167	0.286	0.167	0.452	0	0	0	0	1
Cesar_Izturis	7	6	1	1	0	0	1	1	0	0.167	0.286	0.333	0.619	0	0	0	0	0
Gabe_Kapler	7	6	0	0	0	0	1	0	2	0	0	0	0	1	0	0	0	0
Don_Kelly	7	7	2	0	0	0	0	0	1	0.286	0.286	0.286	0.571	0	0	0	0	0
Andy_LaRoche	7	7	2	1	0	0	0	0	0	0.286	0.286	0.429	0.714	0	0	0	0	1
Andy_Marte	7	6	2	0	0	0	0	1	1	0.333	0.429	0.333	0.762	0	0	0	0	0
Richie_Sexson	7	6	1	0	0	1	1	1	2	0.167	0.286	0.667	0.952	0	0	0	0	0
George_Springer	7	7	2	0	0	0	0	0	3	0.286	0.286	0.286	0.571	0	0	0	0	0
Yorvit_Torrealba	7	5	0	0	0	0	1	1	0	0	0.143	0	0.143	0	1	0	0	0
Rocco_Baldelli	6	4	0	0	0	0	0	2	1	0	0.333	0	0.333	0	0	0	0	0
Rod_Barajas	6	6	1	1	0	0	1	0	2	0.167	0.167	0.333	0.5	0	0	0	0	0
Josh_Bell	6	6	2	0	0	0	1	0	3	0.333	0.333	0.333	0.667	0	0	0	0	0
Mookie_Betts	6	6	3	1	0	0	2	0	0	0.5	0.5	0.667	1.167	0	0	0	0	0
Hank_Blalock	6	6	1	0	0	0	0	0	1	0.167	0.167	0.167	0.333	0	0	0	0	0
Emilio_Bonifacio	6	5	1	1	0	0	1	1	2	0.2	0.333	0.4	0.733	0	0	0	0	0
Peter_Bourjos	6	5	0	0	0	0	0	1	1	0	0.167	0	0.167	0	0	0	0	0
Mark_Canha	6	4	0	0	0	0	0	2	1	0	0.333	0	0.333	0	0	0	0	0
Jason_Castro	6	6	3	0	0	1	1	0	1	0.5	0.5	1	1.5	0	0	0	0	0
Carlos_Corporan	6	5	1	0	0	0	0	0	3	0.2	0.333	0.2	0.533	0	0	0	1	0
Joe_Crede	6	4	1	1	0	0	1	1	1	0.25	0.333	0.5	0.833	0	1	0	0	0
Stephen_Drew	6	5	1	1	0	0	0	1	2	0.2	0.333	0.4	0.733	0	0	0	0	0
Nate_Freiman	6	6	1	0	0	0	0	0	0	0.167	0.167	0.167	0.333	0	0	0	0	0
Kosuke_Fukudome	6	6	2	0	0	0	0	0	2	0.333	0.333	0.333	0.667	0	0	0	0	1
Adrian_Gonzalez	6	5	0	0	0	0	0	1	0	0	0.167	0	0.167	0	0	0	0	0
Jason_Heyward	6	6	0	0	0	0	0	0	1	0	0	0	0	0	0	0	0	0
Matt_Holliday	6	6	3	1	0	0	0	0	1	0.5	0.5	0.667	1.167	0	0	0	0	0
Conor_Jackson	6	6	1	0	0	0	0	0	2	0.167	0.167	0.167	0.333	0	0	0	0	0
Mike_Jacobs	6	6	1	1	0	0	0	0	2	0.167	0.167	0.333	0.5	0	0	0	0	0
Dan_Johnson	6	6	1	0	0	0	0	0	0	0.167	0.167	0.167	0.333	0	0	0	0	1
Matthew_Joyce	6	5	1	0	0	0	0	1	2	0.2	0.333	0.2	0.533	0	0	0	0	1
Jason_Kendall	6	6	1	1	0	0	1	0	2	0.167	0.167	0.333	0.5	0	0	0	0	0
Kevin_Kouzmanoff	6	6	2	0	0	1	1	0	0	0.333	0.333	0.833	1.167	0	0	0	0	0
Brett_Lawrie	6	5	2	1	0	1	1	1	1	0.4	0.5	1.2	1.7	0	0	0	0	0
Francisco_Lindor	6	6	3	0	0	0	1	0	1	0.5	0.5	0.5	1	0	0	0	0	0
Ketel_Marte	6	6	0	0	0	0	0	0	2	0	0	0	0	0	0	0	0	0
Andrew_McCutchen	6	5	2	0	0	0	1	1	1	0.4	0.5	0.4	0.9	0	0	0	0	0
Adam_Moore	6	6	1	0	0	0	1	0	1	0.167	0.167	0.167	0.333	0	0	0	0	0
Mitch_Moreland	6	6	2	0	0	0	0	0	0	0.333	0.333	0.333	0.667	0	0	0	0	0
Mike_Morse	6	6	0	0	0	0	0	0	0	0	0	0	0	0	0	0	0	1
Xavier_Nady	6	6	1	0	0	0	0	0	2	0.167	0.167	0.167	0.333	0	0	0	0	0
Corey_Patterson	6	6	3	0	0	2	4	0	0	0.5	0.5	1.5	2	0	0	0	0	0
Steve_Pearce	6	6	1	0	0	0	0	0	1	0.167	0.167	0.167	0.333	0	0	0	0	1
Tony_Pena	6	6	0	0	0	0	0	0	0	0	0	0	0	0	0	0	0	0
Hunter_Pence	6	6	2	1	0	1	1	0	2	0.333	0.333	1	1.333	0	0	0	0	0
Roberto_Perez	6	4	0	0	0	0	0	1	4	0	0.2	0	0.2	1	0	0	0	0
Juan_Pierre	6	6	1	0	0	0	0	0	0	0.167	0.167	0.167	0.333	0	0	0	0	0
Martin_Prado	6	6	2	0	0	2	3	0	1	0.333	0.333	1.333	1.667	0	0	0	0	0
Mike_Redmond	6	5	1	0	0	0	0	1	0	0.2	0.333	0.2	0.533	0	0	0	0	0
Edgar_Renteria	6	6	2	0	0	0	0	0	0	0.333	0.333	0.333	0.667	0	0	0	0	0
Jason_Repko	6	6	1	0	0	0	0	0	1	0.167	0.167	0.167	0.333	0	0	0	0	0
Ben_Revere	6	6	3	0	0	0	0	0	0	0.5	0.5	0.5	1	0	0	0	0	0
Ryan_Roberts	6	5	1	1	0	0	0	1	2	0.2	0.333	0.4	0.733	0	0	0	0	0
Jimmy_Rollins	6	6	1	0	0	0	0	0	1	0.167	0.167	0.167	0.333	0	0	0	0	0
David_Ross	6	5	3	1	0	0	0	1	1	0.6	0.667	0.8	1.467	0	0	0	0	0
Pablo_Sandoval	6	6	3	1	0	0	0	0	0	0.5	0.5	0.667	1.167	0	0	0	0	0
Marcus_Semien	6	5	1	0	0	0	0	1	1	0.2	0.333	0.2	0.533	0	0	0	0	0
Andrelton_Simmons	6	5	2	0	0	1	2	1	0	0.4	0.5	1	1.5	0	0	0	0	1
Scott_Sizemore	6	6	1	0	0	1	1	0	2	0.167	0.167	0.667	0.833	0	0	0	0	1
Justin_Smoak	6	6	1	0	0	0	0	0	1	0.167	0.167	0.167	0.333	0	0	0	0	0
Steven_Souza	6	6	2	0	0	0	1	0	0	0.333	0.333	0.333	0.667	0	0	0	0	1
Taylor_Teagarden	6	6	1	0	0	0	0	0	2	0.167	0.167	0.167	0.333	0	0	0	0	0
Steven_Tolleson	6	6	2	2	0	0	0	0	0	0.333	0.333	0.667	1	0	0	0	0	0
Dan_Uggla	6	6	1	1	0	0	1	0	2	0.167	0.167	0.333	0.5	0	0	0	0	0
Justin_Upton	6	5	1	0	0	0	1	0	0	0.2	0.167	0.2	0.367	0	1	0	0	0
Jason_Varitek	6	6	1	0	0	0	0	0	1	0.167	0.167	0.167	0.333	0	0	0	0	0
Jose_Vidro	6	5	2	0	0	0	0	1	0	0.4	0.5	0.4	0.9	0	0	0	0	0
J.P._Arencibia	5	3	2	1	0	1	4	2	0	0.667	0.8	2	2.8	0	0	0	0	0
Francisco_Cervelli	5	5	0	0	0	0	0	0	3	0	0	0	0	0	0	0	0	0
Jeff_Cirillo	5	5	2	1	0	0	1	0	0	0.4	0.4	0.6	1	0	0	0	0	2
Mark_DeRosa	5	5	1	0	0	1	3	0	1	0.2	0.2	0.8	1	0	0	0	0	1
Jason_Donald	5	4	1	1	0	0	0	1	0	0.25	0.4	0.5	0.9	0	0	0	0	0
Troy_Glaus	5	5	0	0	0	0	0	0	1	0	0	0	0	0	0	0	0	0
Scott_Hairston	5	5	2	0	0	0	0	0	0	0.4	0.4	0.4	0.8	0	0	0	0	0
Ryan_Hanigan	5	5	4	3	0	0	2	0	0	0.8	0.8	1.4	2.2	0	0	0	0	0
Ramon_Hernandez	5	5	0	0	0	0	0	0	0	0	0	0	0	0	0	0	0	0
Mike_Hessman	5	5	1	0	0	0	1	0	2	0.2	0.2	0.2	0.4	0	0	0	0	0
L.J._Hoes	5	5	1	1	0	0	0	0	2	0.2	0.2	0.4	0.6	0	0	0	0	1
Elliot_Johnson	5	5	0	0	0	0	0	0	4	0	0	0	0	0	0	0	0	0
Caleb_Joseph	5	3	0	0	0	0	0	2	1	0	0.4	0	0.4	0	0	0	0	0
Ryan_Kalish	5	4	0	0	0	0	0	1	1	0	0.2	0	0.2	0	0	0	0	0
Matt_LaPorta	5	5	0	0	0	0	1	0	2	0	0	0	0	0	0	0	0	1
Brad_Miller	5	4	1	0	0	1	2	0	1	0.25	0.25	1	1.25	1	0	0	0	0
Bengie_Molina	5	3	0	0	0	0	0	2	1	0	0.4	0	0.4	0	0	0	0	1
Logan_Morrison	5	5	2	1	0	0	0	0	0	0.4	0.4	0.6	1	0	0	0	0	0
John_Ryan_Murphy	5	5	2	1	0	0	0	0	0	0.4	0.4	0.6	1	0	0	0	0	0
Daniel_Nava	5	5	0	0	0	0	0	0	1	0	0	0	0	0	0	0	0	0
Jay_Payton	5	4	0	0	0	0	0	1	1	0	0.2	0	0.2	0	0	0	0	0
Wily_Mo_Pena	5	5	0	0	0	0	0	0	0	0	0	0	0	0	0	0	0	1
Aramis_Ramirez	5	5	1	1	0	0	0	0	1	0.2	0.2	0.4	0.6	0	0	0	0	0
Manny_Ramirez	5	5	1	0	0	0	0	0	1	0.2	0.2	0.2	0.4	0	0	0	0	0
Rene_Rivera	5	4	1	1	0	0	0	0	2	0.25	0.25	0.5	0.75	1	0	0	0	0
Anthony_Rizzo	5	5	0	0	0	0	1	0	1	0	0	0	0	0	0	0	0	0
Jerry_Sands	5	4	1	0	0	0	0	1	1	0.25	0.4	0.25	0.65	0	0	0	0	0
Ramon_Santiago	5	5	2	0	0	0	0	0	0	0.4	0.4	0.4	0.8	0	0	0	0	0
Dane_Sardinha	5	5	0	0	0	0	0	0	3	0	0	0	0	0	0	0	0	0
Shannon_Stewart	5	5	2	0	0	0	1	0	0	0.4	0.4	0.4	0.8	0	0	0	0	0
Eugenio_Suarez	5	1	0	0	0	0	1	2	0	0	0.5	0	0.5	1	1	0	0	0
Frank_Thomas	5	4	0	0	0	0	0	1	1	0	0.2	0	0.2	0	0	0	0	1
Jonathan_Villar	5	5	4	1	1	0	2	0	0	0.8	0.8	1.4	2.2	0	0	0	0	0
Jemile_Weeks	5	4	1	0	0	0	1	0	0	0.25	0.25	0.25	0.5	1	0	0	0	0
Jamie_Burke	4	3	1	1	0	0	0	1	1	0.333	0.5	0.667	1.167	0	0	0	0	0
Everth_Cabrera	4	3	0	0	0	0	0	0	0	0	0	0	0	1	0	0	0	0
Mike_Carp	4	4	0	0	0	0	0	0	2	0	0	0	0	0	0	0	0	0
Curt_Casali	4	3	0	0	0	0	0	1	1	0	0.25	0	0.25	0	0	0	0	0
Ronny_Cedeno	4	4	1	1	0	0	1	0	0	0.25	0.25	0.5	0.75	0	0	0	0	0
Collin_Cowgill	4	4	1	0	0	0	0	0	1	0.25	0.25	0.25	0.5	0	0	0	0	0
Andy_Dirks	4	2	0	0	0	0	0	1	0	0	0.5	0	0.5	0	0	0	1	0
Zach_Duke	4	4	0	0	0	0	0	0	1	0	0	0	0	0	0	0	0	0
Dee_Gordon	4	4	2	1	0	0	0	0	0	0.5	0.5	0.75	1.25	0	0	0	0	0
Didi_Gregorius	4	3	1	0	0	0	1	0	0	0.333	0.25	0.333	0.583	0	1	0	0	0
Jerry_Hairston	4	3	1	0	0	0	1	1	0	0.333	0.5	0.333	0.833	0	0	0	0	0
Billy_Hamilton	4	4	0	0	0	0	0	0	2	0	0	0	0	0	0	0	0	0
Brock_Holt	4	4	2	1	1	0	0	0	0	0.5	0.5	1.25	1.75	0	0	0	0	0
Adam_Kennedy	4	4	0	0	0	0	0	0	0	0	0	0	0	0	0	0	0	0
Fred_Lewis	4	4	2	1	0	0	2	0	1	0.5	0.5	0.75	1.25	0	0	0	0	0
Luis_Montanez	4	3	0	0	0	0	0	1	0	0	0.25	0	0.25	0	0	0	0	0
Daniel_Murphy	4	4	1	0	0	0	0	0	1	0.25	0.25	0.25	0.5	0	0	0	0	0
Jayson_Nix	4	4	1	0	0	0	0	0	1	0.25	0.25	0.25	0.5	0	0	0	0	0
Kevin_Pillar	4	4	1	0	0	0	0	0	0	0.25	0.25	0.25	0.5	0	0	0	0	0
Carlos_Quentin	4	4	2	1	0	0	0	0	0	0.5	0.5	0.75	1.25	0	0	0	0	0
Will_Rhymes	4	4	0	0	0	0	0	0	0	0	0	0	0	0	0	0	0	0
Matt_Stairs	4	3	0	0	0	0	0	1	2	0	0.25	0	0.25	0	0	0	0	0
Drew_Stubbs	4	4	1	0	0	0	0	0	0	0.25	0.25	0.25	0.5	0	0	0	0	0
Jose_Tabata	4	4	1	0	0	1	1	0	1	0.25	0.25	1	1.25	0	0	0	0	0
Josh_Thole	4	4	2	1	0	0	1	0	0	0.5	0.5	0.75	1.25	0	0	0	0	0
Preston_Tucker	4	4	0	0	0	0	0	0	1	0	0	0	0	0	0	0	0	0
Neil_Walker	4	4	0	0	0	0	0	0	1	0	0	0	0	0	0	0	0	0
Reggie_Willits	4	4	1	0	0	0	0	0	0	0.25	0.25	0.25	0.5	0	0	0	0	0
Eric_Young	4	4	3	0	0	0	1	0	0	0.75	0.75	0.75	1.5	0	0	0	0	0
Cory_Aldridge	3	3	0	0	0	0	0	0	2	0	0	0	0	0	0	0	0	0
Yonder_Alonso	3	3	2	0	0	0	0	0	0	0.667	0.667	0.667	1.333	0	0	0	0	0
Pedro_Alvarez	3	2	0	0	0	0	0	1	1	0	0.333	0	0.333	0	0	0	0	0
Alfredo_Amezaga	3	3	1	1	0	0	1	0	1	0.333	0.333	0.667	1	0	0	0	0	0
Garret_Anderson	3	3	1	0	0	0	0	0	1	0.333	0.333	0.333	0.667	0	0	0	0	0
Garrett_Atkins	3	3	0	0	0	0	0	0	0	0	0	0	0	0	0	0	0	0
Rich_Aurilia	3	3	1	0	0	1	1	0	0	0.333	0.333	1.333	1.667	0	0	0	0	0
Wes_Bankston	3	3	0	0	0	0	0	0	2	0	0	0	0	0	0	0	0	0
Josh_Bard	3	3	0	0	0	0	0	0	2	0	0	0	0	0	0	0	0	0
Brandon_Barnes	3	3	1	1	0	0	1	0	1	0.333	0.333	0.667	1	0	0	0	0	0
Tim_Beckham	3	2	1	0	0	0	0	1	1	0.5	0.667	0.5	1.167	0	0	0	0	0
Carlos_Beltran	3	3	0	0	0	0	0	0	0	0	0	0	0	0	0	0	0	0
Joe_Benson	3	3	0	0	0	0	0	0	2	0	0	0	0	0	0	0	0	0
Angel_Berroa	3	3	0	0	0	0	0	0	1	0	0	0	0	0	0	0	0	1
Craig_Biggio	3	3	1	0	0	1	1	0	1	0.333	0.333	1.333	1.667	0	0	0	0	0
Greg_Bird	3	3	0	0	0	0	0	0	2	0	0	0	0	0	0	0	0	0
Andres_Blanco	3	3	0	0	0	0	0	0	0	0	0	0	0	0	0	0	0	0
Henry_Blanco	3	3	1	1	0	0	0	0	1	0.333	0.333	0.667	1	0	0	0	0	0
Brandon_Boggs	3	3	0	0	0	0	0	0	1	0	0	0	0	0	0	0	0	0
Jason_Botts	3	3	0	0	0	0	0	0	2	0	0	0	0	0	0	0	0	0
Rob_Bowen	3	3	1	1	0	0	2	0	1	0.333	0.333	0.667	1	0	0	0	0	0
Andrew_Brown	3	3	1	0	0	0	0	0	0	0.333	0.333	0.333	0.667	0	0	0	0	0
Domonic_Brown	3	3	0	0	0	0	1	0	0	0	0	0	0	0	0	0	0	0
Jay_Bruce	3	2	0	0	0	0	0	1	0	0	0.333	0	0.333	0	0	0	0	1
Chris_Burke	3	3	2	1	0	0	1	0	0	0.667	0.667	1	1.667	0	0	0	0	0
Billy_Burns	3	3	0	0	0	0	0	0	1	0	0	0	0	0	0	0	0	0
Emmanuel_Burriss	3	3	1	0	0	0	0	0	0	0.333	0.333	0.333	0.667	0	0	0	0	0
Joey_Butler	3	3	2	0	0	0	1	0	0	0.667	0.667	0.667	1.333	0	0	0	0	0
Byron_Buxton	3	3	1	1	0	0	0	0	1	0.333	0.333	0.667	1	0	0	0	0	0
Freddie_Bynum	3	3	1	0	0	0	1	0	0	0.333	0.333	0.333	0.667	0	0	0	0	0
Eric_Byrnes	3	3	0	0	0	0	0	0	1	0	0	0	0	0	0	0	0	0
Miguel_Cairo	3	3	0	0	0	0	0	0	2	0	0	0	0	0	0	0	0	0
Matt_Carpenter	3	3	0	0	0	0	0	0	0	0	0	0	0	0	0	0	0	0
Matt_Carson	3	3	1	0	0	0	1	0	1	0.333	0.333	0.333	0.667	0	0	0	0	0
Jose_Castillo	3	3	1	1	0	0	0	0	1	0.333	0.333	0.667	1	0	0	0	0	0
Welington_Castillo	3	3	0	0	0	0	0	0	2	0	0	0	0	0	0	0	0	0
Robinson_Chirinos	3	3	2	0	0	2	2	0	1	0.667	0.667	2.667	3.333	0	0	0	0	0
Tyler_Colvin	3	3	2	0	0	1	3	0	0	0.667	0.667	1.667	2.333	0	0	0	0	0
Brooks_Conrad	3	3	1	1	0	0	2	0	1	0.333	0.333	0.667	1	0	0	0	0	0
Jose_Constanza	3	3	0	0	0	0	0	0	0	0	0	0	0	0	0	0	0	0
Kaleb_Cowart	3	3	0	0	0	0	0	0	1	0	0	0	0	0	0	0	0	0
Zack_Cozart	3	3	2	0	0	0	0	0	0	0.667	0.667	0.667	1.333	0	0	0	0	0
Brandon_Crawford	3	3	1	0	0	0	0	0	0	0.333	0.333	0.333	0.667	0	0	0	0	0
Aaron_Cunningham	3	3	1	0	0	0	0	0	0	0.333	0.333	0.333	0.667	0	0	0	0	0
Cheslor_Cuthbert	3	3	1	1	0	0	0	0	1	0.333	0.333	0.667	1	0	0	0	0	0
Ryan_Dempster	3	3	0	0	0	0	0	0	1	0	0	0	0	0	0	0	0	0
Corey_Dickerson	3	3	0	0	0	0	0	0	0	0	0	0	0	0	0	0	0	0
Derek_Dietrich	3	3	1	0	0	1	2	0	1	0.333	0.333	1.333	1.667	0	0	0	0	1
German_Duran	3	3	1	1	0	0	0	0	0	0.333	0.333	0.667	1	0	0	0	0	0
Ray_Durham	3	2	2	0	0	0	1	1	0	1	1	1	2	0	0	0	0	0
David_Eckstein	3	3	2	1	0	0	0	0	0	0.667	0.667	1	1.667	0	0	0	0	0
Jake_Elmore	3	3	1	0	0	0	0	0	0	0.333	0.333	0.333	0.667	0	0	0	0	0
Morgan_Ensberg	3	3	0	0	0	0	0	0	0	0	0	0	0	0	0	0	0	1
Andre_Ethier	3	1	0	0	0	0	0	1	0	0	0.667	0	0.667	0	0	0	1	0
Tommy_Everidge	3	3	0	0	0	0	0	0	2	0	0	0	0	0	0	0	0	0
Ryan_Flaherty	3	3	0	0	0	0	0	0	1	0	0	0	0	0	0	0	0	0
Pedro_Florimon	3	2	0	0	0	0	0	1	2	0	0.333	0	0.333	0	0	0	0	0
Mike_Fontenot	3	3	0	0	0	0	0	0	2	0	0	0	0	0	0	0	0	0
Dexter_Fowler	3	2	1	1	0	0	0	1	1	0.5	0.667	1	1.667	0	0	0	0	0
Jake_Fox	3	2	0	0	0	0	0	1	1	0	0.333	0	0.333	0	0	0	0	1
Todd_Frazier	3	3	0	0	0	0	0	0	0	0	0	0	0	0	0	0	0	0
Ryan_Freel	3	1	1	0	0	0	0	1	0	1	1	1	2	0	0	0	1	0
David_Freese	3	2	2	0	0	1	1	1	0	1	1	2.5	3.5	0	0	0	0	0
Eric_Fryer	3	3	1	0	0	0	1	0	0	0.333	0.333	0.333	0.667	0	0	0	0	0
Rafael_Furcal	3	3	1	1	0	0	0	0	0	0.333	0.333	0.667	1	0	0	0	0	0
Nomar_Garciaparra	3	3	2	0	0	0	0	0	0	0.667	0.667	0.667	1.333	0	0	0	0	0
Conor_Gillaspie	3	3	1	1	0	0	1	0	0	0.333	0.333	0.667	1	0	0	0	0	0
Brad_Glenn	3	3	0	0	0	0	0	0	1	0	0	0	0	0	0	0	0	0
Chris_Gomez	3	3	1	1	0	0	0	0	1	0.333	0.333	0.667	1	0	0	0	0	0
Randal_Grichuk	3	3	0	0	0	0	0	0	2	0	0	0	0	0	0	0	0	0
Gabe_Gross	3	3	1	0	0	0	0	0	0	0.333	0.333	0.333	0.667	0	0	0	0	0
Jesus_Guzman	3	1	1	0	0	0	0	2	0	1	1	1	2	0	0	0	0	0
Jedd_Gyorko	3	3	0	0	0	0	0	0	0	0	0	0	0	0	0	0	0	0
Greg_Halman	3	3	3	0	0	0	0	0	0	1	1	1	2	0	0	0	0	0
Josh_Harrison	3	3	1	1	0	0	0	0	0	0.333	0.333	0.667	1	0	0	0	0	0
Corey_Hart	3	3	0	0	0	0	0	0	1	0	0	0	0	0	0	0	0	0
Brad_Hawpe	3	3	1	0	0	0	0	0	0	0.333	0.333	0.333	0.667	0	0	0	0	0
Brett_Hayes	3	3	1	0	0	1	1	0	1	0.333	0.333	1.333	1.667	0	0	0	0	0
Adeiny_Hechavarria	3	3	1	0	0	0	0	0	0	0.333	0.333	0.333	0.667	0	0	0	0	0
Todd_Helton	3	3	0	0	0	0	0	0	2	0	0	0	0	0	0	0	0	0
Enrique_Hernandez	3	3	2	0	0	0	0	0	0	0.667	0.667	0.667	1.333	0	0	0	0	0
Aaron_Hicks	3	3	1	0	0	0	0	0	1	0.333	0.333	0.333	0.667	0	0	0	0	0
Brandon_Hicks	3	1	0	0	0	0	0	2	0	0	0.667	0	0.667	0	0	0	0	0
Bryan_Holaday	3	2	1	0	0	0	0	0	0	0.5	0.667	0.5	1.167	0	0	0	1	0
Ryan_Howard	3	3	1	0	0	0	0	0	1	0.333	0.333	0.333	0.667	0	0	0	0	0
Luke_Hughes	3	2	1	0	0	0	0	1	0	0.5	0.667	0.5	1.167	0	0	0	0	0
Chris_Iannetta	3	3	1	0	0	0	0	0	1	0.333	0.333	0.333	0.667	0	0	0	0	0
Maicer_Izturis	3	3	2	0	0	1	1	0	0	0.667	0.667	1.667	2.333	0	0	0	0	0
John_Jaso	3	2	1	0	0	0	1	1	1	0.5	0.667	0.5	1.167	0	0	0	0	0
Chris_Johnson	3	3	2	0	0	0	0	0	0	0.667	0.667	0.667	1.333	0	0	0	0	0
Rob_Johnson	3	3	1	0	0	0	0	0	1	0.333	0.333	0.333	0.667	0	0	0	0	0
Chipper_Jones	3	3	1	0	0	0	0	0	0	0.333	0.333	0.333	0.667	0	0	0	0	0
Garrett_Jones	3	3	1	0	0	0	0	0	1	0.333	0.333	0.333	0.667	0	0	0	0	0
Kila_Ka'aihue	3	2	0	0	0	0	0	1	0	0	0.333	0	0.333	0	0	0	0	0
Jung_Ho_Kang	3	3	1	0	0	1	2	0	1	0.333	0.333	1.333	1.667	0	0	0	0	0
Juan_Lagares	3	3	1	0	0	0	1	0	1	0.333	0.333	0.333	0.667	0	0	0	0	0
Bryan_LaHair	3	3	0	0	0	0	0	0	2	0	0	0	0	0	0	0	0	0
Junior_Lake	3	3	0	0	0	0	0	0	2	0	0	0	0	0	0	0	0	0
Jason_LaRue	3	3	0	0	0	0	0	0	2	0	0	0	0	0	0	0	0	0
Carlos_Lee	3	2	1	1	0	0	0	1	0	0.5	0.667	1	1.667	0	0	1	0	0
Alex_Liddi	3	2	1	1	0	0	1	1	0	0.5	0.667	1	1.667	0	0	0	0	0
Felipe_Lopez	3	3	0	0	0	0	1	0	0	0	0	0	0	0	0	0	0	0
Mark_Loretta	3	1	0	0	0	0	0	2	0	0	0.667	0	0.667	0	0	0	0	0
Matt_Macri	3	3	1	0	0	0	0	0	1	0.333	0.333	0.333	0.667	0	0	0	0	0
Mikie_Mahtook	3	2	1	0	0	0	0	0	1	0.5	0.5	0.5	1	1	0	0	0	0
Jake_Marisnick	3	3	2	1	0	0	0	0	1	0.667	0.667	1	1.667	0	0	0	0	0
Starling_Marte	3	2	0	0	0	0	0	0	0	0	0	0	0	1	0	0	0	0
Justin_Maxwell	3	3	1	1	0	0	0	0	1	0.333	0.333	0.667	1	0	0	0	0	0
Cameron_Maybin	3	3	1	0	0	1	1	0	0	0.333	0.333	1.333	1.667	0	0	0	0	0
James_McCann	3	3	2	1	0	0	1	0	0	0.667	0.667	1	1.667	0	0	0	0	0
Tommy_Medica	3	3	0	0	0	0	0	0	2	0	0	0	0	0	0	0	0	0
Jordy_Mercer	3	3	0	0	0	0	0	0	0	0	0	0	0	0	0	0	0	0
Devin_Mesoraco	3	3	1	0	1	0	1	0	0	0.333	0.333	1	1.333	0	0	0	0	0
Will_Middlebrooks	3	3	0	0	0	0	0	0	1	0	0	0	0	0	0	0	0	0
Aaron_Miles	3	3	1	1	0	0	0	0	1	0.333	0.333	0.667	1	0	0	0	0	0
Lastings_Milledge	3	3	2	1	0	0	0	0	1	0.667	0.667	1	1.667	0	0	0	0	0
Jose_Molina	3	2	0	0	0	0	1	0	1	0	0	0	0	0	1	0	0	0
Yadier_Molina	3	3	2	0	0	0	0	0	0	0.667	0.667	0.667	1.333	0	0	0	0	0
Jesus_Montero	3	3	1	0	0	0	1	0	1	0.333	0.333	0.333	0.667	0	0	0	0	1
Brandon_Moss	3	3	1	0	0	0	0	0	1	0.333	0.333	0.333	0.667	0	0	0	0	0
Eric_Munson	3	2	0	0	0	0	0	1	0	0	0.333	0	0.333	0	0	0	0	1
Donnie_Murphy	3	2	0	0	0	0	0	1	2	0	0.333	0	0.333	0	0	0	0	0
Yamaico_Navarro	3	3	2	0	0	0	1	0	0	0.667	0.667	0.667	1.333	0	0	0	0	0
Rougned_Odor	3	3	0	0	0	0	0	0	1	0	0	0	0	0	0	0	0	0
Mike_Olt	3	3	1	0	0	1	1	0	1	0.333	0.333	1.333	1.667	0	0	0	0	0
Daniel_Ortmeier	3	2	0	0	0	0	1	1	0	0	0.333	0	0.333	0	0	0	0	0
Marcell_Ozuna	3	3	1	1	0	0	0	0	0	0.333	0.333	0.667	1	0	0	0	0	0
Chris_Parmelee	3	3	1	1	0	0	2	0	0	0.333	0.333	0.667	1	0	0	0	0	0
Hernan_Perez	3	3	2	0	0	0	0	0	0	0.667	0.667	0.667	1.333	0	0	0	0	0
Juan_Perez	3	3	0	0	0	0	0	0	2	0	0	0	0	0	0	0	0	0
Josh_Phegley	3	3	0	0	0	0	0	0	2	0	0	0	0	0	0	0	0	0
Josh_Phelps	3	3	0	0	0	0	0	0	0	0	0	0	0	0	0	0	0	0
Brandon_Phillips	3	3	2	0	0	0	0	0	0	0.667	0.667	0.667	1.333	0	0	0	0	0
Felix_Pie	3	3	0	0	0	0	0	0	0	0	0	0	0	0	0	0	0	0
A.J._Pierzynski	3	3	0	0	0	0	0	0	0	0	0	0	0	0	0	0	0	0
Josmil_Pinto	3	3	2	2	0	0	0	0	0	0.667	0.667	1.333	2	0	0	0	0	0
Buster_Posey	3	3	1	0	0	0	1	0	1	0.333	0.333	0.333	0.667	0	0	0	0	0
Alex_Presley	3	3	1	0	0	0	0	0	0	0.333	0.333	0.333	0.667	0	0	0	0	0
Jurickson_Profar	3	3	2	1	0	0	0	0	0	0.667	0.667	1	1.667	0	0	0	0	0
Yasiel_Puig	3	2	0	0	0	0	0	1	0	0	0.333	0	0.333	0	0	0	0	0
Cody_Ransom	3	3	0	0	0	0	0	0	2	0	0	0	0	0	0	0	0	0
Colby_Rasmus	3	3	1	1	0	0	0	0	0	0.333	0.333	0.667	1	0	0	0	0	0
Joey_Rickard	3	3	1	0	0	0	0	0	0	0.333	0.333	0.333	0.667	0	0	0	0	0
Andrew_Romine	3	3	1	0	0	0	0	0	0	0.333	0.333	0.333	0.667	0	0	0	0	0
Eddie_Rosario	3	3	1	0	0	0	0	0	0	0.333	0.333	0.333	0.667	0	0	0	0	0
Cody_Ross	3	3	1	0	0	0	1	0	0	0.333	0.333	0.333	0.667	0	0	0	0	0
Aaron_Rowand	3	3	1	1	0	0	0	0	0	0.333	0.333	0.667	1	0	0	0	0	0
Darin_Ruf	3	2	1	0	0	1	1	1	0	0.5	0.667	2	2.667	0	0	0	0	0
Carlos_Ruiz	3	3	1	0	0	0	0	0	0	0.333	0.333	0.333	0.667	0	0	0	0	1
Randy_Ruiz	3	3	1	0	0	0	0	0	1	0.333	0.333	0.333	0.667	0	0	0	0	0
Hector_Sanchez	3	3	0	0	0	0	0	0	1	0	0	0	0	0	0	0	0	0
Josh_Satin	3	3	1	0	0	0	0	0	2	0.333	0.333	0.333	0.667	0	0	0	0	0
Ryan_Shealy	3	3	1	0	0	0	0	0	0	0.333	0.333	0.333	0.667	0	0	0	0	0
Jon_Singleton	3	3	1	0	0	0	0	0	2	0.333	0.333	0.333	0.667	0	0	0	0	0
Seth_Smith	3	3	0	0	0	0	0	0	2	0	0	0	0	0	0	0	0	0
Jake_Smolinski	3	3	1	0	0	1	1	0	0	0.333	0.333	1.333	1.667	0	0	0	0	0
Travis_Snider	3	2	2	1	0	0	0	1	0	1	1	1.5	2.5	0	0	0	0	0
Eric_Sogard	3	3	0	0	0	0	0	0	1	0	0	0	0	0	0	0	0	0
Yangervis_Solarte	3	3	0	0	0	0	0	0	0	0	0	0	0	0	0	0	0	0
Sammy_Sosa	3	3	2	0	0	1	2	0	0	0.667	0.667	1.667	2.333	0	0	0	0	0
Ryan_Spilborghs	3	3	0	0	0	0	0	0	2	0	0	0	0	0	0	0	0	0
Willy_Taveras	3	2	1	1	0	0	0	1	0	0.5	0.667	1	1.667	0	0	0	0	0
Chris_Taylor	3	2	2	1	0	0	0	1	0	1	1	1.5	2.5	0	0	0	0	0
Rene_Tosoni	3	3	1	0	0	0	1	0	0	0.333	0.333	0.333	0.667	0	0	0	0	0
Justin_Turner	3	3	0	0	0	0	0	0	1	0	0	0	0	0	0	0	0	0
Chase_Utley	3	2	1	0	0	0	1	1	0	0.5	0.667	0.5	1.167	0	0	0	0	0
Scott_Van_Slyke	3	0	0	0	0	0	0	1	0	0	1	0	0	0	0	0	2	0
Ramon_Vazquez	3	1	1	0	0	0	0	1	0	1	1	1	2	1	0	0	0	0
Omar_Vizquel	3	3	1	0	0	0	0	0	1	0.333	0.333	0.333	0.667	0	0	0	0	0
Stephen_Vogt	3	2	0	0	0	0	0	1	1	0	0.333	0	0.333	0	0	0	0	0
Joey_Votto	3	2	0	0	0	0	0	1	1	0	0.333	0	0.333	0	0	0	0	0
Zach_Walters	3	3	0	0	0	0	0	0	1	0	0	0	0	0	0	0	0	0
Jayson_Werth	3	3	0	0	0	0	0	0	2	0	0	0	0	0	0	0	0	0
Bobby_Wilson	3	3	3	1	0	0	0	0	0	1	1	1.333	2.333	0	0	0	0	0
Mike_Wilson	3	3	0	0	0	0	0	0	1	0	0	0	0	0	0	0	0	0
Randy_Winn	3	3	0	0	0	0	0	0	0	0	0	0	0	0	0	0	0	0
Kolten_Wong	3	3	0	0	0	0	0	0	1	0	0	0	0	0	0	0	0	0
David_Wright	3	3	0	0	0	0	0	0	0	0	0	0	0	0	0	0	0	0
Delwyn_Young	3	1	0	0	0	0	0	2	0	0	0.667	0	0.667	0	0	0	0	0
Abraham_Almonte	2	2	1	1	0	0	0	0	0	0.5	0.5	1	1.5	0	0	0	0	0
Lars_Anderson	2	1	0	0	0	0	0	1	0	0	0.5	0	0.5	0	0	0	0	0
Danny_Ardoin	2	2	1	0	0	0	0	0	0	0.5	0.5	0.5	1	0	0	0	0	0
Joaquin_Arias	2	2	1	0	0	0	1	0	0	0.5	0.5	0.5	1	0	0	0	0	0
Wladimir_Balentien	2	1	1	0	0	0	1	0	0	1	0.5	1	1.5	0	1	0	0	0
Josh_Beckett	2	2	0	0	0	0	0	0	2	0	0	0	0	0	0	0	0	0
Lance_Berkman	2	2	0	0	0	0	0	0	1	0	0	0	0	0	0	0	0	0
Hiram_Bocachica	2	2	0	0	0	0	0	0	0	0	0	0	0	0	0	0	0	0
Aaron_Boone	2	2	2	0	0	0	0	0	0	1	1	1	2	0	0	0	0	0
Julio_Borbon	2	1	0	0	0	0	0	0	0	0	0	0	0	1	0	0	0	0
Jackie_Bradley	2	2	0	0	0	0	0	0	1	0	0	0	0	0	0	0	0	0
Matt_Cain	2	2	0	0	0	0	0	0	2	0	0	0	0	0	0	0	0	0
Brett_Carroll	2	2	0	0	0	0	0	0	1	0	0	0	0	0	0	0	0	0
Rusney_Castillo	2	1	1	0	0	0	0	1	0	1	1	1	2	0	0	0	0	0
Juan_Castro	2	1	1	1	0	0	0	1	0	1	1	2	3	0	0	0	0	0
Royce_Clayton	2	2	1	0	0	0	0	0	0	0.5	0.5	0.5	1	0	0	0	0	0
Chris_Coghlan	2	2	0	0	0	0	0	0	1	0	0	0	0	0	0	0	0	0
Dusty_Coleman	2	2	0	0	0	0	0	0	1	0	0	0	0	0	0	0	0	0
Scott_Feldman	2	2	0	0	0	0	0	0	1	0	0	0	0	0	0	0	0	0
Marwin_Gonzalez	2	2	2	1	0	0	0	0	0	1	1	1.5	2.5	0	0	0	0	0
Anthony_Gose	2	2	0	0	0	0	0	0	0	0	0	0	0	0	0	0	0	0
Nick_Green	2	1	0	0	0	0	0	0	1	0	0.5	0	0.5	0	0	0	1	0
Robbie_Grossman	2	2	1	0	0	0	0	0	0	0.5	0.5	0.5	1	0	0	0	0	0
Wes_Helms	2	2	1	0	0	1	1	0	0	0.5	0.5	2	2.5	0	0	0	0	0
Chris_Herrmann	2	2	0	0	0	0	0	0	0	0	0	0	0	0	0	0	0	0
Koyie_Hill	2	2	0	0	0	0	0	0	0	0	0	0	0	0	0	0	0	0
Eric_Hinske	2	2	0	0	0	0	0	0	0	0	0	0	0	0	0	0	0	0
Tyler_Holt	2	2	0	0	0	0	0	0	0	0	0	0	0	0	0	0	0	0
Mitch_Jones	2	2	0	0	0	0	0	0	1	0	0	0	0	0	0	0	0	0
Munenori_Kawasaki	2	2	1	0	0	0	0	0	0	0.5	0.5	0.5	1	0	0	0	0	0
Kyle_Kendrick	2	2	1	0	0	0	0	0	1	0.5	0.5	0.5	1	0	0	0	0	0
Bobby_Kielty	2	1	0	0	0	0	0	1	0	0	0.5	0	0.5	0	0	0	0	0
Ted_Lilly	2	2	0	0	0	0	0	0	1	0	0	0	0	0	0	0	0	0
Joe_Mather	2	1	0	0	0	0	0	1	0	0	0.5	0	0.5	0	0	0	0	0
John_McDonald	2	2	0	0	0	0	0	0	0	0	0	0	0	0	0	0	0	0
Jai_Miller	2	2	0	0	0	0	0	0	2	0	0	0	0	0	0	0	0	0
Matt_Murton	2	2	1	0	0	0	0	0	0	0.5	0.5	0.5	1	0	0	0	0	0
Gregorio_Petit	2	2	1	0	0	0	0	0	1	0.5	0.5	0.5	1	0	0	0	0	0
Jonathan_Pettibone	2	2	0	0	0	0	0	0	1	0	0	0	0	0	0	0	0	0
Andy_Phillips	2	1	0	0	0	0	0	0	0	0	0	0	0	1	0	0	0	0
Jason_Phillips	2	1	0	0	0	0	0	1	0	0	0.5	0	0.5	0	0	0	0	1
Stephen_Piscotty	2	2	1	1	0	0	0	0	0	0.5	0.5	1	1.5	0	0	0	0	0
Gregory_Polanco	2	2	0	0	0	0	0	0	1	0	0	0	0	0	0	0	0	0
Guillermo_Quiroz	2	2	1	0	0	1	2	0	1	0.5	0.5	2	2.5	0	0	0	0	0
Josh_Rabe	2	2	0	0	0	0	0	0	0	0	0	0	0	0	0	0	0	0
Rob_Refsnyder	2	2	1	0	0	0	0	0	0	0.5	0.5	0.5	1	0	0	0	0	0
Shawn_Riggans	2	2	0	0	0	0	0	0	1	0	0	0	0	0	0	0	0	0
Dan_Robertson	2	1	1	0	0	0	0	1	0	1	1	1	2	0	0	0	0	0
Shane_Robinson	2	2	1	0	0	0	0	0	0	0.5	0.5	0.5	1	0	0	0	0	0
Scott_Rolen	2	2	1	0	0	0	0	0	1	0.5	0.5	0.5	1	0	0	0	0	0
Justin_Ruggiano	2	2	0	0	0	0	0	0	0	0	0	0	0	0	0	0	0	0
Dusty_Ryan	2	1	0	0	0	0	0	1	1	0	0.5	0	0.5	0	0	0	0	0
Jordan_Schafer	2	2	1	0	0	0	0	0	1	0.5	0.5	0.5	1	0	0	0	0	0
Jonathan_Schoop	2	2	0	0	0	0	0	0	1	0	0	0	0	0	0	0	0	0
Joey_Terdoslavich	2	2	1	0	0	0	0	0	0	0.5	0.5	0.5	1	0	0	0	0	0
Devon_Travis	2	2	2	1	0	0	0	0	0	1	1	1.5	2.5	0	0	0	0	0
Jason_Tyner	2	2	1	0	0	0	0	0	0	0.5	0.5	0.5	1	0	0	0	0	0
Juan_Uribe	2	2	0	0	0	0	0	0	2	0	0	0	0	0	0	0	0	0
Zelous_Wheeler	2	2	1	0	0	0	0	0	0	0.5	0.5	0.5	1	0	0	0	0	0
Jason_Wood	2	2	1	0	0	0	0	0	1	0.5	0.5	0.5	1	0	0	0	0	0
Danny_Worth	2	2	0	0	0	0	0	0	0	0	0	0	0	0	0	0	0	0
Gregg_Zaun	2	2	0	0	0	0	0	0	0	0	0	0	0	0	0	0	0	0
Tony_Campana	1	1	1	0	0	0	0	0	0	1	1	1	2	0	0	0	0	0
Kevin_Cash	1	1	0	0	0	0	0	0	0	0	0	0	0	0	0	0	0	0
Christian_Colon	1	1	1	0	0	0	0	0	0	1	1	1	2	0	0	0	0	0
Ian_Desmond	1	1	0	0	0	0	0	0	0	0	0	0	0	0	0	0	0	0
Danny_Espinosa	1	0	0	0	0	0	0	0	0	0	1	0	0	0	0	0	1	0
Terrance_Gore	1	1	0	0	0	0	0	0	0	0	0	0	0	0	0	0	0	0
Clayton_Kershaw	1	1	0	0	0	0	0	0	1	0	0	0	0	0	0	0	0	0
Kevin_Kiermaier	1	1	0	0	0	0	1	0	0	0	0	0	0	0	0	0	0	0
Mike_Lamb	1	1	0	0	0	0	0	0	0	0	0	0	0	0	0	0	0	0
Micah_Owings	1	1	0	0	0	0	0	0	1	0	0	0	0	0	0	0	0	0
Mark_Sweeney	1	1	0	0	0	0	0	0	0	0	0	0	0	0	0	0	0	0
Ryan_Zimmerman	1	1	0	0	0	0	0	0	1	0	0	0	0	0	0	0	0	0
