Alcides_Escobar	58	52	14	3	0	0	5	4	6	0.269	0.316	0.327	0.643	1	1	0	0	2
Eric_Hosmer	57	53	10	1	0	2	10	2	12	0.189	0.211	0.321	0.531	0	2	1	0	1
Lorenzo_Cain	52	50	16	7	0	0	4	1	6	0.32	0.346	0.46	0.806	0	0	0	1	1
Salvador_Perez	51	48	18	4	1	2	8	2	8	0.375	0.412	0.625	1.037	0	0	0	1	3
Alex_Gordon	48	46	12	2	0	1	4	2	11	0.261	0.292	0.37	0.661	0	0	0	0	1
Rajai_Davis	46	43	13	3	1	1	2	3	9	0.302	0.348	0.488	0.836	0	0	0	0	1
Jason_Kipnis	42	37	9	1	1	0	4	4	6	0.243	0.333	0.324	0.658	0	0	0	1	0
Mike_Moustakas	42	39	12	3	0	3	6	2	9	0.308	0.357	0.615	0.973	0	0	0	1	0
Brian_Dozier	40	37	7	1	0	2	5	3	9	0.189	0.25	0.378	0.628	0	0	0	0	0
Billy_Butler	39	33	5	0	0	0	1	6	13	0.152	0.282	0.152	0.434	0	0	1	0	1
Miguel_Cabrera	37	33	12	4	0	1	5	3	4	0.364	0.432	0.576	1.008	0	0	1	1	1
Omar_Infante	35	32	6	3	0	0	0	0	8	0.188	0.188	0.281	0.469	3	0	0	0	1
Ian_Kinsler	34	33	10	2	0	0	2	1	5	0.303	0.324	0.364	0.687	0	0	0	0	0
Joe_Mauer	34	32	11	0	0	2	5	2	4	0.344	0.382	0.531	0.914	0	0	0	0	3
Michael_Brantley	32	27	13	4	0	1	6	2	1	0.481	0.5	0.741	1.241	0	2	0	1	1
Torii_Hunter	32	32	11	0	0	0	3	0	9	0.344	0.344	0.344	0.688	0	0	0	0	0
Kendrys_Morales	31	29	9	2	0	1	6	1	5	0.31	0.323	0.483	0.805	0	1	0	0	1
Trevor_Plouffe	31	25	8	2	0	0	3	6	5	0.32	0.452	0.4	0.852	0	0	0	0	0
Austin_Jackson	30	27	8	0	1	1	4	2	6	0.296	0.367	0.481	0.848	0	0	0	1	0
Victor_Martinez	30	30	13	2	0	0	3	0	2	0.433	0.433	0.5	0.933	0	0	0	0	1
Carlos_Santana	29	26	6	2	0	1	5	3	4	0.231	0.31	0.423	0.733	0	0	0	0	0
Mike_Aviles	28	26	10	0	0	0	1	1	1	0.385	0.407	0.385	0.792	1	0	0	0	1
Ryan_Raburn	25	23	4	1	0	0	2	2	8	0.174	0.24	0.217	0.457	0	0	0	0	1
Josh_Willingham	25	21	9	0	0	3	6	3	3	0.429	0.52	0.857	1.377	0	0	0	1	0
Michael_Bourn	24	23	5	3	0	0	0	1	8	0.217	0.25	0.348	0.598	0	0	0	0	1
Nick_Castellanos	24	23	8	0	0	0	2	1	5	0.348	0.375	0.348	0.723	0	0	0	0	1
Nick_Swisher	24	17	5	1	0	0	0	6	4	0.294	0.5	0.353	0.853	0	0	0	1	0
Prince_Fielder	22	18	5	3	0	1	1	4	2	0.278	0.409	0.611	1.02	0	0	1	0	1
J.D._Martinez	22	20	5	0	1	0	1	2	8	0.25	0.318	0.35	0.668	0	0	0	0	0
Danny_Valencia	21	20	2	0	0	0	2	0	3	0.1	0.095	0.1	0.195	0	1	0	0	3
Jose_Altuve	20	20	3	0	0	0	0	0	7	0.15	0.15	0.15	0.3	0	0	0	0	0
Asdrubal_Cabrera	20	19	2	0	0	0	2	1	6	0.105	0.15	0.105	0.255	0	0	0	0	0
Eduardo_Escobar	20	20	3	0	0	0	2	0	6	0.15	0.15	0.15	0.3	0	0	0	0	0
Jason_Castro	19	17	4	2	0	0	3	2	5	0.235	0.316	0.353	0.669	0	0	0	0	0
Nori_Aoki	18	17	7	2	0	0	1	1	2	0.412	0.444	0.529	0.974	0	0	0	0	0
Edwin_Encarnacion	18	16	4	0	0	1	2	2	1	0.25	0.333	0.438	0.771	0	0	0	0	0
Yan_Gomes	18	17	1	0	0	0	0	0	9	0.059	0.111	0.059	0.17	0	0	0	1	1
Oswaldo_Arcia	16	16	4	0	0	0	0	0	6	0.25	0.25	0.25	0.5	0	0	0	0	0
Robinson_Cano	16	14	5	0	0	0	0	2	0	0.357	0.438	0.357	0.795	0	0	1	0	0
Yoenis_Cespedes	16	15	9	2	1	4	10	1	0	0.6	0.625	1.667	2.292	0	0	0	0	1
Justin_Morneau	16	15	6	1	0	0	0	1	4	0.4	0.438	0.467	0.904	0	0	0	0	1
Chris_Carter	15	11	2	2	0	0	0	4	5	0.182	0.4	0.364	0.764	0	0	1	0	0
Starlin_Castro	15	14	0	0	0	0	0	1	3	0	0.067	0	0.067	0	0	0	0	0
Nelson_Cruz	15	14	3	0	0	1	1	1	4	0.214	0.267	0.429	0.695	0	0	0	0	0
Bryan_Holaday	15	13	3	0	0	0	1	1	2	0.231	0.267	0.231	0.497	0	1	0	0	0
David_Ortiz	15	15	2	1	0	0	2	0	5	0.133	0.133	0.2	0.333	0	0	0	0	0
Albert_Pujols	15	14	5	1	0	1	4	1	1	0.357	0.4	0.643	1.043	0	0	0	0	0
Jose_Ramirez	15	12	5	2	0	0	1	1	1	0.417	0.5	0.583	1.083	1	0	0	1	0
Mark_Reynolds	15	15	4	2	1	1	1	0	5	0.267	0.267	0.733	1	0	0	0	0	0
Alex_Rios	15	15	5	3	0	0	1	0	3	0.333	0.333	0.533	0.867	0	0	0	0	0
Mike_Trout	15	11	5	1	0	1	3	4	2	0.455	0.6	0.818	1.418	0	0	0	0	0
Ben_Zobrist	15	13	2	0	0	0	1	2	2	0.154	0.267	0.154	0.421	0	0	0	0	0
Matt_Dominguez	14	13	5	1	0	0	2	1	1	0.385	0.429	0.462	0.89	0	0	0	0	0
J.J._Hardy	14	14	4	1	0	1	2	0	3	0.286	0.286	0.571	0.857	0	0	0	0	0
Aaron_Hicks	14	13	2	1	0	0	1	1	5	0.154	0.214	0.231	0.445	0	0	0	0	0
Adam_Jones	14	12	7	2	0	2	4	2	2	0.583	0.643	1.25	1.893	0	0	0	0	0
Kyle_Seager	14	13	2	0	0	2	5	1	4	0.154	0.214	0.615	0.83	0	0	0	0	0
Kurt_Suzuki	14	13	2	1	0	0	0	1	4	0.154	0.214	0.231	0.445	0	0	0	0	0
Jose_Bautista	13	13	1	0	0	1	2	0	4	0.077	0.077	0.308	0.385	0	0	0	0	0
Jamey_Carroll	13	11	3	0	0	0	2	1	0	0.273	0.308	0.273	0.58	0	1	0	0	0
Shin-Soo_Choo	13	12	6	5	0	0	1	1	2	0.5	0.538	0.917	1.455	0	0	0	0	0
Chris_Colabello	13	11	4	2	0	0	5	2	3	0.364	0.462	0.545	1.007	0	0	0	0	1
Ryan_Doumit	13	12	3	1	0	0	2	0	3	0.25	0.308	0.333	0.641	0	0	0	1	1
Jeff_Francoeur	13	10	6	1	0	1	1	3	3	0.6	0.692	1	1.692	0	0	1	0	0
Nick_Markakis	13	12	2	1	0	0	0	1	4	0.167	0.231	0.25	0.481	0	0	0	0	1
Paulo_Orlando	13	13	6	3	0	0	3	0	2	0.462	0.462	0.692	1.154	0	0	0	0	0
Anthony_Rizzo	13	12	3	2	0	0	0	0	2	0.25	0.308	0.417	0.724	0	0	0	1	0
Elvis_Andrus	12	12	2	0	0	0	1	0	1	0.167	0.167	0.167	0.333	0	0	0	0	1
J.P._Arencibia	12	11	3	0	0	1	1	1	3	0.273	0.333	0.545	0.879	0	0	0	0	0
Erick_Aybar	12	11	1	0	0	0	0	0	2	0.091	0.091	0.091	0.182	1	0	0	0	0
Chris_Davis	12	11	1	1	0	0	2	1	4	0.091	0.167	0.182	0.348	0	0	0	0	0
Josh_Donaldson	12	11	5	1	0	1	1	1	1	0.455	0.5	0.818	1.318	0	0	0	0	0
Josh_Hamilton	12	11	4	2	0	0	3	0	3	0.364	0.417	0.545	0.962	0	0	0	1	0
Chris_Iannetta	12	9	2	0	0	0	0	3	2	0.222	0.417	0.222	0.639	0	0	0	0	0
Howie_Kendrick	12	10	5	1	0	0	2	2	2	0.5	0.583	0.6	1.183	0	0	0	0	0
Brett_Lawrie	12	12	3	0	0	0	0	0	3	0.25	0.25	0.25	0.5	0	0	0	0	0
Darin_Mastroianni	12	12	2	0	0	0	0	0	3	0.167	0.167	0.167	0.333	0	0	0	0	0
Logan_Morrison	12	12	4	0	0	0	0	0	1	0.333	0.333	0.333	0.667	0	0	0	0	0
Mike_Napoli	12	12	3	1	0	1	2	0	6	0.25	0.25	0.583	0.833	0	0	0	0	0
Dustin_Pedroia	12	12	2	0	0	0	0	0	3	0.167	0.167	0.167	0.333	0	0	0	0	0
Hanley_Ramirez	12	12	2	0	0	1	1	0	3	0.167	0.167	0.417	0.583	0	0	0	0	0
Josh_Reddick	12	12	1	0	0	1	1	0	2	0.083	0.083	0.333	0.417	0	0	0	0	0
Danny_Santana	12	11	2	1	0	0	0	1	4	0.182	0.25	0.273	0.523	0	0	0	0	0
George_Springer	12	8	4	0	0	0	1	4	1	0.5	0.667	0.5	1.167	0	0	0	0	0
Mark_Trumbo	12	10	2	0	0	0	2	2	4	0.2	0.333	0.2	0.533	0	0	1	0	0
Lonnie_Chisenhall	11	10	2	0	1	0	2	1	3	0.2	0.273	0.4	0.673	0	0	0	0	0
Jose_Iglesias	11	11	4	1	0	0	1	0	2	0.364	0.364	0.455	0.818	0	0	0	0	1
Munenori_Kawasaki	11	10	3	0	0	0	0	1	1	0.3	0.364	0.3	0.664	0	0	0	0	0
Evan_Longoria	11	11	4	0	0	0	0	0	1	0.364	0.364	0.364	0.727	0	0	0	0	2
Jed_Lowrie	11	10	5	1	0	0	2	1	0	0.5	0.545	0.6	1.145	0	0	0	0	1
Manny_Machado	11	10	2	0	0	0	0	1	2	0.2	0.273	0.2	0.473	0	0	0	0	1
Jhonny_Peralta	11	10	4	1	0	0	2	1	3	0.4	0.455	0.5	0.955	0	0	1	0	1
Drew_Stubbs	11	9	0	0	0	0	0	2	1	0	0.182	0	0.182	0	0	0	0	0
Delmon_Young	11	10	5	0	0	0	3	0	2	0.5	0.545	0.5	1.045	0	0	0	1	0
Dexter_Fowler	10	8	4	1	0	0	1	2	2	0.5	0.6	0.625	1.225	0	0	1	0	0
Evan_Gattis	10	10	3	0	0	0	1	0	1	0.3	0.3	0.3	0.6	0	0	0	0	0
Brandon_Guyer	10	10	3	0	0	0	1	0	2	0.3	0.3	0.3	0.6	0	0	0	0	0
Michael_Saunders	10	8	2	0	1	0	1	2	3	0.25	0.4	0.5	0.9	0	0	0	0	0
Brandon_Barnes	9	9	3	0	0	0	0	0	1	0.333	0.333	0.333	0.667	0	0	0	0	2
Adrian_Beltre	9	9	3	0	0	0	1	0	0	0.333	0.333	0.333	0.667	0	0	0	0	0
Mookie_Betts	9	9	2	1	0	0	1	0	2	0.222	0.222	0.333	0.556	0	0	0	0	0
Xander_Bogaerts	9	9	3	0	0	0	0	0	1	0.333	0.333	0.333	0.667	0	0	0	0	2
Jackie_Bradley	9	9	3	0	0	0	1	0	0	0.333	0.333	0.333	0.667	0	0	0	0	0
Alberto_Callaspo	9	9	2	0	0	0	0	0	1	0.222	0.222	0.222	0.444	0	0	0	0	0
Pedro_Ciriaco	9	9	3	0	1	0	0	0	1	0.333	0.333	0.556	0.889	0	0	0	0	1
Chris_Denorfia	9	8	0	0	0	0	0	1	3	0	0.111	0	0.111	0	0	0	0	1
Mark_DeRosa	9	8	0	0	0	0	0	1	3	0	0.111	0	0.111	0	0	0	0	0
Yunel_Escobar	9	9	3	0	0	0	1	0	1	0.333	0.333	0.333	0.667	0	0	0	0	2
Logan_Forsythe	9	8	5	3	0	1	5	0	1	0.625	0.556	1.375	1.931	0	1	0	0	0
Johnny_Giavotella	9	8	4	1	0	0	0	1	1	0.5	0.556	0.625	1.181	0	0	0	0	0
Adam_Lind	9	9	2	1	0	0	0	0	3	0.222	0.222	0.333	0.556	0	0	0	0	0
David_Lough	9	9	2	0	0	1	1	0	1	0.222	0.222	0.556	0.778	0	0	0	0	0
Mike_Morse	9	9	2	0	0	0	0	0	4	0.222	0.222	0.222	0.444	0	0	0	0	1
Steve_Pearce	9	9	4	2	0	1	2	0	1	0.444	0.444	1	1.444	0	0	0	0	0
Adam_Rosales	9	9	2	1	0	0	1	0	2	0.222	0.222	0.333	0.556	0	0	0	0	0
Eddie_Rosario	9	8	3	0	0	0	3	1	0	0.375	0.444	0.375	0.819	0	0	0	0	0
Miguel_Sano	9	7	0	0	0	0	0	2	2	0	0.222	0	0.222	0	0	0	0	0
Kennys_Vargas	9	8	3	0	0	0	1	0	2	0.375	0.444	0.375	0.819	0	0	0	1	0
Chris_Young	9	9	1	0	0	0	1	0	2	0.111	0.111	0.111	0.222	0	0	0	0	0
Dustin_Ackley	8	7	1	0	0	0	0	0	1	0.143	0.143	0.143	0.286	1	0	0	0	0
Alex_Avila	8	8	1	1	0	0	0	0	1	0.125	0.125	0.25	0.375	0	0	0	0	0
Brett_Gardner	8	7	2	2	0	0	1	0	2	0.286	0.25	0.571	0.821	0	1	0	0	0
L.J._Hoes	8	8	1	1	0	0	0	0	4	0.125	0.125	0.25	0.375	0	0	0	0	1
Kevin_Kiermaier	8	8	3	1	0	0	0	0	0	0.375	0.375	0.5	0.875	0	0	0	0	0
James_McCann	8	7	2	0	1	0	1	0	2	0.286	0.286	0.571	0.857	1	0	0	0	0
Brad_Miller	8	8	1	0	0	0	0	0	4	0.125	0.125	0.125	0.25	0	0	0	0	0
Mitch_Moreland	8	8	2	0	0	0	0	0	1	0.25	0.25	0.25	0.5	0	0	0	0	0
Eduardo_Nunez	8	8	3	1	0	0	0	0	3	0.375	0.375	0.5	0.875	0	0	0	0	0
Kevin_Pillar	8	8	2	1	0	0	0	0	3	0.25	0.25	0.375	0.625	0	0	0	0	0
Colby_Rasmus	8	8	1	0	0	0	1	0	5	0.125	0.125	0.125	0.25	0	0	0	0	0
Shane_Robinson	8	8	2	1	0	0	0	0	1	0.25	0.25	0.375	0.625	0	0	0	0	1
Pablo_Sandoval	8	7	1	1	0	0	1	1	0	0.143	0.25	0.286	0.536	0	0	0	0	0
Denard_Span	8	7	4	0	0	0	0	0	0	0.571	0.571	0.571	1.143	1	0	0	0	0
Jonathan_Villar	8	6	3	0	0	0	1	1	1	0.5	0.5	0.5	1	0	1	0	0	0
Melky_Cabrera	7	7	1	1	0	0	0	0	1	0.143	0.143	0.286	0.429	0	0	0	0	0
Coco_Crisp	7	7	1	0	0	0	0	0	1	0.143	0.143	0.143	0.286	0	0	0	0	0
Jacoby_Ellsbury	7	6	0	0	0	0	0	1	1	0	0.143	0	0.143	0	0	0	0	0
Jonny_Gomes	7	7	0	0	0	0	0	0	3	0	0	0	0	0	0	0	0	0
Carlos_Gomez	7	7	0	0	0	0	0	0	1	0	0	0	0	0	0	0	0	0
Ryan_Hanigan	7	7	2	2	0	0	0	0	1	0.286	0.286	0.571	0.857	0	0	0	0	0
Gerald_Laird	7	6	3	1	0	0	0	0	0	0.5	0.571	0.667	1.238	0	0	0	1	0
Nate_McLouth	7	7	1	0	0	0	0	0	2	0.143	0.143	0.143	0.286	0	0	0	0	1
Roberto_Perez	7	6	2	0	0	0	0	1	1	0.333	0.429	0.333	0.762	0	0	1	0	0
Jose_Reyes	7	7	3	1	0	0	0	0	0	0.429	0.429	0.571	1	0	0	0	0	1
Alex_Rodriguez	7	6	1	0	0	0	0	1	1	0.167	0.286	0.167	0.452	0	0	0	0	0
Alfonso_Soriano	7	7	2	0	0	0	1	0	2	0.286	0.286	0.286	0.571	0	0	0	0	0
Taylor_Teagarden	7	7	3	1	0	1	2	0	2	0.429	0.429	1	1.429	0	0	0	0	0
Miguel_Tejada	7	6	2	0	0	0	2	0	1	0.333	0.286	0.333	0.619	0	1	0	0	1
Preston_Tucker	7	7	2	0	0	0	0	0	1	0.286	0.286	0.286	0.571	0	0	0	0	0
Jesus_Aguilar	6	6	1	0	0	0	0	0	4	0.167	0.167	0.167	0.333	0	0	0	0	0
Carlos_Beltran	6	5	0	0	0	0	0	1	1	0	0.167	0	0.167	0	0	0	0	0
Emilio_Bonifacio	6	5	1	0	0	0	1	0	1	0.2	0.2	0.2	0.4	1	0	0	0	0
Ryan_Braun	6	6	2	0	0	0	0	0	1	0.333	0.333	0.333	0.667	0	0	0	0	1
Kris_Bryant	6	6	2	0	1	0	1	0	4	0.333	0.333	0.667	1	0	0	0	0	0
Welington_Castillo	6	4	0	0	0	0	0	2	0	0	0.333	0	0.333	0	0	0	0	0
C.J._Cron	6	6	1	0	0	0	1	0	2	0.167	0.167	0.167	0.333	0	0	0	0	0
Cheslor_Cuthbert	6	6	1	0	0	0	0	0	0	0.167	0.167	0.167	0.333	0	0	0	0	0
Khris_Davis	6	5	2	1	0	0	0	1	2	0.4	0.5	0.6	1.1	0	0	0	0	0
Chone_Figgins	6	5	2	0	0	0	0	1	1	0.4	0.5	0.4	0.9	0	0	0	0	0
David_Freese	6	3	2	0	0	0	0	3	1	0.667	0.833	0.667	1.5	0	0	0	0	0
Nate_Freiman	6	5	2	0	1	0	1	1	0	0.4	0.5	0.8	1.3	0	0	0	0	0
Adrian_Gonzalez	6	6	2	0	0	0	1	0	0	0.333	0.333	0.333	0.667	0	0	0	0	0
Marwin_Gonzalez	6	5	1	0	0	0	0	1	1	0.2	0.333	0.2	0.533	0	0	0	0	0
Anthony_Gose	6	6	1	0	0	0	0	0	3	0.167	0.167	0.167	0.333	0	0	0	0	1
Curtis_Granderson	6	4	1	0	0	1	2	2	2	0.25	0.5	1	1.5	0	0	0	0	0
Robbie_Grossman	6	6	2	0	0	0	1	0	1	0.333	0.333	0.333	0.667	0	0	0	0	0
Franklin_Gutierrez	6	6	2	1	0	1	3	0	2	0.333	0.333	1	1.333	0	0	0	0	0
Corey_Hart	6	6	1	1	0	0	0	0	2	0.167	0.167	0.333	0.5	0	0	0	0	0
Brett_Hayes	6	6	1	0	0	1	2	0	0	0.167	0.167	0.667	0.833	0	0	0	0	0
Elian_Herrera	6	6	2	0	0	0	0	0	1	0.333	0.333	0.333	0.667	0	0	0	0	0
Brock_Holt	6	6	1	0	0	0	0	0	1	0.167	0.167	0.167	0.333	0	0	0	0	0
Maicer_Izturis	6	6	1	0	0	0	1	0	0	0.167	0.167	0.167	0.333	0	0	0	0	0
Desmond_Jennings	6	6	2	0	1	0	0	0	2	0.333	0.333	0.667	1	0	0	0	0	0
Kelly_Johnson	6	5	1	0	0	0	0	1	2	0.2	0.333	0.2	0.533	0	0	0	0	0
Martin_Maldonado	6	6	1	0	0	0	0	0	3	0.167	0.167	0.167	0.333	0	0	0	0	0
Russell_Martin	6	6	0	0	0	0	0	0	5	0	0	0	0	0	0	0	0	0
Justin_Maxwell	6	5	1	0	0	0	0	1	0	0.2	0.333	0.2	0.533	0	0	0	0	0
Brian_McCann	6	5	1	0	0	0	0	1	0	0.2	0.333	0.2	0.533	0	0	0	0	0
Yadier_Molina	6	6	2	1	0	0	0	0	0	0.333	0.333	0.5	0.833	0	0	0	0	0
Derek_Norris	6	5	1	1	0	0	0	1	1	0.2	0.333	0.4	0.733	0	0	1	0	0
Byung-ho_Park	6	6	0	0	0	0	0	0	2	0	0	0	0	0	0	0	0	0
Josmil_Pinto	6	6	1	0	0	0	0	0	2	0.167	0.167	0.167	0.333	0	0	0	0	0
Cody_Ransom	6	6	0	0	0	0	0	0	4	0	0	0	0	0	0	0	0	0
Ben_Revere	6	6	2	1	0	0	1	0	0	0.333	0.333	0.5	0.833	0	0	0	0	0
Cody_Ross	6	6	4	0	0	0	0	0	0	0.667	0.667	0.667	1.333	0	0	0	0	0
Ryan_Rua	6	6	1	0	0	1	1	0	1	0.167	0.167	0.667	0.833	0	0	0	0	0
Jonathan_Schoop	6	6	0	0	0	0	0	0	2	0	0	0	0	0	0	0	0	0
Travis_Shaw	6	6	0	0	0	0	1	0	1	0	0	0	0	0	0	0	0	0
Moises_Sierra	6	6	1	0	0	0	0	0	3	0.167	0.167	0.167	0.333	0	0	0	0	0
Jorge_Soler	6	6	2	0	0	0	2	0	2	0.333	0.333	0.333	0.667	0	0	0	0	0
Chris_Stewart	6	6	2	0	0	0	0	0	1	0.333	0.333	0.333	0.667	0	0	0	0	0
Mark_Teixeira	6	6	0	0	0	0	0	0	2	0	0	0	0	0	0	0	0	0
Troy_Tulowitzki	6	5	1	1	0	0	1	1	0	0.2	0.333	0.4	0.733	0	0	0	0	0
Juan_Uribe	6	5	1	1	0	0	1	0	1	0.2	0.167	0.4	0.567	0	1	0	0	0
Michael_Young	6	6	0	0	0	0	0	0	0	0	0	0	0	0	0	0	0	1
Mike_Zunino	6	6	1	0	0	1	3	0	1	0.167	0.167	0.667	0.833	0	0	0	0	0
Doug_Bernier	5	4	1	0	0	0	0	1	0	0.25	0.4	0.25	0.65	0	0	0	0	0
Drew_Butera	5	5	1	0	0	0	1	0	1	0.2	0.2	0.2	0.4	0	0	0	0	0
Curt_Casali	5	5	0	0	0	0	0	0	4	0	0	0	0	0	0	0	0	0
Robinson_Chirinos	5	5	1	0	0	0	0	0	1	0.2	0.2	0.2	0.4	0	0	0	0	0
David_Cooper	5	5	1	0	0	0	0	0	1	0.2	0.2	0.2	0.4	0	0	0	0	0
Johnny_Damon	5	5	0	0	0	0	0	0	2	0	0	0	0	0	0	0	0	0
Stephen_Drew	5	4	0	0	0	0	0	1	2	0	0.2	0	0.2	0	0	0	0	0
Avisail_Garcia	5	5	2	0	0	0	0	0	0	0.4	0.4	0.4	0.8	0	0	0	0	0
Ryan_Goins	5	5	3	0	0	0	1	0	0	0.6	0.6	0.6	1.2	0	0	0	0	0
Derek_Jeter	5	5	2	1	0	0	1	0	0	0.4	0.4	0.6	1	0	0	0	0	0
Jake_Marisnick	5	3	0	0	0	0	1	1	1	0	0.2	0	0.2	0	1	0	0	0
Leonys_Martin	5	4	1	0	0	1	1	1	1	0.25	0.4	1	1.4	0	0	0	0	0
Will_Middlebrooks	5	5	0	0	0	0	0	0	0	0	0	0	0	0	0	0	0	1
Jesus_Montero	5	5	1	0	0	0	0	0	0	0.2	0.2	0.2	0.4	0	0	0	0	0
Brandon_Moss	5	5	0	0	0	0	0	0	3	0	0	0	0	0	0	0	0	0
Hernan_Perez	5	5	0	0	0	0	0	0	2	0	0	0	0	0	0	0	0	0
Josh_Phegley	5	5	3	2	0	0	0	0	1	0.6	0.6	1	1.6	0	0	0	0	0
Brian_Roberts	5	5	1	0	0	1	1	0	1	0.2	0.2	0.8	1	0	0	0	0	0
Addison_Russell	5	5	2	2	0	0	0	0	1	0.4	0.4	0.8	1.2	0	0	0	0	0
Brendan_Ryan	5	5	2	0	0	0	1	0	0	0.4	0.4	0.4	0.8	0	0	0	0	0
Marcus_Semien	5	5	3	0	0	0	1	0	1	0.6	0.6	0.6	1.2	0	0	0	0	0
Clete_Thomas	5	5	0	0	0	0	0	0	3	0	0	0	0	0	0	0	0	0
Melvin_Upton	5	5	2	1	0	1	2	0	2	0.4	0.4	1.2	1.6	0	0	0	0	0
Vernon_Wells	5	4	4	2	0	0	0	1	0	1	1	1.5	2.5	0	0	0	0	0
Josh_Wilson	5	5	2	0	0	0	4	0	0	0.4	0.4	0.4	0.8	0	0	0	0	0
Darwin_Barney	4	4	0	0	0	0	0	0	1	0	0	0	0	0	0	0	0	0
Byron_Buxton	4	3	0	0	0	0	0	1	0	0	0.25	0	0.25	0	0	0	0	0
Jarrod_Dyson	4	4	2	0	0	0	0	0	0	0.5	0.5	0.5	1	0	0	0	0	0
Craig_Gentry	4	4	0	0	0	0	0	0	1	0	0	0	0	0	0	0	0	0
Tyler_Holt	4	4	0	0	0	0	0	0	2	0	0	0	0	0	0	0	0	0
James_Jones	4	4	0	0	0	0	0	0	1	0	0	0	0	0	0	0	0	0
Casey_Kotchman	4	4	0	0	0	0	0	0	1	0	0	0	0	0	0	0	0	0
Francisco_Lindor	4	4	1	0	0	0	0	0	1	0.25	0.25	0.25	0.5	0	0	0	0	0
Mike_McCoy	4	3	0	0	0	0	1	1	0	0	0.25	0	0.25	0	0	0	0	0
Jose_Molina	4	4	1	0	0	0	0	0	1	0.25	0.25	0.25	0.5	0	0	0	0	0
Chris_Parmelee	4	3	1	1	0	0	0	1	1	0.333	0.5	0.667	1.167	0	0	0	0	0
Carlos_Pena	4	4	0	0	0	0	0	0	0	0	0	0	0	0	0	0	0	0
Sean_Rodriguez	4	4	2	0	0	1	1	0	1	0.5	0.5	1.25	1.75	0	0	0	0	0
David_Ross	4	3	0	0	0	0	0	1	0	0	0.25	0	0.25	0	0	0	0	0
Andrelton_Simmons	4	3	1	0	0	0	0	1	0	0.333	0.5	0.333	0.833	0	0	0	0	0
Eugenio_Suarez	4	4	1	0	0	0	0	0	1	0.25	0.25	0.25	0.5	0	0	0	0	0
Danny_Worth	4	4	1	0	0	0	0	0	1	0.25	0.25	0.25	0.5	0	0	0	0	1
Tony_Abreu	3	3	0	0	0	0	0	0	0	0	0	0	0	0	0	0	0	0
Hanser_Alberto	3	3	0	0	0	0	0	0	0	0	0	0	0	0	0	0	0	0
Nolan_Arenado	3	3	0	0	0	0	0	0	0	0	0	0	0	0	0	0	0	0
Jake_Arrieta	3	2	1	0	0	1	1	0	1	0.5	0.5	2	2.5	1	0	0	0	0
Lance_Berkman	3	2	1	0	0	0	0	1	0	0.5	0.667	0.5	1.167	0	0	0	0	0
Yuniesky_Betancourt	3	3	0	0	0	0	0	0	0	0	0	0	0	0	0	0	0	0
Willie_Bloomquist	3	3	0	0	0	0	0	0	1	0	0	0	0	0	0	0	0	0
Julio_Borbon	3	3	1	0	0	1	2	0	2	0.333	0.333	1.333	1.667	0	0	0	0	0
Domonic_Brown	3	2	1	1	0	0	2	1	1	0.5	0.667	1	1.667	0	0	0	0	0
Joey_Butler	3	3	2	1	0	0	0	0	0	0.667	0.667	1	1.667	0	0	0	0	0
Marlon_Byrd	3	3	0	0	0	0	0	0	0	0	0	0	0	0	0	0	0	0
Kole_Calhoun	3	3	2	0	0	0	0	0	0	0.667	0.667	0.667	1.333	0	0	0	0	0
Mark_Canha	3	3	0	0	0	0	0	0	1	0	0	0	0	0	0	0	0	0
Matt_Carpenter	3	3	0	0	0	0	0	0	0	0	0	0	0	0	0	0	0	0
Alexi_Casilla	3	3	1	0	0	0	0	0	0	0.333	0.333	0.333	0.667	0	0	0	0	0
Rusney_Castillo	3	3	1	1	0	0	0	0	0	0.333	0.333	0.667	1	0	0	0	0	0
Juan_Centeno	3	3	1	0	0	0	0	0	0	0.333	0.333	0.333	0.667	0	0	0	0	0
Francisco_Cervelli	3	2	1	0	0	1	1	1	0	0.5	0.667	2	2.667	0	0	0	0	0
Carlos_Correa	3	3	1	1	0	0	0	0	0	0.333	0.333	0.667	1	0	0	0	0	0
Kaleb_Cowart	3	3	0	0	0	0	0	0	0	0	0	0	0	0	0	0	0	0
Allen_Craig	3	3	2	1	0	0	1	0	0	0.667	0.667	1	1.667	0	0	0	0	0
Brandon_Crawford	3	3	0	0	0	0	0	0	0	0	0	0	0	0	0	0	0	0
Carl_Crawford	3	3	0	0	0	0	0	0	0	0	0	0	0	0	0	0	0	0
Michael_Cuddyer	3	3	2	1	0	1	1	0	0	0.667	0.667	2	2.667	0	0	0	0	0
Charlie_Culberson	3	3	0	0	0	0	0	0	0	0	0	0	0	0	0	0	0	1
Aaron_Cunningham	3	3	0	0	0	0	0	0	1	0	0	0	0	0	0	0	0	0
Delino_DeShields	3	2	0	0	0	0	0	1	0	0	0.333	0	0.333	0	0	0	0	0
Ian_Desmond	3	2	0	0	0	0	0	1	0	0	0.333	0	0.333	0	0	0	0	0
Shelley_Duncan	3	2	0	0	0	0	0	1	1	0	0.333	0	0.333	0	0	0	0	0
Adam_Duvall	3	2	1	0	0	0	0	1	0	0.5	0.667	0.5	1.167	0	0	0	0	0
Andre_Ethier	3	3	0	0	0	0	0	0	3	0	0	0	0	0	0	0	0	0
Irving_Falu	3	3	0	0	0	0	0	0	0	0	0	0	0	0	0	0	0	0
Pedro_Florimon	3	3	0	0	0	0	0	0	0	0	0	0	0	0	0	0	0	1
Freddie_Freeman	3	3	2	0	0	0	0	0	1	0.667	0.667	0.667	1.333	0	0	0	0	0
Sam_Fuld	3	3	0	0	0	0	0	0	0	0	0	0	0	0	0	0	0	0
Rafael_Furcal	3	3	0	0	0	0	0	0	1	0	0	0	0	0	0	0	0	1
Joey_Gallo	3	3	1	0	0	0	0	0	1	0.333	0.333	0.333	0.667	0	0	0	0	0
Brad_Glenn	3	3	0	0	0	0	0	0	1	0	0	0	0	0	0	0	0	0
Paul_Goldschmidt	3	2	0	0	0	0	0	1	1	0	0.333	0	0.333	0	0	1	0	0
Hector_Gomez	3	3	2	1	1	0	0	0	0	0.667	0.667	1.667	2.333	0	0	0	0	0
Dee_Gordon	3	3	1	0	0	0	0	0	0	0.333	0.333	0.333	0.667	0	0	0	0	0
Didi_Gregorius	3	3	3	1	0	0	1	0	0	1	1	1.333	2.333	0	0	0	0	0
Randal_Grichuk	3	3	0	0	0	0	0	0	2	0	0	0	0	0	0	0	0	0
Jesus_Guzman	3	3	1	0	0	0	0	0	0	0.333	0.333	0.333	0.667	0	0	0	0	0
Tony_Gwynn	3	3	0	0	0	0	0	0	1	0	0	0	0	0	0	0	0	0
Jerry_Hairston	3	3	0	0	0	0	0	0	0	0	0	0	0	0	0	0	0	0
Scott_Hairston	3	2	0	0	0	0	1	0	1	0	0	0	0	0	1	0	0	0
Josh_Harrison	3	2	0	0	0	0	0	0	0	0	0.333	0	0.333	0	0	0	1	0
Chase_Headley	3	2	0	0	0	0	0	1	0	0	0.333	0	0.333	0	0	0	0	0
Adeiny_Hechavarria	3	2	1	1	0	0	0	0	0	0.5	0.5	1	1.5	1	0	0	0	0
Chris_Herrmann	3	2	0	0	0	0	0	1	1	0	0.333	0	0.333	0	0	0	0	0
Aaron_Hill	3	3	0	0	0	0	0	0	1	0	0	0	0	0	0	0	0	0
Matt_Holliday	3	3	2	1	0	0	0	0	1	0.667	0.667	1	1.667	0	0	0	0	0
Cesar_Izturis	3	3	0	0	0	0	0	0	0	0	0	0	0	0	0	0	0	0
Chris_Johnson	3	3	1	0	0	0	0	0	1	0.333	0.333	0.333	0.667	0	0	0	0	1
Reed_Johnson	3	3	1	0	0	0	0	0	0	0.333	0.333	0.333	0.667	0	0	0	0	0
Andruw_Jones	3	3	2	2	0	0	2	0	0	0.667	0.667	1.333	2	0	0	0	0	0
Caleb_Joseph	3	2	0	0	0	0	0	1	1	0	0.333	0	0.333	0	0	0	0	0
Jung_Ho_Kang	3	3	1	0	0	0	0	0	0	0.333	0.333	0.333	0.667	0	0	0	0	0
Don_Kelly	3	2	0	0	0	0	0	1	0	0	0.333	0	0.333	0	0	0	0	0
Matt_Kemp	3	3	0	0	0	0	0	0	0	0	0	0	0	0	0	0	0	1
Clayton_Kershaw	3	3	1	0	0	0	0	0	1	0.333	0.333	0.333	0.667	0	0	0	0	0
Kevin_Kouzmanoff	3	3	0	0	0	0	0	0	0	0	0	0	0	0	0	0	0	0
Junior_Lake	3	2	0	0	0	0	1	0	1	0	0	0	0	0	1	0	0	0
James_Loney	3	3	1	0	0	0	0	0	1	0.333	0.333	0.333	0.667	0	0	0	0	0
Jose_Lopez	3	3	0	0	0	0	0	0	0	0	0	0	0	0	0	0	0	0
Dixon_Machado	3	2	0	0	0	0	0	1	0	0	0.333	0	0.333	0	0	0	0	0
Mikie_Mahtook	3	2	0	0	0	0	0	1	1	0	0.333	0	0.333	0	0	0	0	0
Alfredo_Marte	3	3	1	1	0	0	1	0	1	0.333	0.333	0.667	1	0	0	0	0	0
Starling_Marte	3	3	2	0	0	0	0	0	1	0.667	0.667	0.667	1.333	0	0	0	0	0
Jeff_Mathis	3	3	1	0	0	0	0	0	1	0.333	0.333	0.333	0.667	0	0	0	0	0
John_Mayberry	3	3	0	0	0	0	0	0	2	0	0	0	0	0	0	0	0	0
Andrew_McCutchen	3	3	2	0	0	0	1	0	0	0.667	0.667	0.667	1.333	0	0	0	0	1
Jordy_Mercer	3	3	0	0	0	0	0	0	1	0	0	0	0	0	0	0	0	0
Miguel_Montero	3	3	0	0	0	0	0	0	2	0	0	0	0	0	0	0	0	0
Charlie_Morton	3	3	1	0	0	0	0	0	1	0.333	0.333	0.333	0.667	0	0	0	0	0
Wil_Myers	3	3	0	0	0	0	0	0	1	0	0	0	0	0	0	0	0	0
Daniel_Nava	3	2	1	0	0	0	0	1	0	0.5	0.667	0.5	1.167	0	0	0	0	0
Jayson_Nix	3	3	1	1	0	0	2	0	1	0.333	0.333	0.667	1	0	0	0	0	0
Miguel_Olivo	3	3	0	0	0	0	0	0	1	0	0	0	0	0	0	0	0	0
Mike_Olt	3	2	0	0	0	0	0	1	0	0	0.333	0	0.333	0	0	0	0	0
Angel_Pagan	3	3	0	0	0	0	0	0	1	0	0	0	0	0	0	0	0	0
Joe_Panik	3	3	1	0	0	0	1	0	1	0.333	0.333	0.333	0.667	0	0	0	0	0
Gerardo_Parra	3	3	0	0	0	0	0	0	0	0	0	0	0	0	0	0	0	0
Hunter_Pence	3	3	0	0	0	0	0	0	1	0	0	0	0	0	0	0	0	0
Jorge_Polanco	3	2	0	0	0	0	1	1	0	0	0.333	0	0.333	0	0	0	0	0
A.J._Pollock	3	3	1	0	0	0	1	0	0	0.333	0.333	0.333	0.667	0	0	0	0	0
Buster_Posey	3	3	1	0	1	0	0	0	1	0.333	0.333	1	1.333	0	0	0	0	0
Martin_Prado	3	2	1	0	0	0	1	0	0	0.5	0.333	0.5	0.833	0	1	0	0	0
Yasiel_Puig	3	3	0	0	0	0	0	0	1	0	0	0	0	0	0	0	0	0
Aramis_Ramirez	3	3	1	1	0	0	0	0	0	0.333	0.333	0.667	1	0	0	0	0	0
Wilkin_Ramirez	3	3	1	0	1	0	0	0	0	0.333	0.333	1	1.333	0	0	0	0	0
Juan_Rivera	3	3	0	0	0	0	0	0	0	0	0	0	0	0	0	0	0	1
Trayvon_Robinson	3	2	0	0	0	0	0	1	0	0	0.333	0	0.333	0	0	0	0	0
Jimmy_Rollins	3	3	1	0	0	0	0	0	0	0.333	0.333	0.333	0.667	0	0	0	0	0
Austin_Romine	3	3	1	1	0	0	0	0	0	0.333	0.333	0.667	1	0	0	0	0	1
Wilin_Rosario	3	3	0	0	0	0	0	0	1	0	0	0	0	0	0	0	0	0
Darin_Ruf	3	3	0	0	0	0	0	0	2	0	0	0	0	0	0	0	0	0
Carlos_Ruiz	3	2	1	0	0	0	0	0	0	0.5	0.667	0.5	1.167	0	0	0	1	0
Jerry_Sands	3	3	1	0	0	0	0	0	0	0.333	0.333	0.333	0.667	0	0	0	0	0
Nate_Schierholtz	3	2	0	0	0	0	0	1	0	0	0.333	0	0.333	0	0	0	0	0
Kyle_Schwarber	3	3	1	0	0	0	1	0	1	0.333	0.333	0.333	0.667	0	0	0	0	0
Luke_Scott	3	3	1	0	0	1	1	0	2	0.333	0.333	1.333	1.667	0	0	0	0	0
Richie_Shaffer	3	2	0	0	0	0	0	0	2	0	0.333	0	0.333	0	0	0	1	0
Kelly_Shoppach	3	3	0	0	0	0	0	0	1	0	0	0	0	0	0	0	0	0
J.B._Shuck	3	1	0	0	0	0	0	0	0	0	0	0	0	2	0	0	0	0
Seth_Smith	3	3	0	0	0	0	0	0	1	0	0	0	0	0	0	0	0	0
Justin_Smoak	3	2	1	0	0	0	0	1	1	0.5	0.667	0.5	1.167	0	0	0	0	0
Brandon_Snyder	3	3	0	0	0	0	0	0	3	0	0	0	0	0	0	0	0	0
Ichiro_Suzuki	3	3	0	0	0	0	0	0	0	0	0	0	0	0	0	0	0	0
Chris_Taylor	3	3	3	0	0	0	0	0	0	1	1	1	2	0	0	0	0	0
Steven_Tolleson	3	2	0	0	0	0	0	1	1	0	0.333	0	0.333	0	0	0	0	0
Yorvit_Torrealba	3	3	0	0	0	0	0	0	0	0	0	0	0	0	0	0	0	0
Devon_Travis	3	3	0	0	0	0	0	0	2	0	0	0	0	0	0	0	0	0
Matt_Treanor	3	3	1	0	0	0	0	0	0	0.333	0.333	0.333	0.667	0	0	0	0	0
Matt_Tuiasosopo	3	3	1	0	0	1	1	0	1	0.333	0.333	1.333	1.667	0	0	0	0	0
Justin_Turner	3	3	1	0	0	0	2	0	1	0.333	0.333	0.333	0.667	0	0	0	0	0
Dan_Uggla	3	3	0	0	0	0	0	0	1	0	0	0	0	0	0	0	0	0
Justin_Upton	3	2	0	0	0	0	0	1	1	0	0.333	0	0.333	0	0	0	0	0
Giovanny_Urshela	3	3	1	0	0	0	0	0	0	0.333	0.333	0.333	0.667	0	0	0	0	1
Chase_Utley	3	2	0	0	0	0	0	1	0	0	0.333	0	0.333	0	0	0	0	0
Scott_Van_Slyke	3	1	0	0	0	0	0	2	1	0	0.667	0	0.667	0	0	0	0	0
Shane_Victorino	3	3	1	0	0	0	0	0	0	0.333	0.333	0.333	0.667	0	0	0	0	0
Neil_Walker	3	3	0	0	0	0	0	0	2	0	0	0	0	0	0	0	0	0
Brett_Wallace	3	3	1	0	0	0	0	0	2	0.333	0.333	0.333	0.667	0	0	0	0	0
Zach_Walters	3	2	1	0	0	0	0	1	0	0.5	0.667	0.5	1.167	0	0	0	0	0
Rickie_Weeks	3	3	1	0	0	0	0	0	0	0.333	0.333	0.333	0.667	0	0	0	0	0
Casper_Wells	3	2	0	0	0	0	0	1	2	0	0.333	0	0.333	0	0	0	0	0
Matt_Wieters	3	3	2	1	0	0	0	0	0	0.667	0.667	1	1.667	0	0	0	0	0
Kolten_Wong	3	3	1	0	0	0	0	0	0	0.333	0.333	0.333	0.667	0	0	0	0	0
Yonder_Alonso	2	2	0	0	0	0	0	0	2	0	0	0	0	0	0	0	0	0
Robert_Andino	2	2	0	0	0	0	0	0	0	0	0	0	0	0	0	0	0	0
Jeff_Baker	2	2	2	0	0	1	1	0	0	1	1	2.5	3.5	0	0	0	0	0
Jason_Bay	2	2	1	1	0	0	0	0	1	0.5	0.5	1	1.5	0	0	0	0	0
Brennan_Boesch	2	2	0	0	0	0	0	0	2	0	0	0	0	0	0	0	0	0
Peter_Bourjos	2	2	0	0	0	0	0	0	2	0	0	0	0	0	0	0	0	0
Chris_Capuano	2	1	0	0	0	0	0	0	1	0	0	0	0	1	0	0	0	0
Ronny_Cedeno	2	2	0	0	0	0	0	0	1	0	0	0	0	0	0	0	0	0
Michael_Choice	2	1	0	0	0	0	0	1	0	0	0.5	0	0.5	0	0	0	0	0
Collin_Cowgill	2	2	0	0	0	0	0	0	0	0	0	0	0	0	0	0	0	0
Trevor_Crowe	2	2	0	0	0	0	0	0	0	0	0	0	0	0	0	0	0	0
Lew_Ford	2	2	0	0	0	0	0	0	0	0	0	0	0	0	0	0	0	0
Ben_Francisco	2	2	0	0	0	0	0	0	0	0	0	0	0	0	0	0	0	0
Eric_Fryer	2	2	1	0	0	0	0	0	0	0.5	0.5	0.5	1	0	0	0	0	0
Scooter_Gennett	2	2	0	0	0	0	0	0	2	0	0	0	0	0	0	0	0	0
Chris_Gimenez	2	1	1	0	0	0	0	1	0	1	1	1	2	0	0	0	0	0
Tyler_Greene	2	2	2	0	0	0	0	0	0	1	1	1	2	0	0	0	0	0
Travis_Hafner	2	2	1	0	1	0	0	0	0	0.5	0.5	1.5	2	0	0	0	0	0
Cole_Hamels	2	1	1	0	0	0	1	0	0	1	1	1	2	1	0	0	0	0
Jack_Hannahan	2	2	0	0	0	0	0	0	1	0	0	0	0	0	0	0	0	0
Brendan_Harris	2	2	0	0	0	0	0	0	1	0	0	0	0	0	0	0	0	0
Enrique_Hernandez	2	1	0	0	0	0	0	1	0	0	0.5	0	0.5	0	0	0	0	0
Jason_Heyward	2	2	1	1	0	0	0	0	1	0.5	0.5	1	1.5	0	0	0	0	0
John_Hicks	2	2	1	0	0	0	0	0	1	0.5	0.5	0.5	1	0	0	0	0	0
Nick_Hundley	2	2	1	0	0	0	0	0	0	0.5	0.5	0.5	1	0	0	0	0	0
Luis_Jimenez	2	2	0	0	0	0	0	0	0	0	0	0	0	0	0	0	0	0
Matthew_Joyce	2	2	0	0	0	0	0	0	0	0	0	0	0	0	0	0	0	0
Jeff_Keppinger	2	1	0	0	0	0	0	1	0	0	0.5	0	0.5	0	0	0	0	0
John_Lackey	2	2	0	0	0	0	0	0	1	0	0	0	0	0	0	0	0	0
Tyler_Ladendorf	2	2	0	0	0	0	0	0	0	0	0	0	0	0	0	0	0	0
Lou_Marson	2	2	0	0	0	0	0	0	0	0	0	0	0	0	0	0	0	0
Franklin_Morales	2	2	0	0	0	0	0	0	2	0	0	0	0	0	0	0	0	0
David_Murphy	2	2	0	0	0	0	0	0	0	0	0	0	0	0	0	0	0	0
Dioner_Navarro	2	2	0	0	0	0	0	0	2	0	0	0	0	0	0	0	0	0
Jimmy_Nelson	2	2	0	0	0	0	0	0	1	0	0	0	0	0	0	0	0	0
Rougned_Odor	2	2	0	0	0	0	0	0	1	0	0	0	0	0	0	0	0	0
Chris_Owings	2	2	1	1	0	0	0	0	0	0.5	0.5	1	1.5	0	0	0	0	0
Jake_Peavy	2	2	0	0	0	0	0	0	1	0	0	0	0	0	0	0	0	0
Nolan_Reimold	2	2	0	0	0	0	0	0	1	0	0	0	0	0	0	0	0	0
Ryan_Roberts	2	2	1	0	0	1	1	0	0	0.5	0.5	2	2.5	0	0	0	0	0
Andrew_Romine	2	2	1	0	0	0	0	0	0	0.5	0.5	0.5	1	0	0	0	0	1
Josh_Rutledge	2	2	1	0	0	0	0	0	1	0.5	0.5	0.5	1	0	0	0	0	0
Jarrod_Saltalamacchia	2	2	0	0	0	0	0	0	1	0	0	0	0	0	0	0	0	0
Jeff_Samardzija	2	2	1	1	0	0	0	0	0	0.5	0.5	1	1.5	0	0	0	0	0
Justin_Sellers	2	2	1	0	0	0	0	0	0	0.5	0.5	0.5	1	0	0	0	0	0
Jon_Singleton	2	2	1	0	0	0	0	0	1	0.5	0.5	0.5	1	0	0	0	0	0
Jake_Smolinski	2	1	0	0	0	0	0	1	0	0	0.5	0	0.5	0	0	0	0	0
Geovany_Soto	2	2	0	0	0	0	0	0	1	0	0	0	0	0	0	0	0	1
Ryan_Sweeney	2	1	0	0	0	0	0	1	0	0	0.5	0	0.5	0	0	0	0	0
Adam_Wainwright	2	2	1	0	0	0	0	0	0	0.5	0.5	0.5	1	0	0	0	0	0
Joaquin_Arias	1	0	0	0	0	0	0	1	0	0	1	0	0	0	0	0	0	0
Elliot_Johnson	1	1	0	0	0	0	0	0	0	0	0	0	0	0	0	0	0	0
Drew_Sutton	1	1	0	0	0	0	0	0	0	0	0	0	0	0	0	0	0	0
Joey_Terdoslavich	1	1	0	0	0	0	0	0	0	0	0	0	0	0	0	0	0	0
