Pedro_Alvarez	37	32	11	1	0	3	8	5	8	0.344	0.432	0.656	1.089	0	0	0	0	0
Jon_Jay	37	33	11	2	0	0	1	2	6	0.333	0.389	0.394	0.783	1	0	0	1	0
Aramis_Ramirez	36	31	8	3	0	0	5	2	5	0.258	0.361	0.355	0.716	0	0	0	3	2
Pablo_Sandoval	36	34	9	0	0	1	1	2	5	0.265	0.306	0.353	0.658	0	0	0	0	0
Starlin_Castro	34	33	8	0	0	0	2	1	8	0.242	0.265	0.242	0.507	0	0	0	0	0
Yadier_Molina	34	34	12	3	0	1	5	0	6	0.353	0.353	0.529	0.882	0	0	0	0	0
Nate_Schierholtz	33	33	6	0	2	0	3	0	6	0.182	0.182	0.303	0.485	0	0	0	0	0
Matt_Holliday	32	29	11	0	0	0	8	1	3	0.379	0.375	0.379	0.754	0	2	0	0	0
Neil_Walker	30	25	7	1	0	2	4	4	5	0.28	0.4	0.56	0.96	0	0	0	1	1
Andre_Ethier	29	26	7	2	0	0	3	3	8	0.269	0.345	0.346	0.691	0	0	0	0	0
Garrett_Jones	29	27	4	0	0	1	1	2	9	0.148	0.207	0.259	0.466	0	0	0	0	0
Aubrey_Huff	28	27	7	2	0	0	1	1	3	0.259	0.286	0.333	0.619	0	0	0	0	0
Andrew_McCutchen	28	24	8	1	0	3	5	4	5	0.333	0.429	0.75	1.179	0	0	0	0	0
Carlos_Beltran	27	23	7	1	0	3	4	4	3	0.304	0.407	0.739	1.147	0	0	0	0	0
Ryan_Braun	27	24	4	2	0	0	3	3	7	0.167	0.259	0.25	0.509	0	0	0	0	0
Ian_Desmond	27	25	8	2	0	0	1	2	6	0.32	0.37	0.4	0.77	0	0	0	0	0
Matt_Kemp	27	24	4	0	0	0	5	3	7	0.167	0.259	0.167	0.426	0	0	1	0	0
Allen_Craig	26	25	6	2	0	1	5	0	3	0.24	0.24	0.44	0.68	1	0	0	0	3
Nori_Aoki	25	22	7	0	0	2	2	3	2	0.318	0.4	0.591	0.991	0	0	0	0	0
David_Freese	25	21	5	2	0	0	3	4	5	0.238	0.36	0.333	0.693	0	0	0	0	2
Chris_Johnson	25	23	10	5	0	1	4	2	6	0.435	0.48	0.783	1.263	0	0	0	0	0
Justin_Upton	25	22	12	4	1	2	4	3	5	0.545	0.6	1.091	1.691	0	0	0	0	0
Dexter_Fowler	24	22	5	2	1	1	1	2	5	0.227	0.292	0.545	0.837	0	0	0	0	0
Carlos_Gomez	24	24	10	2	1	2	8	0	3	0.417	0.417	0.833	1.25	0	0	0	0	0
Carlos_Gonzalez	24	23	6	1	0	2	4	1	6	0.261	0.292	0.565	0.857	0	0	0	0	0
Jean_Segura	24	21	9	0	1	1	1	2	2	0.429	0.478	0.667	1.145	1	0	1	0	1
Rafael_Furcal	23	22	8	2	0	0	2	1	5	0.364	0.391	0.455	0.846	0	0	0	0	0
Miguel_Montero	23	22	4	0	0	0	2	1	7	0.182	0.217	0.182	0.399	0	0	0	0	1
Angel_Pagan	23	23	3	0	0	0	1	0	5	0.13	0.13	0.13	0.261	0	0	0	0	0
Buster_Posey	22	21	7	1	0	4	8	1	3	0.333	0.364	0.952	1.316	0	0	0	0	0
Chris_Coghlan	21	19	4	0	0	0	0	2	5	0.211	0.286	0.211	0.496	0	0	1	0	1
Lucas_Duda	21	19	5	3	0	0	3	1	9	0.263	0.333	0.421	0.754	0	0	0	1	0
James_Loney	21	20	7	2	0	2	4	1	4	0.35	0.381	0.75	1.131	0	0	0	0	0
Jonathan_Lucroy	21	18	3	2	0	0	1	3	0	0.167	0.286	0.278	0.563	0	0	0	0	0
Brian_McCann	21	15	5	3	0	0	3	5	4	0.333	0.476	0.533	1.01	0	1	0	0	0
Martin_Prado	21	20	5	1	0	1	1	1	1	0.25	0.286	0.45	0.736	0	0	0	0	1
Hanley_Ramirez	21	19	5	0	0	1	2	2	2	0.263	0.333	0.421	0.754	0	0	0	0	0
Troy_Tulowitzki	21	19	3	1	0	1	2	2	5	0.158	0.238	0.368	0.607	0	0	0	0	0
Dan_Uggla	21	18	2	1	0	0	2	3	5	0.111	0.238	0.167	0.405	0	0	0	0	0
Luis_Valbuena	21	17	4	0	0	1	2	4	0	0.235	0.381	0.412	0.793	0	0	0	0	1
Ryan_Zimmerman	21	18	4	1	0	1	1	3	2	0.222	0.333	0.444	0.778	0	0	0	0	1
Brandon_Belt	20	19	6	1	1	0	2	1	5	0.316	0.35	0.474	0.824	0	0	0	0	0
Freddie_Freeman	20	20	11	4	0	0	7	0	3	0.55	0.55	0.75	1.3	0	0	0	0	0
Adam_LaRoche	20	16	5	0	0	1	5	4	4	0.313	0.45	0.5	0.95	0	0	1	0	0
Daniel_Murphy	20	19	7	2	0	0	2	0	2	0.368	0.35	0.474	0.824	0	1	0	0	1
Gerardo_Parra	20	20	6	1	1	0	1	0	4	0.3	0.3	0.45	0.75	0	0	0	0	0
Rickie_Weeks	20	20	6	1	0	2	4	0	6	0.3	0.3	0.65	0.95	0	0	0	0	1
David_Wright	20	17	2	1	0	1	3	3	5	0.118	0.25	0.353	0.603	0	0	0	0	0
Michael_Bourn	19	17	6	1	0	1	2	2	2	0.353	0.421	0.588	1.009	0	0	0	0	0
Anthony_Rizzo	19	17	2	0	0	0	0	2	3	0.118	0.211	0.118	0.328	0	0	0	0	0
Seth_Smith	19	18	4	0	0	0	2	1	3	0.222	0.263	0.222	0.485	0	0	0	0	0
Andres_Torres	19	18	5	1	0	0	1	0	7	0.278	0.278	0.333	0.611	0	0	0	0	0
Juan_Uribe	19	19	4	1	0	0	0	0	1	0.211	0.211	0.263	0.474	0	0	0	0	0
Darwin_Barney	18	18	2	0	0	0	0	0	4	0.111	0.111	0.111	0.222	0	0	0	0	1
Matt_Carpenter	18	17	4	1	0	0	1	1	4	0.235	0.278	0.294	0.572	0	0	0	0	0
David_DeJesus	18	18	6	2	0	1	2	0	4	0.333	0.333	0.611	0.944	0	0	0	0	0
Starling_Marte	18	15	2	0	1	0	0	3	5	0.133	0.278	0.267	0.544	0	0	0	0	1
Russell_Martin	18	16	3	1	0	0	4	2	2	0.188	0.278	0.25	0.528	0	0	0	0	1
Cody_Ross	18	13	3	2	0	0	4	4	4	0.231	0.389	0.385	0.774	0	1	0	0	0
Alfonso_Soriano	18	17	4	1	0	1	7	0	4	0.235	0.222	0.471	0.693	0	1	0	0	0
Jayson_Werth	18	15	1	0	0	0	2	3	4	0.067	0.222	0.067	0.289	0	0	0	0	0
Clint_Barmes	17	15	1	1	0	0	0	2	5	0.067	0.176	0.133	0.31	0	0	1	0	1
Brandon_Crawford	17	17	4	1	1	0	1	0	2	0.235	0.235	0.412	0.647	0	0	0	0	0
Scooter_Gennett	17	17	3	1	0	0	1	0	4	0.176	0.176	0.235	0.412	0	0	0	0	0
Jason_Heyward	17	17	6	2	0	1	5	0	2	0.353	0.353	0.647	1	0	0	0	0	0
Albert_Pujols	17	13	3	1	0	0	3	4	1	0.231	0.412	0.308	0.719	0	0	0	0	2
Chris_Young	17	15	5	1	0	1	1	2	5	0.333	0.412	0.6	1.012	0	0	0	0	0
Eric_Young	17	16	6	2	1	0	2	1	3	0.375	0.412	0.625	1.037	0	0	0	0	0
Marlon_Byrd	16	12	4	1	0	1	4	3	2	0.333	0.438	0.667	1.104	0	1	0	0	1
Yunel_Escobar	16	15	3	0	0	0	0	1	2	0.2	0.25	0.2	0.45	0	0	0	0	0
Corey_Hart	16	15	1	1	0	0	0	1	5	0.067	0.125	0.133	0.258	0	0	0	0	0
Jose_Tabata	16	13	4	1	0	2	2	2	1	0.308	0.438	0.846	1.284	0	0	0	1	0
Ryan_Theriot	16	15	2	0	0	0	0	1	3	0.133	0.188	0.133	0.321	0	0	0	0	0
Michael_Cuddyer	15	14	3	0	0	2	3	1	2	0.214	0.267	0.643	0.91	0	0	0	0	0
Prince_Fielder	15	13	3	2	0	0	2	2	1	0.231	0.333	0.385	0.718	0	0	0	0	1
Paul_Goldschmidt	15	13	5	0	0	0	0	2	2	0.385	0.467	0.385	0.851	0	0	0	0	0
Aaron_Hill	15	14	4	1	0	0	2	1	2	0.286	0.333	0.357	0.69	0	0	0	0	0
Chipper_Jones	15	13	2	0	1	0	3	2	1	0.154	0.267	0.308	0.574	0	0	0	0	0
Jason_Kipnis	15	14	4	0	0	0	0	1	1	0.286	0.333	0.286	0.619	0	0	0	0	0
Carlos_Lee	15	14	6	1	0	0	1	1	2	0.429	0.467	0.5	0.967	0	0	0	0	0
Casey_McGehee	15	11	2	0	0	0	0	4	1	0.182	0.4	0.182	0.582	0	0	0	0	0
Skip_Schumaker	15	14	5	1	0	0	1	1	0	0.357	0.4	0.429	0.829	0	0	0	0	1
Adrian_Gonzalez	14	14	5	0	0	0	2	0	2	0.357	0.357	0.357	0.714	0	0	0	0	2
Lyle_Overbay	14	14	2	0	0	0	1	0	1	0.143	0.143	0.143	0.286	0	0	0	0	1
Colby_Rasmus	14	14	7	1	0	1	1	0	2	0.5	0.5	0.786	1.286	0	0	0	0	0
Jose_Reyes	14	14	4	2	0	0	1	0	0	0.286	0.286	0.429	0.714	0	0	0	0	1
Mark_Reynolds	14	12	0	0	0	0	0	2	5	0	0.143	0	0.143	0	0	0	0	0
Carlos_Santana	14	13	3	1	0	0	0	1	4	0.231	0.286	0.308	0.593	0	0	0	0	0
Andrelton_Simmons	14	12	6	3	0	0	2	2	1	0.5	0.571	0.75	1.321	0	0	0	0	0
Rod_Barajas	13	11	1	0	0	0	2	1	3	0.091	0.154	0.091	0.245	0	1	0	0	0
Roger_Bernadina	13	13	2	1	0	0	0	0	3	0.154	0.154	0.231	0.385	0	0	0	0	0
Gregor_Blanco	13	12	5	1	0	0	1	1	2	0.417	0.462	0.5	0.962	0	0	0	0	0
Daniel_Descalso	13	13	2	1	0	0	0	0	2	0.154	0.154	0.231	0.385	0	0	0	0	1
Matt_Downs	13	11	1	0	0	1	1	2	2	0.091	0.231	0.364	0.594	0	0	0	0	0
Jeff_Keppinger	13	13	3	0	0	0	0	0	0	0.231	0.231	0.231	0.462	0	0	0	0	0
Dioner_Navarro	13	12	3	0	0	0	0	1	2	0.25	0.308	0.25	0.558	0	0	0	0	0
Jordan_Pacheco	13	12	2	0	0	0	2	0	0	0.167	0.154	0.167	0.321	0	1	0	0	0
Hunter_Pence	13	13	3	1	0	0	2	0	1	0.231	0.231	0.308	0.538	0	0	0	0	1
Jimmy_Rollins	13	11	5	2	0	0	0	2	2	0.455	0.538	0.636	1.175	0	0	0	0	0
Aaron_Rowand	13	13	1	0	0	0	0	0	4	0.077	0.077	0.077	0.154	0	0	0	0	0
Giancarlo_Stanton	13	10	4	1	0	0	3	3	2	0.4	0.538	0.5	1.038	0	0	2	0	1
Jose_Altuve	12	12	7	1	0	0	2	0	0	0.583	0.583	0.667	1.25	0	0	0	0	0
Melky_Cabrera	12	12	3	1	0	0	0	0	2	0.25	0.25	0.333	0.583	0	0	0	0	0
Welington_Castillo	12	11	4	0	0	0	1	0	5	0.364	0.417	0.364	0.78	0	0	0	1	0
Bryce_Harper	12	11	2	0	0	0	2	0	2	0.182	0.167	0.182	0.348	0	1	0	0	0
Ryan_Howard	12	10	1	0	0	0	0	1	8	0.1	0.25	0.1	0.35	0	0	0	1	0
Raul_Ibanez	12	11	0	0	0	0	0	1	4	0	0.083	0	0.083	0	0	0	0	0
Adam_Kennedy	12	10	4	0	0	0	2	2	3	0.4	0.5	0.4	0.9	0	0	0	0	0
Jason_Kubel	12	11	2	0	0	2	3	1	6	0.182	0.25	0.727	0.977	0	0	1	0	0
Jed_Lowrie	12	11	5	2	0	2	5	1	1	0.455	0.5	1.182	1.682	0	0	0	0	0
Michael_McKenry	12	7	3	0	1	1	1	5	3	0.429	0.667	1.143	1.81	0	0	0	0	0
Placido_Polanco	12	11	4	0	0	0	1	1	1	0.364	0.417	0.364	0.78	0	0	0	0	0
Wilson_Ramos	12	9	3	1	0	1	1	3	0	0.333	0.5	0.778	1.278	0	0	0	0	0
Brendan_Ryan	12	9	6	2	0	0	4	2	2	0.667	0.667	0.889	1.556	0	1	1	0	0
Logan_Schafer	12	12	4	2	1	0	2	0	2	0.333	0.333	0.667	1	0	0	0	0	0
Chase_Utley	12	9	4	1	0	1	4	2	0	0.444	0.583	0.889	1.472	0	0	0	1	0
Shane_Victorino	12	10	3	1	0	1	2	2	2	0.3	0.417	0.7	1.117	0	0	0	0	0
Joey_Votto	12	11	1	0	0	0	0	1	3	0.091	0.167	0.091	0.258	0	0	1	0	0
Yonder_Alonso	11	10	6	1	0	0	0	1	0	0.6	0.636	0.7	1.336	0	0	0	0	0
Elvis_Andrus	11	10	3	0	0	0	1	0	1	0.3	0.3	0.3	0.6	1	0	0	0	0
Adrian_Beltre	11	10	1	0	0	0	0	1	2	0.1	0.182	0.1	0.282	0	0	0	0	0
Lance_Berkman	11	11	3	0	0	0	2	0	3	0.273	0.273	0.273	0.545	0	0	0	0	0
Michael_Brantley	11	11	3	2	0	0	0	0	1	0.273	0.273	0.455	0.727	0	0	0	0	1
John_Buck	11	11	1	0	0	0	0	0	5	0.091	0.091	0.091	0.182	0	0	0	0	0
Jason_Castro	11	10	4	1	0	1	1	1	3	0.4	0.455	0.8	1.255	0	0	0	0	0
Carl_Crawford	11	11	3	1	0	0	0	0	3	0.273	0.273	0.364	0.636	0	0	0	0	0
Ike_Davis	11	8	0	0	0	0	0	3	2	0	0.273	0	0.273	0	0	0	0	0
Matt_Diaz	11	11	2	0	0	0	0	0	2	0.182	0.182	0.182	0.364	0	0	0	0	0
Stephen_Drew	11	11	1	1	0	0	0	0	0	0.091	0.091	0.182	0.273	0	0	0	0	0
A.J._Ellis	11	10	3	0	0	0	0	1	1	0.3	0.364	0.3	0.664	0	0	0	0	0
Mark_Ellis	11	11	1	0	0	0	1	0	2	0.091	0.091	0.091	0.182	0	0	0	0	0
Yovani_Gallardo	11	11	1	0	0	1	1	0	5	0.091	0.091	0.364	0.455	0	0	0	0	0
Todd_Helton	11	10	2	0	0	1	1	1	1	0.2	0.273	0.5	0.773	0	0	0	0	0
Chris_Iannetta	11	10	2	0	0	1	1	1	2	0.2	0.273	0.5	0.773	0	0	0	0	1
Juan_Lagares	11	11	3	0	0	0	1	0	3	0.273	0.273	0.273	0.545	0	0	0	0	0
Cameron_Maybin	11	11	3	0	0	0	0	0	2	0.273	0.273	0.273	0.545	0	0	0	0	0
Jordy_Mercer	11	11	2	1	0	0	1	0	4	0.182	0.182	0.273	0.455	0	0	0	0	0
Nyjer_Morgan	11	11	1	0	0	0	0	0	1	0.091	0.091	0.091	0.182	0	0	0	0	0
Gaby_Sanchez	11	8	0	0	0	0	1	3	1	0	0.273	0	0.273	0	0	0	0	0
Jordan_Schafer	11	10	2	0	0	0	1	1	2	0.2	0.273	0.2	0.473	0	0	1	0	1
Marco_Scutaro	11	10	3	0	0	0	0	1	0	0.3	0.364	0.3	0.664	0	0	0	0	0
Alexi_Amarista	10	9	1	0	0	0	1	0	1	0.111	0.1	0.111	0.211	0	1	0	0	0
Mike_Baxter	10	8	1	0	0	0	0	1	1	0.125	0.3	0.125	0.425	0	0	0	1	0
Casey_Blake	10	9	1	0	0	0	0	1	4	0.111	0.2	0.111	0.311	0	0	0	0	1
Asdrubal_Cabrera	10	10	1	0	0	0	0	0	4	0.1	0.1	0.1	0.2	0	0	0	0	0
Lonnie_Chisenhall	10	10	4	0	1	1	2	0	0	0.4	0.4	0.9	1.3	0	0	0	0	0
Danny_Espinosa	10	7	1	0	0	0	0	3	3	0.143	0.4	0.143	0.543	0	0	0	0	0
Mike_Fontenot	10	10	2	1	0	0	0	0	2	0.2	0.2	0.3	0.5	0	0	0	0	0
Alex_Gonzalez	10	10	2	0	0	0	1	0	2	0.2	0.2	0.2	0.4	0	0	0	0	0
Kelly_Johnson	10	8	0	0	0	0	0	2	5	0	0.2	0	0.2	0	0	0	0	0
Pete_Kozma	10	9	1	0	0	0	0	1	3	0.111	0.2	0.111	0.311	0	0	1	0	0
Martin_Maldonado	10	10	1	0	0	0	0	0	3	0.1	0.1	0.1	0.2	0	0	0	0	0
Nate_McLouth	10	8	3	0	0	0	0	2	3	0.375	0.5	0.375	0.875	0	0	1	0	0
David_Murphy	10	9	1	0	0	0	0	1	1	0.111	0.2	0.111	0.311	0	0	0	0	0
Josh_Reddick	10	10	2	1	1	0	1	0	1	0.2	0.2	0.5	0.7	0	0	0	0	0
Drew_Stubbs	10	9	3	1	0	0	1	1	2	0.333	0.4	0.444	0.844	0	0	0	0	0
Eli_Whiteside	10	10	3	1	0	0	1	0	2	0.3	0.3	0.4	0.7	0	0	0	0	0
Ronny_Cedeno	9	7	3	0	0	0	0	1	0	0.429	0.5	0.429	0.929	1	0	0	0	1
Adam_Dunn	9	8	1	0	0	0	0	1	4	0.125	0.222	0.125	0.347	0	0	0	0	1
Curtis_Granderson	9	8	2	1	0	0	1	1	0	0.25	0.333	0.375	0.708	0	0	0	0	0
Didi_Gregorius	9	9	1	0	0	0	0	0	1	0.111	0.111	0.111	0.222	0	0	0	0	0
Chase_Headley	9	8	1	0	0	0	0	1	4	0.125	0.222	0.125	0.347	0	0	0	0	0
Aaron_Miles	9	9	0	0	0	0	0	0	1	0	0	0	0	0	0	0	0	1
Mitch_Moreland	9	6	1	0	0	0	0	3	1	0.167	0.444	0.167	0.611	0	0	1	0	0
Brandon_Phillips	9	8	3	1	0	0	2	1	1	0.375	0.444	0.5	0.944	0	0	0	0	0
Juan_Pierre	9	8	2	1	0	1	1	1	3	0.25	0.333	0.75	1.083	0	0	0	0	0
Scott_Podsednik	9	8	2	1	0	0	0	1	0	0.25	0.333	0.375	0.708	0	0	0	0	0
A.J._Pollock	9	8	4	1	0	0	0	1	1	0.5	0.556	0.625	1.181	0	0	0	0	0
Alex_Presley	9	9	1	0	0	0	0	0	3	0.111	0.111	0.111	0.222	0	0	0	0	0
Juan_Rivera	9	8	1	0	0	0	0	1	1	0.125	0.222	0.125	0.347	0	0	0	0	1
Jonathan_Sanchez	9	9	1	0	1	0	0	0	5	0.111	0.111	0.333	0.444	0	0	0	0	0
Denard_Span	9	6	0	0	0	0	0	3	1	0	0.333	0	0.333	0	0	0	0	1
Ichiro_Suzuki	9	9	4	1	0	0	0	0	1	0.444	0.444	0.556	1	0	0	0	0	0
Ruben_Tejada	9	8	2	2	0	0	0	1	1	0.25	0.333	0.5	0.833	0	0	0	0	0
Mike_Trout	9	8	1	1	0	0	0	1	3	0.125	0.222	0.25	0.472	0	0	0	0	0
Mark_Trumbo	9	8	2	0	0	0	1	1	3	0.25	0.333	0.25	0.583	0	0	0	0	0
Will_Venable	9	8	3	3	0	0	1	1	2	0.375	0.444	0.75	1.194	0	0	0	0	0
Willie_Bloomquist	8	8	1	0	0	0	0	0	3	0.125	0.125	0.125	0.25	0	0	0	0	0
Emilio_Bonifacio	8	7	3	0	0	0	0	1	2	0.429	0.5	0.429	0.929	0	0	0	0	1
Jay_Bruce	8	8	1	1	0	0	1	0	3	0.125	0.125	0.25	0.375	0	0	0	0	0
Pat_Burrell	8	8	3	1	0	0	0	0	1	0.375	0.375	0.5	0.875	0	0	0	0	0
Everth_Cabrera	8	7	1	0	0	0	1	0	2	0.143	0.125	0.143	0.268	0	1	0	0	0
Matt_Cain	8	5	0	0	0	0	0	1	4	0	0.167	0	0.167	2	0	0	0	0
Jamey_Carroll	8	6	0	0	0	0	0	1	2	0	0.143	0	0.143	1	0	0	0	0
Shin-Soo_Choo	8	8	3	1	0	1	2	0	3	0.375	0.375	0.875	1.25	0	0	0	0	0
Khris_Davis	8	7	1	0	0	0	0	1	1	0.143	0.25	0.143	0.393	0	0	0	0	0
Blake_DeWitt	8	8	1	0	0	0	0	0	4	0.125	0.125	0.125	0.25	0	0	0	0	0
Edwin_Encarnacion	8	7	1	0	0	1	3	1	0	0.143	0.25	0.571	0.821	0	0	0	0	1
Jeff_Francoeur	8	7	2	0	0	0	0	1	3	0.286	0.375	0.286	0.661	0	0	0	0	0
Kosuke_Fukudome	8	7	3	1	0	0	2	1	1	0.429	0.5	0.571	1.071	0	0	0	0	0
Franklin_Gutierrez	8	8	0	0	0	0	0	0	2	0	0	0	0	0	0	0	0	0
Koyie_Hill	8	8	2	0	0	0	1	0	3	0.25	0.25	0.25	0.5	0	0	0	0	0
DJ_LeMahieu	8	8	1	1	0	0	0	0	3	0.125	0.125	0.25	0.375	0	0	0	0	0
Nick_Markakis	8	7	2	0	0	0	1	1	0	0.286	0.375	0.286	0.661	0	0	0	0	0
Xavier_Nady	8	7	1	0	0	0	0	1	3	0.143	0.25	0.143	0.393	0	0	0	0	0
Wil_Nieves	8	6	1	0	0	0	1	2	2	0.167	0.375	0.167	0.542	0	0	2	0	0
Xavier_Paul	8	8	3	0	0	0	0	0	1	0.375	0.375	0.375	0.75	0	0	0	0	0
Cliff_Pennington	8	7	1	1	0	0	1	1	2	0.143	0.25	0.286	0.536	0	0	0	0	0
Yasiel_Puig	8	7	3	0	0	1	2	0	1	0.429	0.5	0.857	1.357	0	0	0	1	0
Carlos_Quentin	8	8	0	0	0	0	0	0	1	0	0	0	0	0	0	0	0	1
Wandy_Rodriguez	8	7	2	0	0	0	1	0	1	0.286	0.286	0.286	0.571	1	0	0	0	0
Jordany_Valdespin	8	7	3	0	0	0	1	0	1	0.429	0.429	0.429	0.857	1	0	0	0	0
Adam_Wainwright	8	8	2	1	0	1	1	0	2	0.25	0.25	0.75	1	0	0	0	0	0
Ty_Wigginton	8	7	0	0	0	0	0	1	2	0	0.125	0	0.125	0	0	0	0	0
Josh_Willingham	8	7	1	0	0	0	0	1	3	0.143	0.25	0.143	0.393	0	0	0	0	0
Garret_Anderson	7	7	2	0	0	0	0	0	1	0.286	0.286	0.286	0.571	0	0	0	0	0
Nolan_Arenado	7	7	5	0	0	1	2	0	0	0.714	0.714	1.143	1.857	0	0	0	0	0
John_Baker	7	7	2	0	0	0	2	0	2	0.286	0.286	0.286	0.571	0	0	0	0	0
Jorge_Cantu	7	6	2	1	0	0	0	1	3	0.333	0.429	0.5	0.929	0	0	0	0	0
Tyler_Colvin	7	6	0	0	0	0	0	1	5	0	0.143	0	0.143	0	0	0	0	0
Alex_Cora	7	6	2	0	0	1	1	1	1	0.333	0.429	0.833	1.262	0	0	0	0	0
Nelson_Cruz	7	7	4	1	0	0	2	0	0	0.571	0.571	0.714	1.286	0	0	0	0	0
Greg_Dobbs	7	7	1	0	1	0	2	0	1	0.143	0.143	0.429	0.571	0	0	0	0	0
Wilmer_Flores	7	7	1	0	0	0	0	0	1	0.143	0.143	0.143	0.286	0	0	0	0	0
Jaime_Garcia	7	6	1	0	1	0	2	1	2	0.167	0.286	0.5	0.786	0	0	0	0	0
Tyler_Greene	7	5	1	0	0	0	0	2	3	0.2	0.429	0.2	0.629	0	0	1	0	1
Zack_Greinke	7	5	1	0	0	0	0	0	2	0.2	0.2	0.2	0.4	2	0	0	0	0
Jedd_Gyorko	7	7	2	0	0	0	1	0	3	0.286	0.286	0.286	0.571	0	0	0	0	0
Willie_Harris	7	7	2	0	0	0	0	0	2	0.286	0.286	0.286	0.571	0	0	0	0	0
Adeiny_Hechavarria	7	7	4	0	1	0	0	0	0	0.571	0.571	0.857	1.429	0	0	0	0	0
Junior_Lake	7	7	1	0	0	0	0	0	2	0.143	0.143	0.143	0.286	0	0	0	0	0
Rougned_Odor	7	7	2	0	0	1	1	0	1	0.286	0.286	0.714	1	0	0	0	0	0
Roy_Oswalt	7	7	1	0	0	0	0	0	2	0.143	0.143	0.143	0.286	0	0	0	0	0
Dustin_Pedroia	7	3	2	0	0	0	0	4	0	0.667	0.857	0.667	1.524	0	0	0	0	0
Ryan_Roberts	7	7	1	0	0	0	0	0	2	0.143	0.143	0.143	0.286	0	0	0	0	0
Justin_Ruggiano	7	7	1	0	0	0	0	0	4	0.143	0.143	0.143	0.286	0	0	0	0	0
Josh_Rutledge	7	7	2	0	0	1	2	0	1	0.286	0.286	0.714	1	0	0	0	0	0
Angel_Sanchez	7	7	2	0	0	0	0	0	2	0.286	0.286	0.286	0.571	0	0	0	0	0
Hector_Sanchez	7	7	0	0	0	0	0	0	2	0	0	0	0	0	0	0	0	0
Brian_Schneider	7	6	1	0	0	1	1	1	2	0.167	0.286	0.667	0.952	0	0	0	0	0
Travis_Snider	7	6	2	2	0	0	1	1	1	0.333	0.429	0.667	1.095	0	0	0	0	0
Brett_Wallace	7	7	1	1	0	0	0	0	1	0.143	0.143	0.286	0.429	0	0	0	0	0
Dustin_Ackley	6	5	2	1	0	0	1	0	1	0.4	0.333	0.6	0.933	0	1	0	0	0
Rick_Ankiel	6	6	3	2	1	0	2	0	1	0.5	0.5	1.167	1.667	0	0	0	0	0
Jose_Bautista	6	4	0	0	0	0	0	2	0	0	0.333	0	0.333	0	0	0	0	0
Jason_Bay	6	6	0	0	0	0	0	0	2	0	0	0	0	0	0	0	0	0
Yuniesky_Betancourt	6	6	0	0	0	0	0	0	2	0	0	0	0	0	0	0	0	0
John_Bowker	6	6	0	0	0	0	0	0	1	0	0	0	0	0	0	0	0	0
Milton_Bradley	6	3	0	0	0	0	0	3	1	0	0.5	0	0.5	0	0	0	0	0
Domonic_Brown	6	5	0	0	0	0	1	1	1	0	0.167	0	0.167	0	0	0	0	0
Kole_Calhoun	6	5	1	1	0	0	0	1	0	0.2	0.333	0.4	0.733	0	0	0	0	0
Yoenis_Cespedes	6	5	0	0	0	0	0	1	1	0	0.167	0	0.167	0	0	0	0	0
Steve_Clevenger	6	5	0	0	0	0	0	1	0	0	0.167	0	0.167	0	0	0	0	1
Coco_Crisp	6	6	1	0	1	0	0	0	0	0.167	0.167	0.5	0.667	0	0	0	0	0
Chris_Davis	6	5	2	0	0	0	1	1	1	0.4	0.5	0.4	0.9	0	0	0	0	0
Corey_Dickerson	6	6	1	1	0	0	1	0	4	0.167	0.167	0.333	0.5	0	0	0	0	0
Matt_Duffy	6	6	0	0	0	0	0	0	2	0	0	0	0	0	0	0	0	1
Chone_Figgins	6	6	0	0	0	0	0	0	1	0	0	0	0	0	0	0	0	0
Ben_Francisco	6	4	3	0	0	1	2	1	1	0.75	0.667	1.5	2.167	0	1	0	0	0
Juan_Francisco	6	5	0	0	0	0	0	1	2	0	0.167	0	0.167	0	0	0	0	0
Todd_Frazier	6	5	1	1	0	0	0	1	2	0.2	0.333	0.4	0.733	0	0	0	0	0
Jason_Giambi	6	6	1	0	0	0	0	0	1	0.167	0.167	0.167	0.333	0	0	0	0	0
Jonny_Gomes	6	6	1	0	0	1	1	0	3	0.167	0.167	0.667	0.833	0	0	0	0	0
Yan_Gomes	6	6	1	0	0	1	1	0	1	0.167	0.167	0.667	0.833	0	0	0	0	0
Yasmani_Grandal	6	6	0	0	0	0	0	0	2	0	0	0	0	0	0	0	0	0
Nick_Green	6	6	3	0	0	0	0	0	0	0.5	0.5	0.5	1	0	0	0	0	0
Cristian_Guzman	6	6	3	0	0	1	1	0	2	0.5	0.5	1	1.5	0	0	0	0	0
Tony_Gwynn	6	6	2	0	0	0	0	0	1	0.333	0.333	0.333	0.667	0	0	0	0	0
Jerry_Hairston	6	5	2	0	0	1	1	1	0	0.4	0.5	1	1.5	0	0	0	0	0
Brock_Holt	6	5	0	0	0	0	0	0	0	0	0	0	0	1	0	0	0	1
Adam_Jones	6	6	2	0	0	0	0	0	0	0.333	0.333	0.333	0.667	0	0	0	0	1
Kevin_Kouzmanoff	6	5	0	0	0	0	0	1	2	0	0.167	0	0.167	0	0	0	0	0
Bryan_LaHair	6	6	0	0	0	0	0	0	2	0	0	0	0	0	0	0	0	1
Gerald_Laird	6	5	2	0	0	0	0	1	1	0.4	0.5	0.4	0.9	0	0	1	0	0
Jose_Lopez	6	6	2	0	0	0	0	0	0	0.333	0.333	0.333	0.667	0	0	0	0	0
Jordan_Lyles	6	5	1	0	0	0	1	0	2	0.2	0.2	0.2	0.4	1	0	0	0	0
Joe_Mauer	6	5	1	0	1	0	0	1	1	0.2	0.333	0.6	0.933	0	0	0	0	0
Justin_Maxwell	6	6	1	0	0	0	0	0	1	0.167	0.167	0.167	0.333	0	0	0	0	0
Nomar_Mazara	6	3	2	0	0	1	2	2	0	0.667	0.667	1.667	2.333	0	1	0	0	0
Kirk_Nieuwenhuis	6	6	3	1	0	0	0	0	1	0.5	0.5	0.667	1.167	0	0	0	0	0
David_Ortiz	6	6	1	0	0	0	0	0	2	0.167	0.167	0.167	0.333	0	0	0	0	0
Chris_Owings	6	5	0	0	0	0	0	0	2	0	0	0	0	1	0	0	0	0
Marcell_Ozuna	6	5	0	0	0	0	0	0	3	0	0	0	0	1	0	0	0	0
Joe_Panik	6	6	3	0	0	0	0	0	0	0.5	0.5	0.5	1	0	0	0	0	0
Carlos_Pena	6	4	0	0	0	0	0	2	3	0	0.333	0	0.333	0	0	0	0	0
David_Peralta	6	6	0	0	0	0	0	0	3	0	0	0	0	0	0	0	0	0
Jhonny_Peralta	6	5	1	0	0	0	0	1	0	0.2	0.333	0.2	0.533	0	0	0	0	1
Trevor_Plouffe	6	6	0	0	0	0	1	0	1	0	0	0	0	0	0	0	0	0
Gregory_Polanco	6	5	1	0	0	0	0	1	2	0.2	0.333	0.2	0.533	0	0	0	0	0
Jose_Ramirez	6	5	0	0	0	0	0	1	3	0	0.167	0	0.167	0	0	0	0	0
Wilin_Rosario	6	6	1	0	0	0	0	0	3	0.167	0.167	0.167	0.333	0	0	0	0	0
Ryan_Rua	6	6	2	0	0	0	0	0	0	0.333	0.333	0.333	0.667	0	0	0	0	1
Jarrod_Saltalamacchia	6	5	0	0	0	0	0	1	4	0	0.167	0	0.167	0	0	0	0	0
Freddy_Sanchez	6	6	1	0	0	0	1	0	2	0.167	0.167	0.167	0.333	0	0	0	0	1
Miguel_Sano	6	5	1	0	0	0	1	0	3	0.2	0.167	0.2	0.367	0	1	0	0	0
Justin_Smoak	6	4	1	0	0	0	1	1	1	0.25	0.333	0.25	0.583	0	1	0	0	1
Donovan_Solano	6	5	1	0	0	0	1	0	2	0.2	0.167	0.2	0.367	0	1	0	0	0
Jorge_Soler	6	6	1	0	0	1	1	0	2	0.167	0.167	0.667	0.833	0	0	0	0	0
Nick_Swisher	6	6	1	0	0	0	0	0	1	0.167	0.167	0.167	0.333	0	0	0	0	0
Josh_Thole	6	5	1	0	0	0	0	1	0	0.2	0.333	0.2	0.533	0	0	1	0	0
Yasmany_Tomas	6	6	3	1	0	0	1	0	1	0.5	0.5	0.667	1.167	0	0	0	0	0
Edinson_Volquez	6	6	0	0	0	0	0	0	5	0	0	0	0	0	0	0	0	0
Brandon_Allen	5	3	2	0	0	1	3	2	0	0.667	0.8	1.667	2.467	0	0	1	0	0
Erick_Aybar	5	5	1	0	0	0	0	0	0	0.2	0.2	0.2	0.4	0	0	0	0	0
Charlie_Blackmon	5	5	2	0	0	1	1	0	1	0.4	0.4	1	1.4	0	0	0	0	0
Kris_Bryant	5	5	2	0	0	0	0	0	1	0.4	0.4	0.4	0.8	0	0	0	0	0
Alberto_Callaspo	5	5	2	0	0	1	2	0	0	0.4	0.4	1	1.4	0	0	0	0	0
Chris_Carpenter	5	5	0	0	0	0	0	0	2	0	0	0	0	0	0	0	0	0
Johnny_Damon	5	5	0	0	0	0	2	0	1	0	0	0	0	0	0	0	0	0
Thomas_Field	5	5	1	0	0	0	0	0	1	0.2	0.2	0.2	0.4	0	0	0	0	0
Jose_Guillen	5	4	0	0	0	0	1	0	1	0	0	0	0	0	1	0	0	0
Brad_Hawpe	5	5	2	0	0	2	2	0	1	0.4	0.4	1.6	2	0	0	0	0	0
Ramon_Hernandez	5	5	0	0	0	0	0	0	2	0	0	0	0	0	0	0	0	0
Daniel_Hudson	5	4	0	0	0	0	0	1	3	0	0.2	0	0.2	0	0	0	0	0
Omar_Infante	5	5	2	1	0	1	1	0	0	0.4	0.4	1.2	1.6	0	0	0	0	0
Paul_Janish	5	4	1	1	0	0	0	1	2	0.25	0.4	0.5	0.9	0	0	0	0	0
Joe_Kelly	5	5	1	0	0	0	0	0	0	0.2	0.2	0.2	0.4	0	0	0	0	0
Casey_Kotchman	5	5	1	0	0	1	3	0	3	0.2	0.2	0.8	1	0	0	0	0	0
Tommy_La_Stella	5	5	2	0	0	0	1	0	1	0.4	0.4	0.4	0.8	0	0	0	0	0
Ryan_Ludwick	5	5	0	0	0	0	0	0	1	0	0	0	0	0	0	0	0	0
J.D._Martinez	5	5	0	0	0	0	1	0	1	0	0	0	0	0	0	0	0	0
Michael_Martinez	5	5	2	2	0	0	0	0	1	0.4	0.4	0.8	1.2	0	0	0	0	0
John_Mayberry	5	4	1	0	0	0	0	1	0	0.25	0.4	0.25	0.65	0	0	0	0	0
Mike_Minor	5	3	1	0	0	0	0	1	1	0.333	0.5	0.333	0.833	1	0	0	0	0
Mike_Napoli	5	4	1	0	0	1	1	1	2	0.25	0.4	1	1.4	0	0	0	0	0
Derek_Norris	5	5	1	0	0	0	0	0	2	0.2	0.2	0.2	0.4	0	0	0	0	0
Carlos_Peguero	5	5	1	0	1	0	1	0	1	0.2	0.2	0.6	0.8	0	0	0	0	0
Wily_Peralta	5	4	1	0	0	0	0	0	1	0.25	0.25	0.25	0.5	1	0	0	0	0
Carlos_Ruiz	5	4	0	0	0	0	0	1	0	0	0.2	0	0.2	0	0	0	0	0
Chris_Snyder	5	3	0	0	0	0	0	1	0	0	0.4	0	0.4	0	0	1	1	0
Eric_Sogard	5	5	1	1	0	0	0	0	1	0.2	0.2	0.4	0.6	0	0	0	0	0
Yangervis_Solarte	5	4	2	1	0	0	0	0	0	0.5	0.5	0.75	1.25	1	0	0	0	0
Ian_Stewart	5	5	3	0	0	1	1	0	0	0.6	0.6	1.2	1.8	0	0	0	0	0
Andrew_Susac	5	5	0	0	0	0	0	0	2	0	0	0	0	0	0	0	0	0
Melvin_Upton	5	5	0	0	0	0	0	0	4	0	0	0	0	0	0	0	0	0
Stephen_Vogt	5	5	1	0	0	0	0	0	0	0.2	0.2	0.2	0.4	0	0	0	0	0
Josh_Bard	4	4	0	0	0	0	0	0	2	0	0	0	0	0	0	0	0	0
Julio_Borbon	4	4	1	1	0	0	0	0	0	0.25	0.25	0.5	0.75	0	0	0	0	0
Rob_Brantly	4	3	0	0	0	0	0	1	2	0	0.25	0	0.25	0	0	0	0	0
Billy_Burns	4	4	0	0	0	0	0	0	0	0	0	0	0	0	0	0	0	0
Tony_Campana	4	4	0	0	0	0	0	0	2	0	0	0	0	0	0	0	0	0
Eric_Campbell	4	2	1	0	0	0	0	2	0	0.5	0.75	0.5	1.25	0	0	0	0	0
Adam_Eaton	4	3	2	0	0	0	0	0	0	0.667	0.75	0.667	1.417	0	0	0	1	0
Jacoby_Ellsbury	4	4	2	0	0	0	1	0	2	0.5	0.5	0.5	1	0	0	0	0	0
Pedro_Feliz	4	4	1	0	0	0	0	0	2	0.25	0.25	0.25	0.5	0	0	0	0	0
Doug_Fister	4	3	1	0	0	0	0	0	0	0.333	0.333	0.333	0.667	1	0	0	0	0
Brett_Gardner	4	4	2	0	0	1	2	0	1	0.5	0.5	1.25	1.75	0	0	0	0	0
Dee_Gordon	4	4	2	0	0	0	0	0	0	0.5	0.5	0.5	1	0	0	0	0	0
Josh_Hamilton	4	4	1	0	0	1	1	0	2	0.25	0.25	1	1.25	0	0	0	0	0
Jason_Hammel	4	3	0	0	0	0	0	0	2	0	0	0	0	1	0	0	0	0
Eric_Hinske	4	4	1	0	0	0	0	0	3	0.25	0.25	0.25	0.5	0	0	0	0	0
Tim_Hudson	4	4	0	0	0	0	0	0	3	0	0	0	0	0	0	0	0	0
Rob_Johnson	4	4	0	0	0	0	0	0	0	0	0	0	0	0	0	0	0	0
Jeff_Karstens	4	4	1	0	0	0	0	0	2	0.25	0.25	0.25	0.5	0	0	0	0	0
Kyle_Kendrick	4	3	0	0	0	0	0	0	3	0	0	0	0	1	0	0	0	0
Clayton_Kershaw	4	4	0	0	0	0	0	0	2	0	0	0	0	0	0	0	0	0
Ian_Kinsler	4	4	0	0	0	0	0	0	2	0	0	0	0	0	0	0	0	0
Hiroki_Kuroda	4	4	0	0	0	0	0	0	1	0	0	0	0	0	0	0	0	0
Brett_Lawrie	4	4	2	0	0	0	0	0	1	0.5	0.5	0.5	1	0	0	0	0	0
Tim_Lincecum	4	3	1	0	0	0	2	1	2	0.333	0.5	0.333	0.833	0	0	0	0	0
Adam_Lind	4	4	2	1	0	0	1	0	2	0.5	0.5	0.75	1.25	0	0	0	0	0
Kyle_Lohse	4	3	0	0	0	0	0	0	1	0	0	0	0	1	0	0	0	0
Brad_Miller	4	2	0	0	0	0	0	2	1	0	0.5	0	0.5	0	0	0	0	0
Charlie_Morton	4	4	0	0	0	0	0	0	2	0	0	0	0	0	0	0	0	0
Laynce_Nix	4	4	1	0	0	0	0	0	1	0.25	0.25	0.25	0.5	0	0	0	0	0
Byung-ho_Park	4	4	2	0	0	0	0	0	1	0.5	0.5	0.5	1	0	0	0	0	0
Ben_Paulsen	4	4	0	0	0	0	0	0	2	0	0	0	0	0	0	0	0	0
Bryan_Petersen	4	3	0	0	0	0	0	0	2	0	0	0	0	1	0	0	0	0
Jace_Peterson	4	4	2	0	0	1	4	0	0	0.5	0.5	1.25	1.75	0	0	0	0	0
Jason_Pridie	4	3	0	0	0	0	0	1	1	0	0.25	0	0.25	0	0	0	0	0
Cody_Ransom	4	4	1	0	0	0	0	0	2	0.25	0.25	0.25	0.5	0	0	0	0	0
Eddie_Rosario	4	4	2	0	0	0	0	0	0	0.5	0.5	0.5	1	0	0	0	0	0
Addison_Russell	4	3	1	0	0	0	1	0	1	0.333	0.25	0.333	0.583	0	1	0	0	0
Jeff_Samardzija	4	3	0	0	0	0	0	0	3	0	0	0	0	1	0	0	0	0
Jonathan_Schoop	4	4	2	0	0	2	2	0	0	0.5	0.5	2	2.5	0	0	0	0	0
Cory_Sullivan	4	3	0	0	0	0	0	1	0	0	0.25	0	0.25	0	0	0	0	0
Ryan_Vogelsong	4	3	0	0	0	0	0	0	1	0	0	0	0	1	0	0	0	0
Randy_Wolf	4	4	0	0	0	0	0	0	3	0	0	0	0	0	0	0	0	0
Kolten_Wong	4	4	1	0	0	1	2	0	0	0.25	0.25	1	1.25	0	0	0	0	0
Christian_Yelich	4	3	0	0	0	0	0	1	0	0	0.25	0	0.25	0	0	0	0	0
Jordan_Zimmermann	4	2	0	0	0	0	0	1	2	0	0.333	0	0.333	1	0	0	0	0
Matt_Adams	3	3	0	0	0	0	0	0	1	0	0	0	0	0	0	0	0	0
Nick_Ahmed	3	3	0	0	0	0	0	0	0	0	0	0	0	0	0	0	0	0
Arismendy_Alcantara	3	3	0	0	0	0	0	0	1	0	0	0	0	0	0	0	0	0
Eliezer_Alfonzo	3	3	1	0	0	0	0	0	0	0.333	0.333	0.333	0.667	0	0	0	0	0
Javier_Baez	3	3	0	0	0	0	0	0	1	0	0	0	0	0	0	0	0	1
Brandon_Barnes	3	3	0	0	0	0	0	0	1	0	0	0	0	0	0	0	0	0
Erik_Bedard	3	3	1	0	0	0	0	0	0	0.333	0.333	0.333	0.667	0	0	0	0	0
Engel_Beltre	3	3	2	0	0	0	0	0	0	0.667	0.667	0.667	1.333	0	0	0	0	0
Quintin_Berry	3	2	0	0	0	0	0	0	0	0	0.333	0	0.333	0	0	0	1	0
Christian_Bethancourt	3	2	2	1	0	0	1	1	0	1	1	1.5	2.5	0	0	0	0	0
Jeff_Bianchi	3	3	0	0	0	0	0	0	0	0	0	0	0	0	0	0	0	1
Brennan_Boesch	3	3	2	0	0	1	1	0	1	0.667	0.667	1.667	2.333	0	0	0	0	0
Xander_Bogaerts	3	3	1	0	0	0	1	0	0	0.333	0.333	0.333	0.667	0	0	0	0	0
Reid_Brignac	3	3	0	0	0	0	0	0	1	0	0	0	0	0	0	0	0	0
Travis_Buck	3	3	0	0	0	0	0	0	0	0	0	0	0	0	0	0	0	0
Emmanuel_Burriss	3	3	0	0	0	0	0	0	0	0	0	0	0	0	0	0	0	1
Miguel_Cabrera	3	3	1	0	0	0	2	0	0	0.333	0.333	0.333	0.667	0	0	0	0	0
Miguel_Cairo	3	3	1	0	1	0	0	0	1	0.333	0.333	1	1.333	0	0	0	0	0
Kevin_Cash	3	3	0	0	0	0	0	0	2	0	0	0	0	0	0	0	0	0
Juan_Centeno	3	3	0	0	0	0	0	0	0	0	0	0	0	0	0	0	0	0
Jhoulys_Chacin	3	2	1	0	0	0	0	0	0	0.5	0.5	0.5	1	1	0	0	0	0
Endy_Chavez	3	2	2	0	0	0	0	1	0	1	1	1	2	0	0	0	0	0
Brooks_Conrad	3	3	0	0	0	0	0	0	2	0	0	0	0	0	0	0	0	0
Carlos_Correa	3	3	2	0	0	0	1	0	0	0.667	0.667	0.667	1.333	0	0	0	0	0
Craig_Counsell	3	3	0	0	0	0	0	0	1	0	0	0	0	0	0	0	0	0
Luis_Cruz	3	3	2	0	0	0	0	0	0	0.667	0.667	0.667	1.333	0	0	0	0	0
Travis_d'Arnaud	3	3	1	0	0	1	1	0	0	0.333	0.333	1.333	1.667	0	0	0	0	0
Alejandro_De_Aza	3	3	2	0	0	0	0	0	0	0.667	0.667	0.667	1.333	0	0	0	0	0
Ryan_Dempster	3	1	0	0	0	0	0	0	0	0	0	0	0	2	0	0	0	0
Mark_DeRosa	3	3	1	0	0	0	1	0	0	0.333	0.333	0.333	0.667	0	0	0	0	0
Derek_Dietrich	3	2	0	0	0	0	0	0	1	0	0.333	0	0.333	0	0	0	1	0
Josh_Donaldson	3	2	0	0	0	0	0	1	1	0	0.333	0	0.333	0	0	0	0	0
Ryan_Doumit	3	3	1	0	0	0	0	0	1	0.333	0.333	0.333	0.667	0	0	0	0	0
Brian_Dozier	3	3	0	0	0	0	0	0	0	0	0	0	0	0	0	0	0	0
J.D._Drew	3	3	0	0	0	0	0	0	2	0	0	0	0	0	0	0	0	0
Jake_Elmore	3	3	1	1	0	0	1	0	0	0.333	0.333	0.667	1	0	0	0	0	0
Alcides_Escobar	3	3	0	0	0	0	0	0	0	0	0	0	0	0	0	0	0	0
Eduardo_Escobar	3	3	0	0	0	0	0	0	1	0	0	0	0	0	0	0	0	0
Logan_Forsythe	3	3	0	0	0	0	1	0	2	0	0	0	0	0	0	0	0	0
Kevin_Frandsen	3	3	0	0	0	0	0	0	1	0	0	0	0	0	0	0	0	0
Evan_Gattis	3	3	1	0	0	0	0	0	2	0.333	0.333	0.333	0.667	0	0	0	0	0
Jody_Gerut	3	3	0	0	0	0	0	0	1	0	0	0	0	0	0	0	0	0
Chris_Getz	3	3	1	0	0	0	0	0	1	0.333	0.333	0.333	0.667	0	0	0	0	0
Johnny_Giavotella	3	3	1	0	0	0	0	0	0	0.333	0.333	0.333	0.667	0	0	0	0	0
Jay_Gibbons	3	3	1	1	0	0	0	0	0	0.333	0.333	0.667	1	0	0	0	0	0
Marwin_Gonzalez	3	3	1	1	0	0	0	0	1	0.333	0.333	0.667	1	0	0	0	0	0
Alex_Gordon	3	2	1	0	0	0	0	1	0	0.5	0.667	0.5	1.167	0	0	0	0	0
Randal_Grichuk	3	2	0	0	0	0	0	1	1	0	0.333	0	0.333	0	0	0	0	0
Ken_Griffey	3	2	0	0	0	0	0	1	1	0	0.333	0	0.333	0	0	0	0	0
Greg_Halman	3	3	0	0	0	0	0	0	2	0	0	0	0	0	0	0	0	0
Sean_Halton	3	3	1	0	0	0	0	0	1	0.333	0.333	0.333	0.667	0	0	0	0	0
Ryan_Hanigan	3	3	0	0	0	0	0	0	0	0	0	0	0	0	0	0	0	0
J.J._Hardy	3	3	0	0	0	0	0	0	1	0	0	0	0	0	0	0	0	0
Josh_Harrison	3	3	0	0	0	0	0	0	2	0	0	0	0	0	0	0	0	0
Chris_Heisey	3	3	1	0	0	1	2	0	0	0.333	0.333	1.333	1.667	0	0	0	0	0
Dilson_Herrera	3	3	1	0	0	0	0	0	0	0.333	0.333	0.333	0.667	0	0	0	0	0
Jonathan_Herrera	3	3	1	0	0	0	0	0	0	0.333	0.333	0.333	0.667	0	0	0	0	0
Eric_Hosmer	3	1	0	0	0	0	1	1	1	0	0.333	0	0.333	0	1	0	0	0
Ender_Inciarte	3	3	2	0	0	0	1	0	1	0.667	0.667	0.667	1.333	0	0	0	0	0
Travis_Ishikawa	3	3	0	0	0	0	0	0	1	0	0	0	0	0	0	0	0	0
Brett_Jackson	3	2	0	0	0	0	0	1	1	0	0.333	0	0.333	0	0	0	0	0
Edwin_Jackson	3	3	0	0	0	0	0	0	3	0	0	0	0	0	0	0	0	0
Jason_Jaramillo	3	3	0	0	0	0	0	0	0	0	0	0	0	0	0	0	0	0
John_Jaso	3	3	0	0	0	0	0	0	0	0	0	0	0	0	0	0	0	0
Munenori_Kawasaki	3	2	1	0	0	0	0	1	0	0.5	0.667	0.5	1.167	0	0	0	0	0
Tony_Kemp	3	3	2	1	0	0	0	0	0	0.667	0.667	1	1.667	0	0	0	0	0
Howie_Kendrick	3	3	1	0	0	1	1	0	1	0.333	0.333	1.333	1.667	0	0	0	0	0
Erik_Kratz	3	3	1	0	0	0	0	0	1	0.333	0.333	0.333	0.667	0	0	0	0	0
Jake_Lamb	3	3	0	0	0	0	0	0	1	0	0	0	0	0	0	0	0	0
Derrek_Lee	3	3	1	1	0	0	1	0	1	0.333	0.333	0.667	1	0	0	0	0	0
Fred_Lewis	3	3	0	0	0	0	0	0	1	0	0	0	0	0	0	0	0	0
Francisco_Lindor	3	3	0	0	0	0	0	0	0	0	0	0	0	0	0	0	0	0
Francisco_Liriano	3	3	1	0	0	1	3	0	1	0.333	0.333	1.333	1.667	0	0	0	0	0
Jose_Lobaton	3	3	1	0	0	0	0	0	1	0.333	0.333	0.333	0.667	0	0	0	0	0
Evan_Longoria	3	3	1	0	0	0	0	0	1	0.333	0.333	0.333	0.667	0	0	0	0	0
Manny_Machado	3	3	2	0	0	0	0	0	0	0.667	0.667	0.667	1.333	0	0	0	0	0
Joe_Mahoney	3	3	0	0	0	0	0	0	0	0	0	0	0	0	0	0	0	0
Tommy_Manzella	3	3	0	0	0	0	0	0	2	0	0	0	0	0	0	0	0	0
Jason_Marquis	3	1	0	0	0	0	0	0	1	0	0	0	0	2	0	0	0	0
Leonys_Martin	3	3	2	1	0	0	0	0	1	0.667	0.667	1	1.667	0	0	0	0	0
Jeff_Mathis	3	3	0	0	0	0	0	0	1	0	0	0	0	0	0	0	0	1
Kazuo_Matsui	3	3	0	0	0	0	0	0	1	0	0	0	0	0	0	0	0	0
Daisuke_Matsuzaka	3	2	1	0	0	0	0	0	1	0.5	0.5	0.5	1	1	0	0	0	0
John_McDonald	3	3	1	0	0	0	0	0	0	0.333	0.333	0.333	0.667	0	0	0	0	0
Tommy_Medica	3	2	1	0	0	0	0	1	0	0.5	0.667	0.5	1.167	0	0	0	0	0
Jason_Michaels	3	3	0	0	0	0	0	0	1	0	0	0	0	0	0	0	0	0
Will_Middlebrooks	3	3	0	0	0	0	0	0	1	0	0	0	0	0	0	0	0	0
Lastings_Milledge	3	3	0	0	0	0	0	0	2	0	0	0	0	0	0	0	0	0
Scott_Moore	3	3	0	0	0	0	1	0	1	0	0	0	0	0	0	0	0	0
Kendrys_Morales	3	3	0	0	0	0	0	0	1	0	0	0	0	0	0	0	0	0
Colin_Moran	3	3	0	0	0	0	0	0	1	0	0	0	0	0	0	0	0	0
Justin_Morneau	3	3	1	0	0	0	0	0	0	0.333	0.333	0.333	0.667	0	0	0	0	0
Brandon_Moss	3	3	0	0	0	0	0	0	0	0	0	0	0	0	0	0	0	0
Mike_Moustakas	3	3	2	0	0	0	0	0	1	0.667	0.667	0.667	1.333	0	0	0	0	0
Donnie_Murphy	3	3	2	1	0	0	0	0	1	0.667	0.667	1	1.667	0	0	0	0	0
Daniel_Nava	3	3	1	1	0	0	0	0	1	0.333	0.333	0.667	1	0	0	0	0	0
Ricky_Nolasco	3	3	0	0	0	0	0	0	2	0	0	0	0	0	0	0	0	0
Eduardo_Nunez	3	3	1	1	0	0	0	0	0	0.333	0.333	0.667	1	0	0	0	0	0
Miguel_Olivo	3	3	2	1	0	1	1	0	1	0.667	0.667	2	2.667	0	0	0	0	0
Rafael_Ortega	3	3	0	0	0	0	0	0	0	0	0	0	0	0	0	0	0	0
Tyler_Pastornicky	3	3	0	0	0	0	0	0	0	0	0	0	0	0	0	0	0	0
Ronny_Paulino	3	1	0	0	0	0	0	2	0	0	0.667	0	0.667	0	0	0	0	1
Brayan_Pena	3	3	1	1	0	0	2	0	0	0.333	0.333	0.667	1	0	0	0	0	0
Anthony_Recker	3	3	1	0	0	1	2	0	1	0.333	0.333	1.333	1.667	0	0	0	0	0
Anthony_Rendon	3	1	0	0	0	0	0	1	0	0	0.667	0	0.667	0	0	0	1	0
Edgar_Renteria	3	3	0	0	0	0	0	0	0	0	0	0	0	0	0	0	0	2
Alex_Rodriguez	3	3	2	0	0	0	1	0	0	0.667	0.667	0.667	1.333	0	0	0	0	0
Ivan_Rodriguez	3	2	0	0	0	0	0	1	0	0	0.333	0	0.333	0	0	0	0	0
Scott_Rolen	3	2	0	0	0	0	0	0	1	0	0.333	0	0.333	0	0	0	1	0
David_Ross	3	3	0	0	0	0	0	0	2	0	0	0	0	0	0	0	0	0
Danny_Santana	3	2	0	0	0	0	0	1	1	0	0.333	0	0.333	0	0	0	0	0
Ramon_Santiago	3	3	1	0	0	0	0	0	0	0.333	0.333	0.333	0.667	0	0	0	0	1
Michael_Saunders	3	3	0	0	0	0	0	0	3	0	0	0	0	0	0	0	0	0
Kyle_Schwarber	3	2	0	0	0	0	0	1	1	0	0.333	0	0.333	0	0	0	0	0
Kyle_Seager	3	2	1	0	0	1	3	0	0	0.5	0.333	2	2.333	0	1	0	0	0
Justin_Sellers	3	2	0	0	0	0	0	1	1	0	0.333	0	0.333	0	0	0	0	0
Marcus_Semien	3	2	1	0	0	0	0	1	0	0.5	0.667	0.5	1.167	0	0	0	0	0
Geovany_Soto	3	3	0	0	0	0	0	0	2	0	0	0	0	0	0	0	0	0
George_Springer	3	2	0	0	0	0	0	1	0	0	0.333	0	0.333	0	0	0	0	0
Chris_Stewart	3	3	1	0	0	0	0	0	0	0.333	0.333	0.333	0.667	0	0	0	0	0
Eugenio_Suarez	3	3	1	1	0	0	1	0	0	0.333	0.333	0.667	1	0	0	0	0	0
Mike_Sweeney	3	2	1	0	0	0	0	1	0	0.5	0.667	0.5	1.167	0	0	0	0	0
Ryan_Sweeney	3	3	1	1	0	0	0	0	0	0.333	0.333	0.667	1	0	0	0	0	0
Willy_Taveras	3	3	0	0	0	0	0	0	0	0	0	0	0	0	0	0	0	0
Mark_Teixeira	3	3	1	1	0	0	0	0	0	0.333	0.333	0.667	1	0	0	0	0	0
Miguel_Tejada	3	3	1	0	0	0	0	0	0	0.333	0.333	0.333	0.667	0	0	0	0	0
Wilfredo_Tovar	3	1	0	0	0	0	0	1	1	0	0.667	0	0.667	0	0	1	1	0
Justin_Turner	3	3	1	0	0	0	0	0	1	0.333	0.333	0.333	0.667	0	0	0	0	0
Chris_Valaika	3	3	1	0	0	0	0	0	1	0.333	0.333	0.333	0.667	0	0	0	0	0
Christian_Vazquez	3	2	0	0	0	0	0	0	0	0	0	0	0	1	0	0	0	0
Eugenio_Velez	3	2	1	0	0	0	0	1	0	0.5	0.667	0.5	1.167	0	0	0	0	0
Vernon_Wells	3	2	0	0	0	0	0	0	0	0	0.333	0	0.333	0	0	0	1	0
Ryan_Wheeler	3	3	0	0	0	0	0	0	0	0	0	0	0	0	0	0	0	0
Zack_Wheeler	3	3	1	0	0	0	0	0	1	0.333	0.333	0.333	0.667	0	0	0	0	0
Matt_Wieters	3	2	0	0	0	0	0	1	1	0	0.333	0	0.333	0	0	0	0	0
Mason_Williams	3	3	2	2	0	0	0	0	0	0.667	0.667	1.333	2	0	0	0	0	0
Bobby_Wilson	3	2	1	0	0	0	0	0	0	0.5	0.5	0.5	1	1	0	0	0	0
Kevin_Youkilis	3	3	3	1	0	0	1	0	0	1	1	1.333	2.333	0	0	0	0	0
Delmon_Young	3	3	0	0	0	0	0	0	1	0	0	0	0	0	0	0	0	0
Delwyn_Young	3	3	1	0	0	1	1	0	1	0.333	0.333	1.333	1.667	0	0	0	0	0
Michael_Young	3	3	1	0	0	0	0	0	0	0.333	0.333	0.333	0.667	0	0	0	0	0
Gregg_Zaun	3	3	1	0	0	0	0	0	0	0.333	0.333	0.333	0.667	0	0	0	0	0
Ben_Zobrist	3	3	0	0	0	0	0	0	1	0	0	0	0	0	0	0	0	0
Mike_Zunino	3	3	0	0	0	0	0	0	1	0	0	0	0	0	0	0	0	0
Oswaldo_Arcia	2	1	1	0	0	1	2	1	0	1	1	4	5	0	0	0	0	0
Bronson_Arroyo	2	1	0	0	0	0	0	0	0	0	0	0	0	1	0	0	0	0
Luis_Atilano	2	2	0	0	0	0	0	0	2	0	0	0	0	0	0	0	0	0
Brad_Ausmus	2	1	0	0	0	0	0	1	1	0	0.5	0	0.5	0	0	0	0	0
Jeff_Baker	2	2	1	1	0	0	0	0	0	0.5	0.5	1	1.5	0	0	0	0	0
Tucker_Barnhart	2	2	1	1	0	0	0	0	1	0.5	0.5	1	1.5	0	0	0	0	0
Jason_Bartlett	2	2	1	0	0	0	0	0	0	0.5	0.5	0.5	1	0	0	0	0	0
Brandon_Beachy	2	2	0	0	0	0	0	0	1	0	0	0	0	0	0	0	0	0
Ronnie_Belliard	2	2	1	1	0	0	0	0	1	0.5	0.5	1	1.5	0	0	0	0	0
Chad_Billingsley	2	2	0	0	0	0	0	0	2	0	0	0	0	0	0	0	0	0
Henry_Blanco	2	2	1	0	0	1	2	0	1	0.5	0.5	2	2.5	0	0	0	0	0
Brian_Bogusevic	2	2	1	0	0	0	0	0	0	0.5	0.5	0.5	1	0	0	0	0	0
Jeremy_Bonderman	2	2	0	0	0	0	0	0	2	0	0	0	0	0	0	0	0	0
Archie_Bradley	2	2	0	0	0	0	0	0	2	0	0	0	0	0	0	0	0	0
Madison_Bumgarner	2	1	0	0	0	0	0	0	1	0	0	0	0	1	0	0	0	0
Hiram_Burgos	2	2	0	0	0	0	0	0	2	0	0	0	0	0	0	0	0	0
A.J._Burnett	2	1	0	0	0	0	0	0	1	0	0	0	0	1	0	0	0	0
Trevor_Cahill	2	2	0	0	0	0	0	0	1	0	0	0	0	0	0	0	0	0
Robinson_Cancel	2	1	0	0	0	0	0	1	1	0	0.5	0	0.5	0	0	1	0	0
Juan_Castro	2	2	0	0	0	0	0	0	1	0	0	0	0	0	0	0	0	0
Brett_Cecil	2	2	0	0	0	0	0	0	2	0	0	0	0	0	0	0	0	0
Francisco_Cervelli	2	2	0	0	0	0	0	0	0	0	0	0	0	0	0	0	0	0
Casey_Coleman	2	2	1	0	1	0	0	0	1	0.5	0.5	1.5	2	0	0	0	0	0
Bartolo_Colon	2	2	0	0	0	0	0	0	2	0	0	0	0	0	0	0	0	0
Aaron_Cook	2	2	0	0	0	0	0	0	2	0	0	0	0	0	0	0	0	0
Patrick_Corbin	2	2	0	0	0	0	0	0	1	0	0	0	0	0	0	0	0	0
Jarred_Cosart	2	1	1	0	0	0	0	0	0	1	1	1	2	1	0	0	0	0
C.J._Cron	2	2	0	0	0	0	0	0	1	0	0	0	0	0	0	0	0	0
Charlie_Culberson	2	2	1	0	0	0	0	0	1	0.5	0.5	0.5	1	0	0	0	0	0
Todd_Cunningham	2	2	2	0	0	0	0	0	0	1	1	1	2	0	0	0	0	0
Jacob_deGrom	2	2	0	0	0	0	0	0	0	0	0	0	0	0	0	0	0	1
Odrisamer_Despaigne	2	2	0	0	0	0	0	0	1	0	0	0	0	0	0	0	0	0
R.A._Dickey	2	2	0	0	0	0	0	0	1	0	0	0	0	0	0	0	0	0
Barry_Enright	2	1	0	0	0	0	0	0	1	0	0	0	0	1	0	0	0	0
Jose_Fernandez	2	2	0	0	0	0	0	0	0	0	0	0	0	0	0	0	0	0
Nelson_Figueroa	2	2	0	0	0	0	0	0	1	0	0	0	0	0	0	0	0	0
Ryan_Flaherty	2	2	1	0	0	0	0	0	1	0.5	0.5	0.5	1	0	0	0	0	0
Jeff_Francis	2	2	0	0	0	0	0	0	1	0	0	0	0	0	0	0	0	0
Dillon_Gee	2	2	0	0	0	0	0	0	0	0	0	0	0	0	0	0	0	0
Conor_Gillaspie	2	2	1	0	0	0	0	0	0	0.5	0.5	0.5	1	0	0	0	0	0
Troy_Glaus	2	2	0	0	0	0	0	0	1	0	0	0	0	0	0	0	0	0
Ross_Gload	2	2	1	0	0	0	0	0	0	0.5	0.5	0.5	1	0	0	0	0	0
Alberto_Gonzalez	2	2	0	0	0	0	0	0	0	0	0	0	0	0	0	0	0	0
Gio_Gonzalez	2	2	1	0	0	0	0	0	0	0.5	0.5	0.5	1	0	0	0	0	0
Philip_Gosselin	2	2	0	0	0	0	0	0	0	0	0	0	0	0	0	0	0	0
David_Hale	2	2	0	0	0	0	0	0	2	0	0	0	0	0	0	0	0	0
Roy_Halladay	2	2	1	0	0	0	0	0	1	0.5	0.5	0.5	1	0	0	0	0	0
Billy_Hamilton	2	2	2	0	0	0	1	0	0	1	1	1	2	0	0	0	0	0
Tommy_Hanson	2	2	0	0	0	0	0	0	1	0	0	0	0	0	0	0	0	0
Aaron_Harang	2	1	0	0	0	0	0	0	1	0	0	0	0	1	0	0	0	0
Rich_Harden	2	2	0	0	0	0	0	0	1	0	0	0	0	0	0	0	0	0
Matt_Harvey	2	1	0	0	0	0	0	0	0	0	0	0	0	1	0	0	0	0
Jeremy_Hellickson	2	2	0	0	0	0	0	0	1	0	0	0	0	0	0	0	0	0
Kyle_Hendricks	2	2	0	0	0	0	0	0	1	0	0	0	0	0	0	0	0	0
Orlando_Hudson	2	1	0	0	0	0	0	1	0	0	0.5	0	0.5	0	0	1	0	0
Nick_Hundley	2	1	0	0	0	0	0	1	0	0	0.5	0	0.5	0	0	1	0	0
Cesar_Izturis	2	2	0	0	0	0	0	0	0	0	0	0	0	0	0	0	0	0
Travis_Jankowski	2	2	0	0	0	0	0	0	0	0	0	0	0	0	0	0	0	0
Josh_Johnson	2	2	2	0	0	0	3	0	0	1	1	1	2	0	0	0	0	0
Nick_Johnson	2	1	1	0	0	0	0	1	0	1	1	1	2	0	0	0	0	0
Caleb_Joseph	2	2	1	0	0	0	1	0	0	0.5	0.5	0.5	1	0	0	0	0	0
Jair_Jurrjens	2	1	0	0	0	0	0	0	1	0	0	0	0	1	0	0	0	0
Jung_Ho_Kang	2	2	1	0	0	0	1	0	0	0.5	0.5	0.5	1	0	0	0	0	0
Kenshin_Kawakami	2	2	1	0	0	0	0	0	0	0.5	0.5	0.5	1	0	0	0	0	0
Ian_Kennedy	2	2	0	0	0	0	0	0	1	0	0	0	0	0	0	0	0	0
Hyun_Soo_Kim	2	2	2	1	0	0	0	0	0	1	1	1.5	2.5	0	0	0	0	0
Jon_Lester	2	1	0	0	0	0	0	1	0	0	0.5	0	0.5	0	0	0	0	0
Ted_Lilly	2	2	0	0	0	0	0	0	2	0	0	0	0	0	0	0	0	0
Jeff_Locke	2	1	1	0	0	0	0	1	0	1	1	1	2	0	0	0	0	0
Derek_Lowe	2	2	1	0	0	0	0	0	0	0.5	0.5	0.5	1	0	0	0	0	0
Tyler_Lyons	2	2	0	0	0	0	0	0	1	0	0	0	0	0	0	0	0	0
J.D._Martin	2	2	0	0	0	0	0	0	2	0	0	0	0	0	0	0	0	0
Fernando_Martinez	2	2	1	1	0	0	2	0	0	0.5	0.5	1	1.5	0	0	0	0	0
Zach_McAllister	2	2	0	0	0	0	0	0	1	0	0	0	0	0	0	0	0	0
Garrett_Mock	2	2	0	0	0	0	0	0	1	0	0	0	0	0	0	0	0	0
Jose_Morales	2	2	1	0	0	0	0	0	0	0.5	0.5	0.5	1	0	0	0	0	0
Logan_Morrison	2	2	0	0	0	0	0	0	0	0	0	0	0	0	0	0	0	1
Mike_Morse	2	2	1	0	0	1	2	0	1	0.5	0.5	2	2.5	0	0	0	0	0
Jamie_Moyer	2	2	0	0	0	0	0	0	2	0	0	0	0	0	0	0	0	0
John_Ryan_Murphy	2	2	0	0	0	0	0	0	0	0	0	0	0	0	0	0	0	0
Brett_Nicholas	2	2	0	0	0	0	0	0	0	0	0	0	0	0	0	0	0	0
Mike_Nickeas	2	2	0	0	0	0	0	0	2	0	0	0	0	0	0	0	0	0
Pete_Orr	2	2	0	0	0	0	0	0	0	0	0	0	0	0	0	0	0	0
Jimmy_Paredes	2	2	0	0	0	0	1	0	0	0	0	0	0	0	0	0	0	1
Carlos_Perez	2	1	1	0	0	0	0	1	0	1	1	1	2	0	0	0	0	0
A.J._Pierzynski	2	2	1	0	0	0	1	0	0	0.5	0.5	0.5	1	0	0	0	0	0
Kevin_Plawecki	2	2	1	0	0	0	0	0	0	0.5	0.5	0.5	1	0	0	0	0	0
Humberto_Quintero	2	2	0	0	0	0	0	0	0	0	0	0	0	0	0	0	0	0
Ryan_Raburn	2	1	1	1	0	0	2	1	0	1	1	2	3	0	0	0	0	0
Colin_Rea	2	2	0	0	0	0	0	0	1	0	0	0	0	0	0	0	0	0
Todd_Redmond	2	1	0	0	0	0	0	0	0	0	0	0	0	1	0	0	0	0
Keyvius_Sampson	2	1	0	0	0	0	0	0	1	0	0	0	0	1	0	0	0	0
Anibal_Sanchez	2	2	0	0	0	0	0	0	2	0	0	0	0	0	0	0	0	0
Johan_Santana	2	2	0	0	0	0	0	0	1	0	0	0	0	0	0	0	0	0
Joe_Saunders	2	2	0	0	0	0	0	0	0	0	0	0	0	0	0	0	0	0
Kevin_Slowey	2	1	0	0	0	0	0	0	1	0	0	0	0	1	0	0	0	0
Cory_Spangenberg	2	1	1	0	0	0	0	0	0	1	1	1	2	1	0	0	0	0
Kurt_Suzuki	2	2	2	0	0	0	1	0	0	1	1	1	2	0	0	0	0	0
Fernando_Tatis	2	2	0	0	0	0	0	0	2	0	0	0	0	0	0	0	0	0
Craig_Tatum	2	1	0	0	0	0	0	1	0	0	0.5	0	0.5	0	0	0	0	0
Michael_Taylor	2	1	0	0	0	0	0	1	1	0	0.5	0	0.5	0	0	0	0	0
Matt_Tuiasosopo	2	2	0	0	0	0	0	0	1	0	0	0	0	0	0	0	0	0
Danny_Valencia	2	2	0	0	0	0	0	0	0	0	0	0	0	0	0	0	0	0
Chris_Volstad	2	1	0	0	0	0	0	0	1	0	0	0	0	1	0	0	0	0
Logan_Watkins	2	2	1	0	0	0	0	0	1	0.5	0.5	0.5	1	0	0	0	0	0
C.J._Wilson	2	2	0	0	0	0	0	0	1	0	0	0	0	0	0	0	0	0
Josh_Wilson	2	2	1	0	0	0	0	0	0	0.5	0.5	0.5	1	0	0	0	0	0
Alex_Wood	2	1	0	0	0	0	0	0	1	0	0	0	0	1	0	0	0	0
Brandon_Wood	2	2	1	0	0	0	0	0	0	0.5	0.5	0.5	1	0	0	0	0	0
Travis_Wood	2	2	0	0	0	0	0	0	1	0	0	0	0	0	0	0	0	0
Chris_Young	2	2	0	0	0	0	0	0	0	0	0	0	0	0	0	0	0	0
Matt_Young	2	2	1	1	0	0	0	0	1	0.5	0.5	1	1.5	0	0	0	0	0
Bobby_Abreu	1	1	0	0	0	0	0	0	1	0	0	0	0	0	0	0	0	0
Bryan_Anderson	1	1	1	0	0	0	0	0	0	1	1	1	2	0	0	0	0	0
Mike_Aviles	1	0	0	0	0	0	0	1	0	0	1	0	0	0	0	0	0	0
Joe_Blanton	1	1	0	0	0	0	0	0	0	0	0	0	0	0	0	0	0	0
Billy_Butler	1	1	0	0	0	0	0	0	0	0	0	0	0	0	0	0	0	0
Byron_Buxton	1	0	0	0	0	0	0	0	0	0	1	0	0	0	0	0	1	0
Robinson_Chirinos	1	1	0	0	0	0	0	0	0	0	0	0	0	0	0	0	0	0
Ryan_Church	1	1	0	0	0	0	0	0	1	0	0	0	0	0	0	0	0	0
Kevin_Correia	1	1	0	0	0	0	0	0	1	0	0	0	0	0	0	0	0	0
Randall_Delgado	1	1	0	0	0	0	0	0	1	0	0	0	0	0	0	0	0	0
Chris_Dickerson	1	1	0	0	0	0	0	0	1	0	0	0	0	0	0	0	0	0
Stephen_Fife	1	1	0	0	0	0	0	0	0	0	0	0	0	0	0	0	0	0
Nick_Franklin	1	1	0	0	0	0	0	0	1	0	0	0	0	0	0	0	0	0
Sam_Fuld	1	1	0	0	0	0	0	0	0	0	0	0	0	0	0	0	0	0
Jake_Goebbert	1	1	0	0	0	0	0	0	1	0	0	0	0	0	0	0	0	0
Jeanmar_Gomez	1	1	1	0	0	0	0	0	0	1	1	1	2	0	0	0	0	0
Jesus_Guzman	1	1	1	0	0	0	0	0	0	1	1	1	2	0	0	0	0	0
Jesse_Hahn	1	1	0	0	0	0	0	0	0	0	0	0	0	0	0	0	0	0
Jeremy_Hermida	1	1	0	0	0	0	0	0	0	0	0	0	0	0	0	0	0	0
Enrique_Hernandez	1	1	0	0	0	0	0	0	0	0	0	0	0	0	0	0	0	0
Gorkys_Hernandez	1	1	0	0	0	0	0	0	1	0	0	0	0	0	0	0	0	0
Elian_Herrera	1	1	1	0	0	0	0	0	0	1	1	1	2	0	0	0	0	0
Phil_Irwin	1	1	0	0	0	0	0	0	1	0	0	0	0	0	0	0	0	0
Reed_Johnson	1	1	1	0	1	0	1	0	0	1	1	3	4	0	0	0	0	0
Austin_Kearns	1	1	1	0	0	0	0	0	0	1	1	1	2	0	0	0	0	0
Max_Kepler	1	1	0	0	0	0	0	0	0	0	0	0	0	0	0	0	0	0
George_Kottaras	1	0	0	0	0	0	0	1	0	0	1	0	0	0	0	0	0	0
Lance_Lynn	1	1	0	0	0	0	0	0	1	0	0	0	0	0	0	0	0	0
Vin_Mazzaro	1	1	0	0	0	0	0	0	1	0	0	0	0	0	0	0	0	0
Shelby_Miller	1	1	0	0	0	0	0	0	1	0	0	0	0	0	0	0	0	0
Bengie_Molina	1	1	0	0	0	0	0	0	1	0	0	0	0	0	0	0	0	0
Bryan_Morris	1	1	0	0	0	0	0	0	0	0	0	0	0	0	0	0	0	0
Chris_Nelson	1	1	0	0	0	0	0	0	0	0	0	0	0	0	0	0	0	0
Bud_Norris	1	1	0	0	0	0	0	0	0	0	0	0	0	0	0	0	0	0
Greg_Norton	1	1	0	0	0	0	0	0	0	0	0	0	0	0	0	0	0	0
Vicente_Padilla	1	1	0	0	0	0	0	0	1	0	0	0	0	0	0	0	0	0
Bobby_Parnell	1	1	0	0	0	0	0	0	1	0	0	0	0	0	0	0	0	0
Steve_Pearce	1	1	0	0	0	0	0	0	0	0	0	0	0	0	0	0	0	0
Rick_Porcello	1	0	0	0	0	0	0	0	0	0	0	0	0	1	0	0	0	0
Nick_Punto	1	1	0	0	0	0	0	0	1	0	0	0	0	0	0	0	0	0
Cory_Rasmus	1	1	0	0	0	0	0	0	0	0	0	0	0	0	0	0	0	0
Jeremy_Reed	1	1	1	0	0	0	0	0	0	1	1	1	2	0	0	0	0	0
Shane_Robinson	1	1	0	0	0	0	0	0	0	0	0	0	0	0	0	0	0	0
Danny_Salazar	1	1	0	0	0	0	0	0	1	0	0	0	0	0	0	0	0	0
Jake_Smolinski	1	1	0	0	0	0	0	0	1	0	0	0	0	0	0	0	0	0
Sammy_Solis	1	1	0	0	0	0	0	0	0	0	0	0	0	0	0	0	0	0
Ryan_Spilborghs	1	1	0	0	0	0	0	0	1	0	0	0	0	0	0	0	0	0
Dan_Straily	1	1	0	0	0	0	0	0	1	0	0	0	0	0	0	0	0	0
Jacob_Turner	1	1	0	0	0	0	0	0	1	0	0	0	0	0	0	0	0	0
Carlos_Villanueva	1	0	0	0	0	0	0	0	0	0	0	0	0	1	0	0	0	0
Sean_West	1	1	0	0	0	0	0	0	1	0	0	0	0	0	0	0	0	0
Rafael_Ynoa	1	1	0	0	0	0	0	0	1	0	0	0	0	0	0	0	0	0
Carlos_Zambrano	1	1	0	0	0	0	0	0	0	0	0	0	0	0	0	0	0	0
Barry_Zito	1	1	0	0	0	0	0	0	1	0	0	0	0	0	0	0	0	0
