Derrek_Lee	51	47	14	2	0	1	4	4	3	0.298	0.353	0.404	0.757	0	0	0	0	4
Prince_Fielder	49	42	14	2	0	4	10	4	10	0.333	0.429	0.667	1.095	0	0	1	3	0
Albert_Pujols	48	45	19	5	0	4	6	3	2	0.422	0.458	0.8	1.258	0	0	2	0	3
Rickie_Weeks	47	40	10	4	0	1	4	6	4	0.25	0.362	0.425	0.787	0	0	0	1	2
Ryan_Theriot	45	42	14	3	0	1	4	2	3	0.333	0.364	0.476	0.84	1	0	0	0	1
Yadier_Molina	43	37	12	2	0	0	6	2	1	0.324	0.381	0.378	0.759	1	1	1	2	2
Aramis_Ramirez	42	39	13	6	0	1	6	2	2	0.333	0.381	0.564	0.945	0	0	0	1	2
Alfonso_Soriano	40	38	17	5	0	2	4	2	8	0.447	0.475	0.737	1.212	0	0	0	0	0
Bill_Hall	36	33	11	3	0	3	9	2	4	0.333	0.361	0.697	1.058	0	1	0	0	1
Corey_Hart	36	28	6	5	0	0	5	6	2	0.214	0.361	0.393	0.754	0	1	1	1	0
Carlos_Lee	36	34	9	3	0	0	3	1	1	0.265	0.278	0.353	0.631	0	1	0	0	1
Brandon_Phillips	35	34	9	2	0	1	5	1	3	0.265	0.286	0.412	0.697	0	0	1	0	2
Lance_Berkman	32	27	6	1	0	0	4	5	3	0.222	0.344	0.259	0.603	0	0	0	0	0
Matt_Holliday	32	27	13	3	0	2	6	3	2	0.481	0.531	0.815	1.346	0	1	0	1	0
Carlos_Beltran	30	28	6	1	1	2	6	1	1	0.214	0.233	0.536	0.769	0	1	0	0	2
Ronny_Cedeno	30	29	9	1	0	0	2	1	1	0.31	0.333	0.345	0.678	0	0	0	0	1
Matt_Murton	30	28	11	3	0	1	6	2	2	0.393	0.433	0.607	1.04	0	0	0	0	0
Reed_Johnson	28	25	8	3	0	0	4	1	3	0.32	0.393	0.44	0.833	0	0	0	2	0
Ryan_Ludwick	28	26	9	0	0	2	3	1	2	0.346	0.37	0.577	0.947	0	0	0	0	1
Jose_Reyes	28	27	11	0	2	1	5	1	2	0.407	0.429	0.667	1.095	0	0	0	0	0
Chipper_Jones	27	26	13	3	0	1	5	1	1	0.5	0.519	0.731	1.249	0	0	0	0	1
David_Wright	27	25	6	2	0	1	5	2	1	0.24	0.296	0.44	0.736	0	0	0	0	2
Chris_Burke	26	21	5	2	0	0	0	2	3	0.238	0.304	0.333	0.638	3	0	0	0	0
Andre_Ethier	26	24	8	3	0	1	8	2	4	0.333	0.385	0.583	0.968	0	0	0	0	0
Geovany_Soto	26	22	7	3	0	0	2	4	5	0.318	0.423	0.455	0.878	0	0	0	0	0
Mark_DeRosa	24	24	9	3	0	0	1	0	1	0.375	0.375	0.5	0.875	0	0	0	0	0
Jeff_Francoeur	24	22	9	2	0	1	3	1	0	0.409	0.458	0.636	1.095	0	0	0	1	1
Jerry_Hairston	24	20	5	0	0	0	0	2	3	0.25	0.318	0.25	0.568	2	0	0	0	1
Juan_Pierre	24	24	4	0	0	0	0	0	1	0.167	0.167	0.167	0.333	0	0	0	0	0
Joey_Votto	24	22	12	5	0	1	6	2	1	0.545	0.583	0.909	1.492	0	0	0	0	1
Ryan_Braun	23	20	7	0	0	2	2	3	0	0.35	0.435	0.65	1.085	0	0	0	0	1
J.J._Hardy	23	20	10	1	0	4	9	2	1	0.5	0.545	1.15	1.695	1	0	0	0	1
Russell_Martin	23	22	9	4	0	1	4	1	4	0.409	0.435	0.727	1.162	0	0	0	0	1
Willy_Taveras	23	20	7	3	0	0	0	2	2	0.35	0.409	0.5	0.909	1	0	0	0	1
Brady_Clark	22	21	6	0	0	0	1	0	3	0.286	0.273	0.286	0.558	0	1	0	0	0
Martin_Prado	22	21	10	3	0	1	5	1	0	0.476	0.5	0.762	1.262	0	0	0	0	4
So_Taguchi	22	21	6	0	0	0	1	1	3	0.286	0.318	0.286	0.604	0	0	0	0	0
Dan_Uggla	22	17	8	2	0	1	4	4	1	0.471	0.545	0.765	1.31	0	1	0	0	0
Clint_Barmes	21	18	8	0	1	1	2	1	2	0.444	0.45	0.722	1.172	1	1	0	0	0
David_Eckstein	21	19	7	2	0	0	0	1	0	0.368	0.429	0.474	0.902	0	0	0	1	0
Adam_Everett	21	19	4	1	1	0	0	2	1	0.211	0.286	0.368	0.654	0	0	0	0	1
Rafael_Furcal	21	19	2	1	0	0	1	2	0	0.105	0.19	0.158	0.348	0	0	0	0	0
Matt_Kemp	21	20	8	3	0	0	2	1	2	0.4	0.429	0.55	0.979	0	0	0	0	0
Scott_Rolen	21	19	8	2	0	1	4	1	2	0.421	0.429	0.684	1.113	0	1	0	0	0
Randy_Winn	21	18	5	2	0	0	0	3	0	0.278	0.381	0.389	0.77	0	0	1	0	0
Brad_Ausmus	20	18	5	0	0	0	0	1	3	0.278	0.35	0.278	0.628	0	0	1	1	0
Adam_Dunn	20	17	8	1	0	2	5	3	6	0.471	0.55	0.882	1.432	0	0	0	0	0
Orlando_Hudson	20	18	5	0	1	0	2	1	1	0.278	0.316	0.389	0.705	1	0	0	0	0
Hunter_Pence	20	19	6	0	0	0	0	1	0	0.316	0.35	0.316	0.666	0	0	0	0	0
Brendan_Ryan	20	18	4	1	0	0	1	1	2	0.222	0.25	0.278	0.528	0	1	0	0	0
Drew_Stubbs	20	16	6	1	0	2	2	4	1	0.375	0.5	0.813	1.313	0	0	0	0	0
Chris_Young	20	18	6	2	0	2	5	2	1	0.333	0.4	0.778	1.178	0	0	0	0	1
Ryan_Zimmerman	20	17	6	2	0	0	0	3	0	0.353	0.45	0.471	0.921	0	0	0	0	0
Morgan_Ensberg	19	18	3	0	0	1	3	0	2	0.167	0.211	0.333	0.544	0	0	0	1	0
Felipe_Lopez	19	18	3	0	0	0	1	1	2	0.167	0.211	0.167	0.377	0	0	0	0	2
Pablo_Sandoval	19	19	3	1	0	0	1	0	1	0.158	0.158	0.211	0.368	0	0	0	0	1
Jay_Bruce	18	18	2	1	0	0	1	0	5	0.111	0.111	0.167	0.278	0	0	0	0	0
Matt_Diaz	18	17	7	0	0	0	1	1	1	0.412	0.444	0.412	0.856	0	0	0	0	0
Jonny_Gomes	18	17	5	3	0	0	1	1	3	0.294	0.333	0.471	0.804	0	0	0	0	0
Casey_McGehee	18	15	1	0	0	0	3	2	0	0.067	0.167	0.067	0.233	0	1	0	0	0
Damian_Miller	18	17	3	0	0	0	2	0	3	0.176	0.167	0.176	0.343	0	1	0	0	2
Mark_Reynolds	18	16	8	3	0	2	3	1	2	0.5	0.556	1.063	1.618	0	0	0	1	0
Milton_Bradley	17	16	7	3	1	0	2	1	2	0.438	0.471	0.75	1.221	0	0	0	0	0
Miguel_Cabrera	17	15	6	4	0	0	3	2	1	0.4	0.471	0.667	1.137	0	0	0	0	0
Mike_Cameron	17	13	7	2	0	0	1	4	1	0.538	0.647	0.692	1.339	0	0	0	0	0
Stephen_Drew	17	17	4	3	0	0	0	0	2	0.235	0.235	0.412	0.647	0	0	0	0	0
Juan_Encarnacion	17	16	9	1	0	0	6	0	2	0.563	0.529	0.625	1.154	0	1	0	0	0
Carlos_Gomez	17	15	4	1	0	0	1	1	3	0.267	0.313	0.333	0.646	1	0	0	0	1
Omar_Infante	17	17	5	2	0	0	2	0	1	0.294	0.294	0.412	0.706	0	0	0	0	0
Jason_Lane	17	15	4	1	0	1	5	2	2	0.267	0.353	0.533	0.886	0	0	0	0	0
Jason_Michaels	17	16	4	2	1	0	0	1	1	0.25	0.294	0.5	0.794	0	0	0	0	1
Aaron_Miles	17	15	6	0	0	0	3	1	1	0.4	0.412	0.4	0.812	0	1	1	0	0
Colby_Rasmus	17	15	3	1	0	0	0	1	2	0.2	0.294	0.267	0.561	0	0	0	1	0
Aaron_Rowand	17	16	2	2	0	0	2	1	3	0.125	0.176	0.25	0.426	0	0	0	0	1
Justin_Upton	17	10	3	1	0	0	0	6	1	0.3	0.563	0.4	0.963	0	0	3	0	1
Garrett_Atkins	16	14	4	0	0	0	1	2	1	0.286	0.375	0.286	0.661	0	0	0	0	0
Michael_Barrett	16	13	0	0	0	0	0	3	1	0	0.188	0	0.188	0	0	0	0	2
Craig_Biggio	16	16	7	2	1	0	1	0	1	0.438	0.438	0.688	1.125	0	0	0	0	1
Alcides_Escobar	16	16	6	0	2	0	2	0	2	0.375	0.375	0.625	1	0	0	0	0	0
Yunel_Escobar	16	16	2	0	0	0	1	0	1	0.125	0.125	0.125	0.25	0	0	0	0	0
Wes_Helms	16	14	3	1	0	0	4	1	4	0.214	0.25	0.286	0.536	0	1	0	0	1
Jeff_Kent	16	14	2	1	0	0	0	2	1	0.143	0.25	0.214	0.464	0	0	1	0	0
Hanley_Ramirez	16	16	7	0	1	1	3	0	1	0.438	0.438	0.75	1.188	0	0	0	0	0
Troy_Tulowitzki	16	16	6	1	0	0	0	0	3	0.375	0.375	0.438	0.813	0	0	0	0	0
Chase_Utley	16	14	3	1	0	0	1	2	3	0.214	0.313	0.286	0.598	0	0	0	0	0
Khalil_Greene	15	13	2	2	0	0	4	1	1	0.154	0.2	0.308	0.508	0	1	0	0	1
Scott_Hairston	15	14	2	1	1	0	1	1	4	0.143	0.2	0.357	0.557	0	0	0	0	1
Cesar_Izturis	15	15	5	0	0	0	1	0	0	0.333	0.333	0.333	0.667	0	0	0	0	0
Conor_Jackson	15	13	0	0	0	0	0	2	4	0	0.133	0	0.133	0	0	0	0	0
Paul_Janish	15	13	0	0	0	0	0	2	0	0	0.133	0	0.133	0	0	0	0	1
Geoff_Jenkins	15	12	2	0	0	0	0	2	7	0.167	0.333	0.167	0.5	0	0	0	1	2
Paul_Konerko	15	13	8	0	0	1	5	1	1	0.615	0.6	0.846	1.446	0	1	0	0	0
Brian_McCann	15	13	4	0	0	1	3	1	3	0.308	0.4	0.538	0.938	0	0	0	1	1
Bengie_Molina	15	13	4	1	0	0	0	1	0	0.308	0.4	0.385	0.785	0	0	0	1	2
Skip_Schumaker	15	15	2	0	0	0	1	0	6	0.133	0.133	0.133	0.267	0	0	0	0	0
Jayson_Werth	15	13	5	1	0	1	4	2	4	0.385	0.467	0.692	1.159	0	0	0	0	0
Casey_Blake	14	13	2	0	1	0	1	1	3	0.154	0.214	0.308	0.522	0	0	0	0	0
Henry_Blanco	14	13	1	0	0	0	1	0	4	0.077	0.077	0.077	0.154	1	0	0	0	1
Carlos_Delgado	14	13	2	0	0	0	0	1	1	0.154	0.214	0.154	0.368	0	0	0	0	0
Edwin_Encarnacion	14	12	2	1	0	1	1	1	3	0.167	0.286	0.5	0.786	0	0	1	1	0
Adrian_Gonzalez	14	12	6	1	0	1	4	2	0	0.5	0.571	0.833	1.405	0	0	1	0	0
Ryan_Howard	14	12	3	0	0	0	0	2	6	0.25	0.357	0.25	0.607	0	0	0	0	0
Austin_Kearns	14	11	4	2	0	0	1	2	2	0.364	0.5	0.545	1.045	0	0	0	1	0
James_Loney	14	14	3	1	0	0	1	0	3	0.214	0.214	0.286	0.5	0	0	0	0	0
David_Ross	14	13	6	4	0	0	4	1	4	0.462	0.5	0.769	1.269	0	0	0	0	0
Chris_Snyder	14	13	4	0	0	0	3	1	3	0.308	0.357	0.308	0.665	0	0	0	0	0
Miguel_Tejada	14	12	4	3	0	0	2	2	0	0.333	0.429	0.583	1.012	0	0	0	0	2
Rich_Aurilia	13	13	8	1	0	1	3	0	0	0.615	0.615	0.923	1.538	0	0	0	0	0
Jeff_Baker	13	13	7	0	0	2	4	0	3	0.538	0.538	1	1.538	0	0	0	0	0
Michael_Bourn	13	12	1	0	0	0	0	1	3	0.083	0.154	0.083	0.237	0	0	0	0	0
Marlon_Byrd	13	10	2	0	0	0	0	3	3	0.2	0.385	0.2	0.585	0	0	0	0	1
Orlando_Cabrera	13	13	5	0	0	1	2	0	1	0.385	0.385	0.615	1	0	0	0	0	2
Ryan_Freel	13	13	4	0	0	0	1	0	1	0.308	0.308	0.308	0.615	0	0	0	0	0
Jon_Jay	13	13	5	1	0	0	1	0	3	0.385	0.385	0.462	0.846	0	0	0	0	1
Joe_Mauer	13	13	4	1	0	0	1	0	2	0.308	0.308	0.385	0.692	0	0	0	0	1
Kevin_Mench	13	13	4	0	0	0	0	0	1	0.308	0.308	0.308	0.615	0	0	0	0	0
Angel_Pagan	13	12	5	1	0	0	4	1	1	0.417	0.462	0.5	0.962	0	0	0	0	0
Jimmy_Rollins	13	11	2	1	0	0	2	1	1	0.182	0.231	0.273	0.503	0	1	0	0	0
Olmedo_Saenz	13	12	8	0	0	2	5	1	3	0.667	0.692	1.167	1.859	0	0	0	0	0
Rick_Ankiel	12	11	5	0	0	1	3	1	4	0.455	0.5	0.727	1.227	0	0	0	0	0
David_Bell	12	11	5	1	0	0	2	0	0	0.455	0.417	0.545	0.962	0	1	0	0	0
Emilio_Bonifacio	12	12	6	1	0	0	1	0	2	0.5	0.5	0.583	1.083	0	0	0	0	0
Matt_Carpenter	12	9	4	0	1	0	2	3	2	0.444	0.583	0.667	1.25	0	0	0	0	0
Chris_Coghlan	12	12	1	0	0	0	1	0	4	0.083	0.083	0.083	0.167	0	0	0	0	0
Pedro_Feliz	12	11	1	1	0	0	1	1	1	0.091	0.167	0.182	0.348	0	0	0	0	2
David_Freese	12	10	3	0	0	1	3	1	3	0.3	0.333	0.6	0.933	0	1	0	0	0
Troy_Glaus	12	11	2	0	0	0	1	1	2	0.182	0.25	0.182	0.432	0	0	0	0	0
Ryan_Hanigan	12	11	4	1	0	0	1	1	0	0.364	0.417	0.455	0.871	0	0	0	0	0
Chris_Johnson	12	12	5	1	0	0	1	0	3	0.417	0.417	0.5	0.917	0	0	0	0	0
Andruw_Jones	12	11	2	0	1	1	3	1	1	0.182	0.25	0.636	0.886	0	0	0	0	0
Adam_LaRoche	12	11	3	2	0	0	1	1	2	0.273	0.333	0.455	0.788	0	0	0	0	0
Mark_Loretta	12	10	3	0	0	0	2	0	1	0.3	0.25	0.3	0.55	0	2	0	0	0
Jhonny_Peralta	12	11	3	1	0	0	2	1	3	0.273	0.333	0.364	0.697	0	0	0	0	1
Edgar_Renteria	12	12	2	1	0	0	1	0	2	0.167	0.167	0.25	0.417	0	0	0	0	0
Adam_Rosales	12	11	2	0	0	0	0	1	1	0.182	0.25	0.182	0.432	0	0	0	0	0
Cody_Ross	12	10	2	0	1	0	1	2	0	0.2	0.333	0.4	0.733	0	0	0	0	0
Chad_Tracy	12	11	3	0	0	0	1	1	2	0.273	0.333	0.273	0.606	0	0	0	0	0
Eugenio_Velez	12	11	2	0	0	0	0	1	0	0.182	0.25	0.182	0.432	0	0	0	0	1
Jason_Bourgeois	11	11	4	0	0	1	1	0	1	0.364	0.364	0.636	1	0	0	0	0	0
Melky_Cabrera	11	11	3	0	0	0	0	0	2	0.273	0.273	0.273	0.545	0	0	0	0	0
Tony_Graffanino	11	11	5	0	0	0	0	0	2	0.455	0.455	0.455	0.909	0	0	0	0	1
Ryan_Spilborghs	11	10	0	0	0	0	0	1	1	0	0.091	0	0.091	0	0	0	0	2
Giancarlo_Stanton	11	11	4	1	0	1	6	0	3	0.364	0.364	0.727	1.091	0	0	0	0	0
Juan_Uribe	11	11	5	2	0	1	4	0	1	0.455	0.455	0.909	1.364	0	0	0	0	0
Shane_Victorino	11	11	6	3	0	0	1	0	0	0.545	0.545	0.818	1.364	0	0	0	0	0
Neil_Walker	11	11	2	0	0	0	1	0	1	0.182	0.182	0.182	0.364	0	0	0	0	0
Todd_Walker	11	11	3	1	0	0	0	0	2	0.273	0.273	0.364	0.636	0	0	0	0	0
Bobby_Abreu	10	10	4	0	0	0	0	0	2	0.4	0.4	0.4	0.8	0	0	0	0	0
Ronnie_Belliard	10	10	0	0	0	0	0	0	2	0	0	0	0	0	0	0	0	2
Eric_Byrnes	10	9	4	2	0	1	1	1	1	0.444	0.5	1	1.5	0	0	0	0	0
Jeff_Cirillo	10	10	5	0	0	0	2	0	1	0.5	0.5	0.5	1	0	0	0	0	0
Ian_Desmond	10	9	2	2	0	0	0	1	1	0.222	0.3	0.444	0.744	0	0	0	0	0
Damion_Easley	10	9	1	0	0	0	0	1	1	0.111	0.2	0.111	0.311	0	0	1	0	0
Jim_Edmonds	10	8	0	0	0	0	2	2	3	0	0.2	0	0.2	0	0	0	0	1
Brian_Giles	10	9	2	1	0	0	0	1	0	0.222	0.3	0.333	0.633	0	0	0	0	0
Cristian_Guzman	10	10	1	0	0	0	0	0	1	0.1	0.1	0.1	0.2	0	0	0	0	0
Chase_Headley	10	10	3	1	0	0	1	0	3	0.3	0.3	0.4	0.7	0	0	0	0	0
Todd_Helton	10	9	2	0	0	0	1	1	3	0.222	0.3	0.222	0.522	0	0	0	0	0
Jason_Heyward	10	7	5	1	0	0	1	2	1	0.714	0.778	0.857	1.635	0	0	0	0	0
Chris_Iannetta	10	10	3	1	0	1	4	0	2	0.3	0.3	0.7	1	0	0	0	0	0
Jason_Kendall	10	9	6	0	0	0	0	1	0	0.667	0.7	0.667	1.367	0	0	0	0	0
Jeff_Keppinger	10	9	1	1	0	0	1	1	0	0.111	0.2	0.222	0.422	0	0	0	0	0
Victor_Martinez	10	7	3	1	0	0	2	3	0	0.429	0.6	0.571	1.171	0	0	0	0	0
Nate_McLouth	10	10	4	0	0	1	1	0	3	0.4	0.4	0.7	1.1	0	0	0	0	0
Logan_Morrison	10	9	4	0	0	0	1	1	2	0.444	0.5	0.444	0.944	0	0	0	0	0
Gerardo_Parra	10	10	2	1	0	0	0	0	1	0.2	0.2	0.3	0.5	0	0	0	0	0
Alex_Rios	10	10	6	3	0	0	2	0	1	0.6	0.6	0.9	1.5	0	0	0	0	0
Anthony_Rizzo	10	8	1	0	0	0	1	2	2	0.125	0.3	0.125	0.425	0	0	0	0	1
Ryan_Roberts	10	10	6	0	0	4	5	0	3	0.6	0.6	1.8	2.4	0	0	0	0	0
Gaby_Sanchez	10	8	3	1	0	0	3	1	1	0.375	0.4	0.5	0.9	0	1	0	0	0
Grady_Sizemore	10	9	3	0	0	2	2	1	2	0.333	0.4	1	1.4	0	0	0	0	0
Andres_Torres	10	9	3	2	0	0	1	1	2	0.333	0.4	0.556	0.956	0	0	0	0	0
Chris_Woodward	10	10	2	1	0	0	0	0	3	0.2	0.2	0.3	0.5	0	0	0	0	1
Tony_Abreu	9	9	4	1	0	0	2	0	0	0.444	0.444	0.556	1	0	0	0	0	1
Pat_Burrell	9	9	3	1	0	0	0	0	1	0.333	0.333	0.444	0.778	0	0	0	0	0
Jamey_Carroll	9	8	3	1	0	0	0	1	1	0.375	0.444	0.5	0.944	0	0	0	0	0
Ramon_Castro	9	8	3	0	0	1	3	1	2	0.375	0.444	0.75	1.194	0	0	0	0	1
Chris_Denorfia	9	8	3	0	0	0	0	1	0	0.375	0.444	0.375	0.819	0	0	0	0	0
Chris_Duncan	9	7	2	1	1	0	2	1	1	0.286	0.444	0.714	1.159	0	0	0	1	1
Jermaine_Dye	9	8	4	1	0	0	2	1	1	0.5	0.556	0.625	1.181	0	0	0	0	1
Nick_Evans	9	9	3	1	0	1	1	0	1	0.333	0.333	0.778	1.111	0	0	0	0	0
Kosuke_Fukudome	9	9	2	1	0	0	2	0	2	0.222	0.222	0.333	0.556	0	0	0	0	0
Nomar_Garciaparra	9	9	5	1	0	1	3	0	1	0.556	0.556	1	1.556	0	0	0	0	0
Alex_Gonzalez	9	9	4	0	0	0	2	0	1	0.444	0.444	0.444	0.889	0	0	0	0	1
Ken_Griffey	9	9	2	0	0	0	2	0	0	0.222	0.222	0.222	0.444	0	0	0	0	0
Jeremy_Hermida	9	8	2	0	0	0	0	1	3	0.25	0.333	0.25	0.583	0	0	0	0	0
Eric_Hosmer	9	8	2	0	0	0	2	1	3	0.25	0.333	0.25	0.583	0	0	0	0	0
Nick_Johnson	9	8	2	1	0	0	2	1	0	0.25	0.333	0.375	0.708	0	0	0	0	0
Kazuo_Matsui	9	9	1	0	0	0	0	0	1	0.111	0.111	0.111	0.222	0	0	0	0	0
Darnell_McDonald	9	9	5	1	0	0	2	0	1	0.556	0.556	0.667	1.222	0	0	0	0	0
Corky_Miller	9	8	1	0	0	0	1	1	2	0.125	0.222	0.125	0.347	0	0	0	0	0
Mike_Morse	9	7	5	0	0	0	1	2	0	0.714	0.778	0.714	1.492	0	0	0	0	0
Dioner_Navarro	9	9	1	0	0	0	0	0	2	0.111	0.111	0.111	0.222	0	0	0	0	0
Lyle_Overbay	9	8	2	1	0	0	0	0	1	0.25	0.333	0.375	0.708	0	0	0	1	1
Carlos_Quentin	9	9	2	1	0	0	2	0	1	0.222	0.222	0.333	0.556	0	0	0	0	2
Alexei_Ramirez	9	9	5	1	1	1	2	0	1	0.556	0.556	1.222	1.778	0	0	0	0	0
Manny_Ramirez	9	9	2	1	0	0	0	0	1	0.222	0.222	0.333	0.556	0	0	0	0	0
Nate_Schierholtz	9	9	3	1	0	0	2	0	2	0.333	0.333	0.444	0.778	0	0	0	0	0
Ian_Stewart	9	9	4	3	0	0	3	0	2	0.444	0.444	0.778	1.222	0	0	0	0	0
Fernando_Tatis	9	8	4	0	0	0	1	1	0	0.5	0.556	0.5	1.056	0	0	0	0	0
Ty_Wigginton	9	8	3	0	0	2	2	1	1	0.375	0.444	1.125	1.569	0	0	0	0	0
Josh_Willingham	9	8	3	0	0	1	1	1	1	0.375	0.444	0.75	1.194	0	0	0	0	0
Reggie_Abercrombie	8	7	5	0	0	1	2	1	0	0.714	0.75	1.143	1.893	0	0	0	0	0
Juan_Castro	8	8	4	0	0	0	2	0	1	0.5	0.5	0.5	1	0	0	0	0	0
Blake_DeWitt	8	7	3	0	0	0	1	1	0	0.429	0.5	0.429	0.929	0	0	0	0	0
Ray_Durham	8	7	2	2	0	0	1	1	0	0.286	0.375	0.571	0.946	0	0	0	0	0
Dexter_Fowler	8	7	2	1	0	0	1	1	1	0.286	0.375	0.429	0.804	0	0	0	0	0
Brad_Hawpe	8	8	3	1	0	1	2	0	2	0.375	0.375	0.875	1.25	0	0	0	0	0
Ramon_Hernandez	8	7	4	0	0	0	0	1	0	0.571	0.625	0.571	1.196	0	0	0	0	0
Nick_Hundley	8	8	0	0	0	0	0	0	1	0	0	0	0	0	0	0	0	0
Kelly_Johnson	8	8	2	1	0	0	0	0	1	0.25	0.25	0.375	0.625	0	0	0	0	0
Kevin_Kouzmanoff	8	8	4	0	0	0	1	0	1	0.5	0.5	0.5	1	0	0	0	0	1
Miguel_Montero	8	8	2	0	0	0	1	0	3	0.25	0.25	0.25	0.5	0	0	0	0	0
Roy_Oswalt	8	7	3	0	0	0	2	0	0	0.429	0.429	0.429	0.857	1	0	0	0	0
A.J._Pierzynski	8	8	1	0	0	0	0	0	0	0.125	0.125	0.125	0.25	0	0	0	0	2
Scott_Podsednik	8	8	4	0	0	0	1	0	0	0.5	0.5	0.5	1	0	0	0	0	0
Humberto_Quintero	8	8	4	2	0	0	3	0	2	0.5	0.5	0.75	1.25	0	0	0	0	0
Ryan_Raburn	8	7	2	0	0	1	2	1	1	0.286	0.375	0.714	1.089	0	0	0	0	0
Jason_Repko	8	8	2	0	1	1	4	0	2	0.25	0.25	0.875	1.125	0	0	0	0	0
Mark_Teixeira	8	8	1	1	0	0	0	0	0	0.125	0.125	0.25	0.375	0	0	0	0	0
Ruben_Tejada	8	7	2	0	0	0	0	1	0	0.286	0.375	0.286	0.661	0	0	0	0	0
Omar_Vizquel	8	7	1	0	0	0	0	1	0	0.143	0.25	0.143	0.393	0	0	0	0	0
Randy_Wolf	8	8	1	0	0	0	0	0	3	0.125	0.125	0.125	0.25	0	0	0	0	0
Josh_Barfield	7	7	2	0	0	1	1	0	0	0.286	0.286	0.714	1	0	0	0	0	0
Andres_Blanco	7	7	2	0	0	0	1	0	0	0.286	0.286	0.286	0.571	0	0	0	0	0
Aaron_Boone	7	6	1	0	0	0	0	1	1	0.167	0.286	0.167	0.452	0	0	0	0	0
Emmanuel_Burriss	7	6	1	0	0	0	0	1	0	0.167	0.286	0.167	0.452	0	0	0	0	0
Lorenzo_Cain	7	6	2	0	0	0	1	1	0	0.333	0.429	0.333	0.762	0	0	1	0	0
Matt_Cain	7	6	1	1	0	0	0	0	3	0.167	0.167	0.333	0.5	1	0	0	0	0
Miguel_Cairo	7	7	1	0	0	0	0	0	1	0.143	0.143	0.143	0.286	0	0	0	0	0
Chris_Capuano	7	7	0	0	0	0	0	0	1	0	0	0	0	0	0	0	0	0
Ike_Davis	7	7	1	0	0	0	0	0	5	0.143	0.143	0.143	0.286	0	0	0	0	0
Ryan_Dempster	7	3	0	0	0	0	0	0	1	0	0	0	0	4	0	0	0	0
Yovani_Gallardo	7	6	3	1	0	0	3	1	2	0.5	0.571	0.667	1.238	0	0	0	0	0
Carlos_Gonzalez	7	6	3	0	0	1	1	1	1	0.5	0.571	1	1.571	0	0	0	0	0
Luis_Gonzalez	7	6	3	2	0	0	1	1	1	0.5	0.571	0.833	1.405	0	0	0	0	1
Josh_Harrison	7	6	1	0	0	0	0	1	0	0.167	0.286	0.167	0.452	0	0	0	0	0
Rich_Hill	7	6	1	1	0	0	0	0	2	0.167	0.167	0.333	0.5	1	0	0	0	0
Aubrey_Huff	7	7	3	0	0	1	2	0	0	0.429	0.429	0.857	1.286	0	0	0	0	1
Todd_Linden	7	6	4	0	0	0	1	1	0	0.667	0.714	0.667	1.381	0	0	0	0	1
Melvin_Mora	7	7	2	0	0	0	0	0	1	0.286	0.286	0.286	0.571	0	0	0	0	0
Kendrys_Morales	7	5	0	0	0	0	1	2	1	0	0.286	0	0.286	0	0	0	0	0
Scott_Olsen	7	7	0	0	0	0	0	0	5	0	0	0	0	0	0	0	0	0
Neifi_Perez	7	7	1	0	0	0	0	0	0	0.143	0.143	0.143	0.286	0	0	0	0	0
Odalis_Perez	7	6	0	0	0	0	0	1	3	0	0.143	0	0.143	0	0	0	0	0
Placido_Polanco	7	7	1	0	0	0	0	0	1	0.143	0.143	0.143	0.286	0	0	0	0	1
Shane_Robinson	7	6	1	0	0	0	0	1	0	0.167	0.286	0.167	0.452	0	0	0	0	0
Carlos_Santana	7	5	1	0	0	0	1	2	3	0.2	0.429	0.2	0.629	0	0	0	0	0
Brian_Schneider	7	7	3	0	0	0	3	0	1	0.429	0.429	0.429	0.857	0	0	0	0	0
Scott_Spiezio	7	7	3	0	0	0	1	0	0	0.429	0.429	0.429	0.857	0	0	0	0	0
Jeff_Suppan	7	6	2	0	0	0	1	0	0	0.333	0.333	0.333	0.667	1	0	0	0	0
Yorvit_Torrealba	7	5	2	1	0	0	2	1	1	0.4	0.429	0.6	1.029	0	1	0	0	0
Melvin_Upton	7	7	2	1	0	0	0	0	0	0.286	0.286	0.429	0.714	0	0	0	0	0
Todd_Wellemeyer	7	6	0	0	0	0	1	0	4	0	0	0	0	0	1	0	0	0
Preston_Wilson	7	6	1	0	0	1	1	1	2	0.167	0.286	0.667	0.952	0	0	0	0	0
Moises_Alou	6	6	1	0	0	1	2	0	1	0.167	0.167	0.667	0.833	0	0	0	0	0
Brian_Anderson	6	5	1	1	0	0	0	1	2	0.2	0.333	0.4	0.733	0	0	0	0	0
Roger_Bernadina	6	5	1	0	0	0	0	1	2	0.2	0.333	0.2	0.533	0	0	0	0	0
Michael_Brantley	6	5	1	0	0	0	1	1	1	0.2	0.333	0.2	0.533	0	0	0	0	0
Eric_Bruntlett	6	6	2	0	0	0	0	0	0	0.333	0.333	0.333	0.667	0	0	0	0	0
Jeromy_Burnitz	6	5	0	0	0	0	0	1	3	0	0.167	0	0.167	0	0	0	0	0
Chris_Carpenter	6	5	1	0	0	0	0	0	2	0.2	0.2	0.2	0.4	1	0	0	0	0
Shin-Soo_Choo	6	6	1	0	0	0	0	0	3	0.167	0.167	0.167	0.333	0	0	0	0	0
Alex_Cintron	6	5	3	2	0	0	4	0	0	0.6	0.6	1	1.6	1	0	0	0	0
Chris_Coste	6	6	3	1	0	0	4	0	0	0.5	0.5	0.667	1.167	0	0	0	0	0
Joe_Crede	6	6	0	0	0	0	0	0	0	0	0	0	0	0	0	0	0	0
Jose_Cruz	6	5	1	0	0	0	0	1	1	0.2	0.333	0.2	0.533	0	0	0	0	0
Doug_Davis	6	5	0	0	0	0	0	0	2	0	0	0	0	1	0	0	0	0
Josh_Fields	6	5	1	1	0	0	1	0	2	0.2	0.2	0.4	0.6	1	0	0	0	0
Jake_Fox	6	6	2	0	0	0	0	0	0	0.333	0.333	0.333	0.667	0	0	0	0	1
Jose_Guillen	6	5	3	0	0	1	3	1	0	0.6	0.667	1.2	1.867	0	0	0	0	0
Adam_Jones	6	6	2	1	0	0	0	0	3	0.333	0.333	0.5	0.833	0	0	0	0	0
Jacque_Jones	6	6	0	0	0	0	0	0	2	0	0	0	0	0	0	0	0	1
Jason_Kipnis	6	6	2	1	0	0	0	0	4	0.333	0.333	0.5	0.833	0	0	0	0	0
George_Kottaras	6	6	3	0	0	1	1	0	0	0.5	0.5	1	1.5	0	0	0	0	0
Gerald_Laird	6	6	2	0	0	0	0	0	0	0.333	0.333	0.333	0.667	0	0	0	0	0
Jason_LaRue	6	6	2	1	0	0	0	0	1	0.333	0.333	0.5	0.833	0	0	0	0	0
Hector_Luna	6	6	3	1	0	0	1	0	1	0.5	0.5	0.667	1.167	0	0	0	0	0
Andrew_McCutchen	6	5	1	0	0	0	1	0	1	0.2	0.167	0.2	0.367	0	1	0	0	0
Lastings_Milledge	6	6	3	0	0	0	0	0	0	0.5	0.5	0.5	1	0	0	0	0	0
Chad_Moeller	6	6	1	0	0	0	0	0	0	0.167	0.167	0.167	0.333	0	0	0	0	0
Mike_Moustakas	6	5	1	0	0	0	1	0	2	0.2	0.167	0.2	0.367	0	1	0	0	0
Daniel_Murphy	6	5	3	0	0	0	0	1	0	0.6	0.667	0.6	1.267	0	0	0	0	0
Magglio_Ordonez	6	5	2	2	0	0	1	1	0	0.4	0.5	0.8	1.3	0	0	0	0	0
Ronny_Paulino	6	6	1	0	0	0	0	0	1	0.167	0.167	0.167	0.333	0	0	0	0	1
Mike_Piazza	6	6	1	1	0	0	0	0	1	0.167	0.167	0.333	0.5	0	0	0	0	0
Ivan_Rodriguez	6	5	1	0	0	0	0	1	1	0.2	0.333	0.2	0.533	0	0	0	0	1
Luke_Scott	6	5	3	0	0	1	2	0	0	0.6	0.667	1.2	1.867	0	0	0	1	0
Marco_Scutaro	6	5	1	0	0	0	0	1	0	0.2	0.333	0.2	0.533	0	0	0	0	0
Jose_Vidro	6	4	1	0	0	1	1	2	0	0.25	0.5	1	1.5	0	0	0	0	0
Kolten_Wong	6	6	0	0	0	0	0	0	1	0	0	0	0	0	0	0	0	0
Carlos_Zambrano	6	6	3	0	0	0	1	0	2	0.5	0.5	0.5	1	0	0	0	0	0
Gregg_Zaun	6	5	2	1	0	0	3	1	1	0.4	0.5	0.6	1.1	0	0	0	0	0
Matt_Adams	5	5	1	0	0	0	0	0	3	0.2	0.2	0.2	0.4	0	0	0	0	0
Eliezer_Alfonzo	5	5	1	1	0	0	0	0	0	0.2	0.2	0.4	0.6	0	0	0	0	1
Garret_Anderson	5	4	1	1	0	0	0	1	1	0.25	0.4	0.5	0.9	0	0	0	0	0
Brett_Carroll	5	4	1	0	0	0	2	1	0	0.25	0.4	0.25	0.65	0	0	0	0	0
Jose_Castillo	5	4	0	0	0	0	0	1	1	0	0.2	0	0.2	0	0	0	0	0
Luis_Castillo	5	4	2	0	0	0	1	0	0	0.5	0.4	0.5	0.9	0	1	0	0	0
Endy_Chavez	5	4	3	0	0	0	0	1	0	0.75	0.8	0.75	1.55	0	0	0	0	0
Jeff_Conine	5	5	2	0	0	0	0	0	0	0.4	0.4	0.4	0.8	0	0	0	0	0
Johnny_Cueto	5	1	0	0	0	0	0	0	1	0	0	0	0	4	0	0	0	0
Lucas_Duda	5	5	1	0	0	0	1	0	2	0.2	0.2	0.2	0.4	0	0	0	0	0
Danny_Espinosa	5	5	3	0	0	1	1	0	1	0.6	0.6	1.2	1.8	0	0	0	0	0
Cliff_Floyd	5	5	0	0	0	0	0	0	4	0	0	0	0	0	0	0	0	0
Todd_Frazier	5	5	3	0	0	1	2	0	1	0.6	0.6	1.2	1.8	0	0	0	0	1
Freddie_Freeman	5	5	4	1	0	2	6	0	1	0.8	0.8	2.2	3	0	0	0	0	0
Shawn_Green	5	3	2	0	0	0	0	1	0	0.667	0.8	0.667	1.467	0	0	0	1	0
Roy_Halladay	5	5	0	0	0	0	0	0	3	0	0	0	0	0	0	0	0	0
Brandon_Inge	5	5	0	0	0	0	0	0	2	0	0	0	0	0	0	0	0	0
Jonathan_Lucroy	5	5	3	0	0	1	1	0	0	0.6	0.6	1.2	1.8	0	0	0	0	0
Greg_Maddux	5	5	1	0	0	0	0	0	0	0.2	0.2	0.2	0.4	0	0	0	0	0
Nick_Markakis	5	5	1	0	0	0	0	0	0	0.2	0.2	0.2	0.4	0	0	0	0	1
Pedro_Martinez	5	4	1	0	0	0	0	0	2	0.25	0.25	0.25	0.5	1	0	0	0	0
Ramon_Martinez	5	4	1	0	0	0	0	1	1	0.25	0.4	0.25	0.65	0	0	0	0	0
Mitch_Moreland	5	4	1	0	0	0	2	1	0	0.25	0.4	0.25	0.65	0	0	0	0	0
Justin_Morneau	5	5	1	1	0	0	1	0	0	0.2	0.2	0.4	0.6	0	0	0	0	1
Jayson_Nix	5	5	0	0	0	0	0	0	1	0	0	0	0	0	0	0	0	0
Miguel_Olivo	5	4	0	0	0	0	0	0	0	0	0	0	0	1	0	0	0	2
Wily_Mo_Pena	5	5	1	0	0	0	0	0	1	0.2	0.2	0.2	0.4	0	0	0	0	1
Buster_Posey	5	5	2	1	0	0	0	0	1	0.4	0.4	0.6	1	0	0	0	0	0
Nick_Punto	5	5	2	1	0	0	0	0	0	0.4	0.4	0.6	1	0	0	0	0	0
Carlos_Ruiz	5	4	0	0	0	0	0	1	1	0	0.2	0	0.2	0	0	0	0	0
Johan_Santana	5	3	1	0	0	0	0	0	1	0.333	0.333	0.333	0.667	2	0	0	0	0
Jose_Tabata	5	5	3	0	0	0	0	0	0	0.6	0.6	0.6	1.2	0	0	0	0	0
Joe_Thurston	5	5	1	1	0	0	0	0	2	0.2	0.2	0.4	0.6	0	0	0	0	0
Matt_Treanor	5	5	2	1	0	0	0	0	0	0.4	0.4	0.6	1	0	0	0	0	1
Luis_Valbuena	5	5	0	0	0	0	0	0	3	0	0	0	0	0	0	0	0	0
Danny_Valencia	5	4	0	0	0	0	0	1	1	0	0.2	0	0.2	0	0	0	0	0
Javier_Vazquez	5	2	0	0	0	0	0	0	0	0	0	0	0	3	0	0	0	1
Adam_Wainwright	5	5	2	1	0	0	3	0	0	0.4	0.4	0.6	1	0	0	0	0	1
Pedro_Alvarez	4	3	2	0	0	0	1	1	0	0.667	0.75	0.667	1.417	0	0	0	0	0
Alex_Avila	4	3	0	0	0	0	0	0	2	0	0	0	0	1	0	0	0	0
Homer_Bailey	4	3	1	0	0	0	0	0	1	0.333	0.333	0.333	0.667	1	0	0	0	0
Brian_Barden	4	4	0	0	0	0	0	0	0	0	0	0	0	0	0	0	0	0
Gordon_Beckham	4	4	0	0	0	0	0	0	0	0	0	0	0	0	0	0	0	1
Yuniesky_Betancourt	4	4	1	0	0	0	0	0	0	0.25	0.25	0.25	0.5	0	0	0	0	0
John_Bowker	4	3	1	0	0	0	1	0	0	0.333	0.25	0.333	0.583	0	1	0	0	0
John_Buck	4	4	1	0	0	0	0	0	2	0.25	0.25	0.25	0.5	0	0	0	0	0
Asdrubal_Cabrera	4	4	3	1	0	0	1	0	0	0.75	0.75	1	1.75	0	0	0	0	0
Kole_Calhoun	4	2	1	1	0	0	0	2	1	0.5	0.75	1	1.75	0	0	0	0	0
Robinson_Cano	4	3	0	0	0	0	0	1	1	0	0.25	0	0.25	0	0	0	0	0
Aaron_Cook	4	3	0	0	0	0	0	0	1	0	0	0	0	1	0	0	0	0
Zack_Cozart	4	3	0	0	0	0	1	0	1	0	0	0	0	0	1	0	0	0
John_Danks	4	4	0	0	0	0	0	0	1	0	0	0	0	0	0	0	0	0
Chris_Davis	4	4	2	1	0	1	4	0	1	0.5	0.5	1.5	2	0	0	0	0	0
Mike_Edwards	4	4	1	0	0	0	0	0	0	0.25	0.25	0.25	0.5	0	0	0	0	0
Mark_Ellis	4	3	0	0	0	0	0	1	0	0	0.25	0	0.25	0	0	0	0	0
Jacoby_Ellsbury	4	4	1	0	0	0	0	0	1	0.25	0.25	0.25	0.5	0	0	0	0	0
Eduardo_Escobar	4	4	1	1	0	0	0	0	1	0.25	0.25	0.5	0.75	0	0	0	0	1
Kevin_Frandsen	4	4	0	0	0	0	0	0	0	0	0	0	0	0	0	0	0	0
Sam_Fuld	4	3	0	0	0	0	0	1	0	0	0.25	0	0.25	0	0	0	0	0
Evan_Gattis	4	2	0	0	0	0	1	1	0	0	0.25	0	0.25	0	1	1	0	1
Jody_Gerut	4	4	1	0	0	1	2	0	1	0.25	0.25	1	1.25	0	0	0	0	0
Marcus_Giles	4	3	1	1	0	0	0	1	0	0.333	0.5	0.667	1.167	0	0	0	0	0
Edgar_Gonzalez	4	4	0	0	0	0	0	0	1	0	0	0	0	0	0	0	0	0
Jason_Hammel	4	4	0	0	0	0	0	0	4	0	0	0	0	0	0	0	0	0
Livan_Hernandez	4	3	0	0	0	0	0	0	1	0	0	0	0	1	0	0	0	0
Jonathan_Herrera	4	4	0	0	0	0	0	0	1	0	0	0	0	0	0	0	0	1
Shea_Hillenbrand	4	4	3	1	0	0	0	0	0	0.75	0.75	1	1.75	0	0	0	0	0
Norris_Hopper	4	3	2	0	0	0	0	1	0	0.667	0.75	0.667	1.417	0	0	0	0	0
Tim_Hudson	4	4	1	0	0	1	1	0	0	0.25	0.25	1	1.25	0	0	0	0	2
Austin_Jackson	4	4	2	0	2	0	0	0	1	0.5	0.5	1.5	2	0	0	0	0	0
Derek_Jeter	4	4	3	2	0	0	1	0	0	0.75	0.75	1.25	2	0	0	0	0	0
Matt_LeCroy	4	4	2	1	0	0	1	0	0	0.5	0.5	0.75	1.25	0	0	0	0	0
Derek_Lowe	4	3	2	2	0	0	0	1	0	0.667	0.75	1.333	2.083	0	0	0	0	0
Paul_Maholm	4	4	1	0	0	0	0	0	1	0.25	0.25	0.25	0.5	0	0	0	0	0
Starling_Marte	4	4	0	0	0	0	0	0	3	0	0	0	0	0	0	0	0	0
J.D._Martinez	4	3	1	0	0	1	1	1	1	0.333	0.5	1.333	1.833	0	0	0	0	0
Osvaldo_Martinez	4	4	2	0	0	0	1	0	0	0.5	0.5	0.5	1	0	0	0	0	0
Devin_Mesoraco	4	4	1	0	0	0	0	0	2	0.25	0.25	0.25	0.5	0	0	0	0	0
Nyjer_Morgan	4	4	0	0	0	0	0	0	1	0	0	0	0	0	0	0	0	0
Brett_Myers	4	3	0	0	0	0	0	0	0	0	0	0	0	1	0	0	0	0
Ricky_Nolasco	4	4	3	2	0	0	2	0	1	0.75	0.75	1.25	2	0	0	0	0	0
Abraham_Nunez	4	4	0	0	0	0	0	0	0	0	0	0	0	0	0	0	0	0
Rougned_Odor	4	4	0	0	0	0	0	0	2	0	0	0	0	0	0	0	0	0
Manny_Parra	4	4	2	0	0	0	1	0	1	0.5	0.5	0.5	1	0	0	0	0	0
Ramiro_Pena	4	3	0	0	0	0	0	0	0	0	0	0	0	1	0	0	0	0
Antonio_Perez	4	3	1	0	0	0	1	0	0	0.333	0.25	0.333	0.583	0	1	0	0	0
Yusmeiro_Petit	4	4	0	0	0	0	0	0	1	0	0	0	0	0	0	0	0	0
Felix_Pie	4	4	1	0	0	0	0	0	0	0.25	0.25	0.25	0.5	0	0	0	0	0
Trevor_Plouffe	4	3	1	0	0	0	0	1	1	0.333	0.5	0.333	0.833	0	0	0	0	0
Josh_Reddick	4	4	1	0	0	0	0	0	0	0.25	0.25	0.25	0.5	0	0	0	0	1
Brian_Roberts	4	4	2	2	0	0	2	0	0	0.5	0.5	1	1.5	0	0	0	0	0
Jonathan_Sanchez	4	4	0	0	0	0	0	0	4	0	0	0	0	0	0	0	0	0
Jordan_Schafer	4	4	3	0	0	0	0	0	0	0.75	0.75	0.75	1.5	0	0	0	0	0
Andrelton_Simmons	4	3	1	0	0	0	0	1	0	0.333	0.5	0.333	0.833	0	0	0	0	0
Seth_Smith	4	3	1	1	0	0	0	1	0	0.333	0.5	0.667	1.167	0	0	0	0	0
J.R._Towles	4	4	1	0	0	0	0	0	1	0.25	0.25	0.25	0.5	0	0	0	0	0
Michael_Young	4	4	1	1	0	0	1	0	1	0.25	0.25	0.5	0.75	0	0	0	0	0
Manny_Alexander	3	2	0	0	0	0	0	1	1	0	0.333	0	0.333	0	0	1	0	0
Josh_Anderson	3	3	0	0	0	0	0	0	0	0	0	0	0	0	0	0	0	0
Danny_Ardoin	3	3	0	0	0	0	0	0	1	0	0	0	0	0	0	0	0	0
Bronson_Arroyo	3	2	0	0	0	0	0	0	1	0	0	0	0	1	0	0	0	0
Cha-Seung_Baek	3	3	1	0	0	0	0	0	1	0.333	0.333	0.333	0.667	0	0	0	0	0
Javier_Baez	3	3	0	0	0	0	0	0	2	0	0	0	0	0	0	0	0	0
Paul_Bako	3	3	0	0	0	0	0	0	0	0	0	0	0	0	0	0	0	0
Wladimir_Balentien	3	3	1	0	0	0	1	0	0	0.333	0.333	0.333	0.667	0	0	0	0	0
Rod_Barajas	3	2	1	0	0	0	0	0	0	0.5	0.667	0.5	1.167	0	0	0	1	0
Josh_Bard	3	3	1	0	0	0	2	0	0	0.333	0.333	0.333	0.667	0	0	0	0	0
Darwin_Barney	3	3	1	1	0	0	1	0	0	0.333	0.333	0.667	1	0	0	0	0	0
Mark_Bellhorn	3	3	1	0	0	0	0	0	1	0.333	0.333	0.333	0.667	0	0	0	0	0
Gary_Bennett	3	3	2	1	0	0	0	0	0	0.667	0.667	1	1.667	0	0	0	0	0
Angel_Berroa	3	3	1	0	0	0	0	0	1	0.333	0.333	0.333	0.667	0	0	0	0	0
Gregor_Blanco	3	1	1	0	0	0	0	2	0	1	1	1	2	0	0	0	0	0
Joe_Blanton	3	3	0	0	0	0	0	0	1	0	0	0	0	0	0	0	0	0
Joe_Borchard	3	3	0	0	0	0	0	0	1	0	0	0	0	0	0	0	0	0
Peter_Bourjos	3	3	0	0	0	0	0	0	1	0	0	0	0	0	0	0	0	0
Brian_Buscher	3	2	0	0	0	0	0	1	0	0	0.333	0	0.333	0	0	0	0	0
Robinson_Cancel	3	3	2	0	0	1	1	0	0	0.667	0.667	1.667	2.333	0	0	0	0	0
Jorge_Cantu	3	3	1	1	0	0	0	0	0	0.333	0.333	0.667	1	0	0	0	0	0
Curt_Casali	3	3	1	0	0	0	0	0	1	0.333	0.333	0.333	0.667	0	0	0	0	0
Vinny_Castilla	3	3	0	0	0	0	0	0	0	0	0	0	0	0	0	0	0	0
Ryan_Church	3	3	0	0	0	0	1	0	0	0	0	0	0	0	0	0	0	0
Tony_Clark	3	3	0	0	0	0	0	0	1	0	0	0	0	0	0	0	0	0
Royce_Clayton	3	3	0	0	0	0	0	0	1	0	0	0	0	0	0	0	0	0
Brent_Clevlen	3	3	0	0	0	0	0	0	1	0	0	0	0	0	0	0	0	1
Jose_Contreras	3	2	0	0	0	0	0	1	1	0	0.333	0	0.333	0	0	0	0	0
Carlos_Corporan	3	3	1	0	0	0	0	0	0	0.333	0.333	0.333	0.667	0	0	0	0	0
Craig_Counsell	3	3	0	0	0	0	0	0	0	0	0	0	0	0	0	0	0	0
Allen_Craig	3	2	0	0	0	0	0	1	0	0	0.333	0	0.333	0	0	0	0	0
Tony_Cruz	3	3	1	0	0	0	0	0	0	0.333	0.333	0.333	0.667	0	0	0	0	0
Michael_Cuddyer	3	3	1	0	0	1	1	0	0	0.333	0.333	1.333	1.667	0	0	0	0	0
Brad_Davis	3	2	0	0	0	0	0	1	0	0	0.333	0	0.333	0	0	1	0	0
Rajai_Davis	3	3	1	0	1	0	1	0	0	0.333	0.333	1	1.333	0	0	0	0	1
Daniel_Descalso	3	3	1	0	0	0	0	0	0	0.333	0.333	0.333	0.667	0	0	0	0	0
Corey_Dickerson	3	3	1	0	0	1	2	0	0	0.333	0.333	1.333	1.667	0	0	0	0	0
Matt_Downs	3	2	2	0	0	0	0	1	0	1	1	1	2	0	0	0	0	0
Brian_Dozier	3	2	2	0	0	0	0	1	0	1	1	1	2	0	0	1	0	0
Shelley_Duncan	3	2	0	0	0	0	0	1	1	0	0.333	0	0.333	0	0	0	0	0
Jason_Ellison	3	2	0	0	0	0	0	1	0	0	0.333	0	0.333	0	0	0	0	0
Darin_Erstad	3	3	0	0	0	0	1	0	0	0	0	0	0	0	0	0	0	0
Johnny_Estrada	3	3	1	1	0	0	1	0	0	0.333	0.333	0.667	1	0	0	0	0	0
Chone_Figgins	3	3	0	0	0	0	0	0	0	0	0	0	0	0	0	0	0	1
Logan_Forsythe	3	2	1	0	0	0	0	1	0	0.5	0.667	0.5	1.167	0	0	0	0	0
Ben_Francisco	3	3	0	0	0	0	0	0	1	0	0	0	0	0	0	0	0	1
Julio_Franco	3	3	1	0	0	0	0	0	1	0.333	0.333	0.333	0.667	0	0	0	0	0
Choo_Freeman	3	2	1	0	0	0	1	1	0	0.5	0.667	0.5	1.167	0	0	1	0	0
Brett_Gardner	3	2	0	0	0	0	0	1	1	0	0.333	0	0.333	0	0	0	0	0
Ryan_Garko	3	2	1	0	0	0	0	1	0	0.5	0.667	0.5	1.167	0	0	0	0	0
Jason_Giambi	3	3	1	0	0	0	2	0	0	0.333	0.333	0.333	0.667	0	0	0	0	0
Andy_Gonzalez	3	3	1	0	0	0	0	0	0	0.333	0.333	0.333	0.667	0	0	0	0	0
Luis_Gonzalez	3	2	1	1	0	0	0	1	0	0.5	0.667	1	1.667	0	0	0	0	0
Alex_Gordon	3	2	1	0	0	0	1	1	1	0.5	0.667	0.5	1.167	0	0	0	0	0
Andy_Green	3	3	1	0	0	0	0	0	0	0.333	0.333	0.333	0.667	0	0	0	0	0
Tyler_Greene	3	3	1	0	0	0	0	0	0	0.333	0.333	0.333	0.667	0	0	0	0	0
Vladimir_Guerrero	3	3	1	0	0	0	0	0	0	0.333	0.333	0.333	0.667	0	0	0	0	0
Travis_Hafner	3	3	0	0	0	0	0	0	1	0	0	0	0	0	0	0	0	0
Billy_Hamilton	3	3	1	0	1	0	2	0	0	0.333	0.333	1	1.333	0	0	0	0	1
Jack_Hannahan	3	3	0	0	0	0	1	0	1	0	0	0	0	0	0	0	0	0
Aaron_Harang	3	3	0	0	0	0	0	0	1	0	0	0	0	0	0	0	0	0
Rich_Harden	3	3	0	0	0	0	0	0	1	0	0	0	0	0	0	0	0	0
Brad_Harman	3	3	1	1	0	0	1	0	0	0.333	0.333	0.667	1	0	0	0	0	0
Brendan_Harris	3	3	2	0	0	0	0	0	0	0.667	0.667	0.667	1.333	0	0	0	0	0
John_Hester	3	3	1	1	0	0	1	0	0	0.333	0.333	0.667	1	0	0	0	0	0
Daniel_Hudson	3	3	0	0	0	0	0	0	0	0	0	0	0	0	0	0	0	0
Tadahito_Iguchi	3	3	1	1	0	0	0	0	0	0.333	0.333	0.667	1	0	0	0	0	0
Mike_Jacobs	3	3	3	0	0	0	1	0	0	1	1	1	2	0	0	0	0	0
Jason_Jennings	3	3	0	0	0	0	0	0	1	0	0	0	0	0	0	0	0	0
Ubaldo_Jimenez	3	3	0	0	0	0	0	0	2	0	0	0	0	0	0	0	0	0
Ben_Johnson	3	2	0	0	0	0	0	1	1	0	0.333	0	0.333	0	0	0	0	0
Kevin_Kiermaier	3	3	0	0	0	0	0	0	2	0	0	0	0	0	0	0	0	0
Ian_Kinsler	3	3	1	0	0	0	0	0	0	0.333	0.333	0.333	0.667	0	0	0	0	1
Casey_Kotchman	3	3	2	0	0	0	1	0	0	0.667	0.667	0.667	1.333	0	0	0	0	0
Mark_Kotsay	3	3	1	0	0	0	0	0	0	0.333	0.333	0.333	0.667	0	0	0	0	1
Pete_Kozma	3	3	2	0	0	0	0	0	0	0.667	0.667	0.667	1.333	0	0	0	0	0
Jason_Kubel	3	3	1	1	0	0	0	0	0	0.333	0.333	0.667	1	0	0	0	0	0
Hiroki_Kuroda	3	2	1	1	0	0	1	0	0	0.5	0.5	1	1.5	1	0	0	0	0
Junior_Lake	3	2	0	0	0	0	0	1	1	0	0.333	0	0.333	0	0	0	0	0
Ryan_Langerhans	3	3	2	0	0	0	0	0	0	0.667	0.667	0.667	1.333	0	0	0	0	0
Mike_Leake	3	3	1	0	0	0	0	0	0	0.333	0.333	0.333	0.667	0	0	0	0	0
Mike_Lieberthal	3	3	1	1	0	0	0	0	1	0.333	0.333	0.667	1	0	0	0	0	0
Brent_Lillibridge	3	3	0	0	0	0	0	0	0	0	0	0	0	0	0	0	0	0
Nook_Logan	3	3	2	1	0	0	0	0	0	0.667	0.667	1	1.667	0	0	0	0	1
Kyle_Lohse	3	2	0	0	0	0	0	0	2	0	0	0	0	1	0	0	0	0
Julio_Lugo	3	3	1	0	0	0	0	0	0	0.333	0.333	0.333	0.667	0	0	0	0	1
Tommy_Manzella	3	3	1	1	0	0	0	0	2	0.333	0.333	0.667	1	0	0	0	0	0
Jason_Marquis	3	3	1	0	0	0	0	0	2	0.333	0.333	0.333	0.667	0	0	0	0	0
Lou_Marson	3	3	1	0	0	0	0	0	0	0.333	0.333	0.333	0.667	0	0	0	0	0
Fernando_Martinez	3	3	0	0	0	0	0	0	0	0	0	0	0	0	0	0	0	0
Michael_Martinez	3	3	1	0	0	0	0	0	1	0.333	0.333	0.333	0.667	0	0	0	0	1
Joe_Mather	3	3	0	0	0	0	0	0	0	0	0	0	0	0	0	0	0	0
Gary_Matthews	3	2	1	0	0	0	0	1	0	0.5	0.667	0.5	1.167	0	0	0	0	0
John_Mayberry	3	3	0	0	0	0	0	0	1	0	0	0	0	0	0	0	0	0
John_McDonald	3	3	2	0	0	0	0	0	0	0.667	0.667	0.667	1.333	0	0	0	0	0
Kevin_Millar	3	3	1	1	0	0	0	0	0	0.333	0.333	0.667	1	0	0	0	0	0
Andrew_Miller	3	3	0	0	0	0	0	0	3	0	0	0	0	0	0	0	0	0
Brad_Miller	3	3	0	0	0	0	0	0	1	0	0	0	0	0	0	0	0	0
Dustan_Mohr	3	3	2	0	0	0	0	0	0	0.667	0.667	0.667	1.333	0	0	0	0	0
Brent_Morel	3	3	1	1	0	0	0	0	1	0.333	0.333	0.667	1	0	0	0	0	0
Mark_Mulder	3	1	0	0	0	0	0	0	0	0	0	0	0	2	0	0	0	0
Eric_Munson	3	1	0	0	0	0	0	1	0	0	0.667	0	0.667	0	0	0	1	0
Phil_Nevin	3	2	0	0	0	0	0	1	1	0	0.333	0	0.333	0	0	0	0	0
Lance_Niekro	3	3	2	1	0	0	0	0	0	0.667	0.667	1	1.667	0	0	0	0	0
Wil_Nieves	3	1	1	0	0	0	2	1	0	1	1	1	2	1	0	0	0	0
Bud_Norris	3	2	0	0	0	0	0	1	1	0	0.333	0	0.333	0	0	0	0	0
David_Ortiz	3	3	1	0	0	0	1	0	1	0.333	0.333	0.333	0.667	0	0	0	0	0
Ramon_Ortiz	3	2	0	0	0	0	0	1	1	0	0.333	0	0.333	0	0	0	0	1
Daniel_Ortmeier	3	3	2	1	0	0	1	0	1	0.667	0.667	1	1.667	0	0	0	0	0
Pablo_Ozuna	3	3	2	0	0	0	1	0	0	0.667	0.667	0.667	1.333	0	0	0	0	0
Jimmy_Paredes	3	3	1	0	0	0	2	0	1	0.333	0.333	0.333	0.667	0	0	0	0	0
Corey_Patterson	3	3	1	0	0	0	1	0	1	0.333	0.333	0.333	0.667	0	0	0	0	1
Jake_Peavy	3	2	0	0	0	0	0	1	1	0	0.333	0	0.333	0	0	0	0	0
Eduardo_Perez	3	3	1	0	0	0	1	0	0	0.333	0.333	0.333	0.667	0	0	0	0	0
Salvador_Perez	3	3	0	0	0	0	0	0	0	0	0	0	0	0	0	0	0	0
Tomas_Perez	3	3	1	1	0	0	0	0	1	0.333	0.333	0.667	1	0	0	0	0	0
Andy_Pettitte	3	2	2	0	0	0	1	0	0	1	1	1	2	1	0	0	0	0
Kevin_Pillar	3	2	0	0	0	0	0	1	0	0	0.333	0	0.333	0	0	0	0	0
Jorge_Posada	3	3	1	0	0	0	0	0	0	0.333	0.333	0.333	0.667	0	0	0	0	0
Robb_Quinlan	3	2	1	0	0	0	0	1	1	0.5	0.667	0.5	1.167	0	0	0	0	0
Wilson_Ramos	3	3	1	1	0	0	3	0	1	0.333	0.333	0.667	1	0	0	0	0	0
Mike_Redmond	3	3	0	0	0	0	0	0	0	0	0	0	0	0	0	0	0	0
Jeremy_Reed	3	3	3	0	0	0	0	0	0	1	1	1	2	0	0	0	0	0
Desi_Relaford	3	3	0	0	0	0	0	0	1	0	0	0	0	0	0	0	0	0
Mike_Rivera	3	3	1	0	0	0	1	0	1	0.333	0.333	0.333	0.667	0	0	0	0	0
Alex_Rodriguez	3	2	0	0	0	0	0	1	0	0	0.333	0	0.333	0	0	0	0	0
Luis_Rodriguez	3	2	0	0	0	0	0	1	0	0	0.333	0	0.333	0	0	0	0	0
Wandy_Rodriguez	3	3	0	0	0	0	0	0	0	0	0	0	0	0	0	0	0	0
Eddie_Rosario	3	3	0	0	0	0	0	0	1	0	0	0	0	0	0	0	0	0
Justin_Ruggiano	3	2	1	0	0	0	0	1	0	0.5	0.667	0.5	1.167	0	0	0	0	0
Freddy_Sanchez	3	3	3	1	0	0	0	0	0	1	1	1.333	2.333	0	0	0	0	0
Omir_Santos	3	3	0	0	0	0	0	0	0	0	0	0	0	0	0	0	0	1
Victor_Santos	3	2	0	0	0	0	0	0	1	0	0	0	0	1	0	0	0	0
Kyle_Seager	3	3	1	0	0	0	1	0	0	0.333	0.333	0.333	0.667	0	0	0	0	1
Ryan_Shealy	3	3	2	2	0	0	1	0	1	0.667	0.667	1.333	2	0	0	0	0	0
Gary_Sheffield	3	3	1	0	0	0	0	0	0	0.333	0.333	0.333	0.667	0	0	0	0	0
John_Smoltz	3	1	0	0	0	0	0	0	0	0	0	0	0	2	0	0	0	0
Sammy_Sosa	3	2	1	1	0	0	1	1	0	0.5	0.667	1	1.667	0	0	0	0	0
Kelly_Stinnett	3	3	0	0	0	0	0	0	2	0	0	0	0	0	0	0	0	0
Oscar_Taveras	3	2	0	0	0	0	1	1	1	0	0.333	0	0.333	0	0	0	0	0
Luis_Terrero	3	3	1	0	0	0	0	0	1	0.333	0.333	0.333	0.667	0	0	0	0	0
Marcus_Thames	3	2	1	0	0	1	2	0	0	0.5	0.333	2	2.333	0	1	0	0	0
Brett_Wallace	3	3	1	0	0	0	0	0	1	0.333	0.333	0.333	0.667	0	0	0	0	0
Brandon_Webb	3	3	0	0	0	0	0	0	0	0	0	0	0	0	0	0	0	0
Casper_Wells	3	3	2	1	0	1	2	0	0	0.667	0.667	2	2.667	0	0	0	0	0
Vernon_Wells	3	3	1	0	0	0	0	0	1	0.333	0.333	0.333	0.667	0	0	0	0	0
Eli_Whiteside	3	3	1	0	0	1	1	0	2	0.333	0.333	1.333	1.667	0	0	0	0	0
Chris_Widger	3	3	0	0	0	0	0	0	1	0	0	0	0	0	0	0	0	1
Reggie_Willits	3	3	2	0	0	0	0	0	0	0.667	0.667	0.667	1.333	0	0	0	0	0
Josh_Wilson	3	3	1	0	0	0	0	0	0	0.333	0.333	0.333	0.667	0	0	0	0	0
Dmitri_Young	3	3	3	1	0	0	0	0	0	1	1	1.333	2.333	0	0	0	0	0
Eric_Young	3	2	0	0	0	0	0	1	0	0	0.333	0	0.333	0	0	0	0	0
Eric_Young	3	3	0	0	0	0	0	0	1	0	0	0	0	0	0	0	0	0
Matt_Albers	2	2	1	0	0	0	0	0	0	0.5	0.5	0.5	1	0	0	0	0	0
Jose_Altuve	2	2	1	0	0	0	0	0	0	0.5	0.5	0.5	1	0	0	0	0	0
Elvis_Andrus	2	2	0	0	0	0	0	0	0	0	0	0	0	0	0	0	0	0
Mike_Aviles	2	2	0	0	0	0	0	0	1	0	0	0	0	0	0	0	0	0
Brandon_Backe	2	2	0	0	0	0	0	0	0	0	0	0	0	0	0	0	0	0
Brian_Barton	2	1	0	0	0	0	0	0	0	0	0	0	0	1	0	0	0	0
Miguel_Batista	2	2	0	0	0	0	0	0	0	0	0	0	0	0	0	0	0	1
Mike_Baxter	2	2	1	0	0	0	0	0	1	0.5	0.5	0.5	1	0	0	0	0	0
Tim_Beckham	2	2	0	0	0	0	0	0	0	0	0	0	0	0	0	0	0	0
Brandon_Belt	2	2	2	0	0	0	0	0	0	1	1	1	2	0	0	0	0	0
Chad_Billingsley	2	1	0	0	0	0	0	1	0	0	0.5	0	0.5	0	0	0	0	0
Greg_Bird	2	2	0	0	0	0	0	0	0	0	0	0	0	0	0	0	0	0
Charlie_Blackmon	2	2	0	0	0	0	0	0	2	0	0	0	0	0	0	0	0	0
Geoff_Blum	2	2	0	0	0	0	0	0	0	0	0	0	0	0	0	0	0	0
Mitchell_Boggs	2	2	0	0	0	0	0	0	0	0	0	0	0	0	0	0	0	0
Barry_Bonds	2	2	2	0	0	1	3	0	0	1	1	2.5	3.5	0	0	0	0	0
Micah_Bowie	2	1	0	0	0	0	0	0	0	0	0	0	0	1	0	0	0	0
Jackie_Bradley	2	2	0	0	0	0	0	0	1	0	0	0	0	0	0	0	0	0
Rob_Brantly	2	1	0	0	0	0	0	1	1	0	0.5	0	0.5	0	0	0	0	0
Domonic_Brown	2	2	1	0	0	0	0	0	0	0.5	0.5	0.5	1	0	0	0	0	0
Dusty_Brown	2	2	0	0	0	0	0	0	0	0	0	0	0	0	0	0	0	0
Kris_Bryant	2	1	0	0	0	0	0	1	1	0	0.5	0	0.5	0	0	0	0	0
Billy_Burns	2	2	1	0	0	0	0	0	0	0.5	0.5	0.5	1	0	0	0	0	0
Dave_Bush	2	0	0	0	0	0	0	0	0	0	0	0	0	2	0	0	0	0
Byron_Buxton	2	2	0	0	0	0	0	0	0	0	0	0	0	0	0	0	0	0
Eric_Campbell	2	2	0	0	0	0	0	0	2	0	0	0	0	0	0	0	0	0
Carlos_Carrasco	2	1	0	0	0	0	0	0	1	0	0	0	0	1	0	0	0	0
Sean_Casey	2	2	0	0	0	0	0	0	0	0	0	0	0	0	0	0	0	1
Nick_Castellanos	2	2	1	1	0	0	0	0	0	0.5	0.5	1	1.5	0	0	0	0	0
Welington_Castillo	2	1	0	0	0	0	0	0	0	0	0.5	0	0.5	0	0	0	1	0
Starlin_Castro	2	2	0	0	0	0	0	0	1	0	0	0	0	0	0	0	0	0
Joba_Chamberlain	2	0	0	0	0	0	0	1	0	0	1	0	0	1	0	0	0	0
Justin_Christian	2	2	1	0	0	0	0	0	0	0.5	0.5	0.5	1	0	0	0	0	0
Kevin_Correia	2	2	0	0	0	0	0	0	1	0	0	0	0	0	0	0	0	0
Brandon_Crawford	2	2	0	0	0	0	1	0	0	0	0	0	0	0	0	0	0	0
James_Darnell	2	2	0	0	0	0	0	0	0	0	0	0	0	0	0	0	0	1
Kyle_Davies	2	2	0	0	0	0	0	0	1	0	0	0	0	0	0	0	0	0
Jorge_De_La_Rosa	2	2	0	0	0	0	0	0	1	0	0	0	0	0	0	0	0	0
R.A._Dickey	2	1	0	0	0	0	0	0	1	0	0	0	0	1	0	0	0	0
Greg_Dobbs	2	2	1	0	0	0	0	0	1	0.5	0.5	0.5	1	0	0	0	0	0
Adam_Eaton	2	2	0	0	0	0	0	0	0	0	0	0	0	0	0	0	0	0
Mike_Fontenot	2	2	1	0	0	0	0	0	0	0.5	0.5	0.5	1	0	0	0	0	0
Jeff_Francis	2	1	0	0	0	0	0	1	0	0	0.5	0	0.5	0	0	0	0	0
Joey_Gallo	2	2	2	0	0	1	1	0	0	1	1	2.5	3.5	0	0	0	0	0
Jaime_Garcia	2	1	0	0	0	0	0	0	0	0	0	0	0	1	0	0	0	0
Jon_Garland	2	1	1	0	0	0	0	1	0	1	1	1	2	0	0	0	0	0
Josh_Geer	2	2	0	0	0	0	0	0	1	0	0	0	0	0	0	0	0	0
Tom_Glavine	2	2	0	0	0	0	0	0	1	0	0	0	0	0	0	0	0	0
Dee_Gordon	2	2	0	0	0	0	0	0	0	0	0	0	0	0	0	0	0	0
Tom_Gorzelanny	2	2	1	0	0	0	1	0	0	0.5	0.5	0.5	1	0	0	0	0	0
Anthony_Gose	2	1	0	0	0	0	0	1	1	0	0.5	0	0.5	0	0	0	0	0
Yasmani_Grandal	2	2	1	0	0	0	0	0	0	0.5	0.5	0.5	1	0	0	0	0	0
Randal_Grichuk	2	2	1	0	0	0	0	0	1	0.5	0.5	0.5	1	0	0	0	0	0
Franklin_Gutierrez	2	2	0	0	0	0	0	0	2	0	0	0	0	0	0	0	0	0
Toby_Hall	2	2	1	0	0	0	0	0	0	0.5	0.5	0.5	1	0	0	0	0	0
Sean_Halton	2	2	1	0	0	1	1	0	0	0.5	0.5	2	2.5	0	0	0	0	0
Cole_Hamels	2	1	0	0	0	0	0	1	0	0	0.5	0	0.5	0	0	0	0	0
Dan_Haren	2	2	0	0	0	0	0	0	0	0	0	0	0	0	0	0	0	0
Micah_Hoffpauir	2	2	1	0	0	1	1	0	0	0.5	0.5	2	2.5	0	0	0	0	0
Bryan_Holaday	2	2	0	0	0	0	0	0	1	0	0	0	0	0	0	0	0	0
Torii_Hunter	2	2	0	0	0	0	1	0	0	0	0	0	0	0	0	0	0	0
Randy_Johnson	2	2	0	0	0	0	0	0	1	0	0	0	0	0	0	0	0	0
Jair_Jurrjens	2	2	0	0	0	0	0	0	1	0	0	0	0	0	0	0	0	0
Kenshin_Kawakami	2	2	0	0	0	0	0	0	0	0	0	0	0	0	0	0	0	0
Howie_Kendrick	2	2	1	0	0	0	0	0	0	0.5	0.5	0.5	1	0	0	0	0	1
Justin_Lehr	2	2	0	0	0	0	0	0	1	0	0	0	0	0	0	0	0	0
Francisco_Lindor	2	1	1	1	0	0	0	1	0	1	1	2	3	0	0	0	0	0
Rymer_Liriano	2	2	0	0	0	0	0	0	1	0	0	0	0	0	0	0	0	0
Paul_Lo_Duca	2	2	1	0	0	0	0	0	0	0.5	0.5	0.5	1	0	0	0	0	0
Evan_Longoria	2	1	1	0	0	0	0	1	0	1	1	1	2	0	0	0	0	0
Manny_Machado	2	2	0	0	0	0	0	0	1	0	0	0	0	0	0	0	0	1
John_Maine	2	2	0	0	0	0	0	0	1	0	0	0	0	0	0	0	0	0
Ketel_Marte	2	2	1	0	0	0	0	0	0	0.5	0.5	0.5	1	0	0	0	0	0
Justin_Maxwell	2	2	0	0	0	0	0	0	2	0	0	0	0	0	0	0	0	0
Cameron_Maybin	2	2	0	0	0	0	0	0	0	0	0	0	0	0	0	0	0	0
Nomar_Mazara	2	2	0	0	0	0	0	0	1	0	0	0	0	0	0	0	0	0
Kris_Medlen	2	2	1	0	0	0	0	0	0	0.5	0.5	0.5	1	0	0	0	0	0
Jordy_Mercer	2	1	1	0	0	0	0	1	0	1	1	1	2	0	0	0	0	0
Travis_Metcalf	2	2	0	0	0	0	0	0	0	0	0	0	0	0	0	0	0	2
Carlos_Monasterios	2	2	1	0	0	0	0	0	1	0.5	0.5	0.5	1	0	0	0	0	0
Craig_Monroe	2	1	0	0	0	0	0	1	1	0	0.5	0	0.5	0	0	0	0	0
Matt_Morris	2	2	0	0	0	0	0	0	0	0	0	0	0	0	0	0	0	0
Xavier_Nady	2	2	2	0	0	0	1	0	0	1	1	1	2	0	0	0	0	0
Mike_Napoli	2	2	1	1	0	0	0	0	0	0.5	0.5	1	1.5	0	0	0	0	1
Daniel_Nava	2	1	0	0	0	0	0	0	0	0	0.5	0	0.5	0	0	0	1	0
Mike_O'Connor	2	2	0	0	0	0	0	0	1	0	0	0	0	0	0	0	0	0
Ivan_Ochoa	2	2	0	0	0	0	0	0	1	0	0	0	0	0	0	0	0	0
Tomo_Ohka	2	1	0	0	0	0	0	0	0	0	0	0	0	1	0	0	0	0
Vicente_Padilla	2	0	0	0	0	0	0	0	0	0	0	0	0	2	0	0	0	0
Carl_Pavano	2	2	0	0	0	0	0	0	0	0	0	0	0	0	0	0	0	0
Brayan_Pena	2	2	0	0	0	0	0	0	0	0	0	0	0	0	0	0	0	0
Bryan_Petersen	2	2	0	0	0	0	0	0	0	0	0	0	0	0	0	0	0	0
Joel_Pineiro	2	2	0	0	0	0	0	0	1	0	0	0	0	0	0	0	0	0
Gregory_Polanco	2	2	0	0	0	0	1	0	1	0	0	0	0	0	0	0	0	0
Sidney_Ponson	2	0	0	0	0	0	0	1	0	0	1	0	0	1	0	0	0	0
Jason_Pridie	2	2	1	0	0	0	0	0	1	0.5	0.5	0.5	1	0	0	0	0	0
Mark_Prior	2	2	1	0	0	0	0	0	1	0.5	0.5	0.5	1	0	0	0	0	0
Yasiel_Puig	2	1	0	0	0	0	0	1	0	0	0.5	0	0.5	0	0	0	0	0
Jose_Ramirez	2	2	1	0	0	1	1	0	0	0.5	0.5	2	2.5	0	0	0	0	0
Nolan_Reimold	2	2	0	0	0	0	0	0	1	0	0	0	0	0	0	0	0	0
Anthony_Rendon	2	2	1	0	0	0	0	0	1	0.5	0.5	0.5	1	0	0	0	0	0
Ben_Revere	2	2	1	0	1	0	0	0	0	0.5	0.5	1.5	2	0	0	0	0	0
Sean_Rodriguez	2	1	0	0	0	0	0	0	1	0	0.5	0	0.5	0	0	0	1	0
Alex_Romero	2	2	0	0	0	0	0	0	1	0	0	0	0	0	0	0	0	0
Wilin_Rosario	2	2	2	1	0	0	0	0	0	1	1	1.5	2.5	0	0	0	0	0
Oscar_Salazar	2	2	0	0	0	0	0	0	0	0	0	0	0	0	0	0	0	0
Angel_Sanchez	2	2	0	0	0	0	0	0	0	0	0	0	0	0	0	0	0	0
Danny_Santana	2	2	0	0	0	0	0	0	1	0	0	0	0	0	0	0	0	0
Bobby_Scales	2	2	1	0	0	0	0	0	0	0.5	0.5	0.5	1	0	0	0	0	0
Kyle_Schwarber	2	2	0	0	0	0	0	0	1	0	0	0	0	0	0	0	0	0
Jean_Segura	2	2	0	0	0	0	0	0	0	0	0	0	0	0	0	0	0	0
Aaron_Sele	2	2	0	0	0	0	0	0	0	0	0	0	0	0	0	0	0	0
Kelly_Shoppach	2	2	1	0	0	0	1	0	1	0.5	0.5	0.5	1	0	0	0	0	0
J.B._Shuck	2	2	0	0	0	0	0	0	0	0	0	0	0	0	0	0	0	0
Jake_Smolinski	2	2	0	0	0	0	0	0	1	0	0	0	0	0	0	0	0	0
Travis_Snider	2	2	1	0	0	0	0	0	1	0.5	0.5	0.5	1	0	0	0	0	0
Donovan_Solano	2	2	0	0	0	0	0	0	0	0	0	0	0	0	0	0	0	0
Denard_Span	2	1	0	0	0	0	0	1	0	0	0.5	0	0.5	0	0	0	0	0
Steven_Tolleson	2	2	0	0	0	0	0	0	1	0	0	0	0	0	0	0	0	0
Mark_Trumbo	2	2	0	0	0	0	0	0	1	0	0	0	0	0	0	0	0	0
Justin_Turner	2	2	1	1	0	0	1	0	0	0.5	0.5	1	1.5	0	0	0	0	0
Claudio_Vargas	2	2	0	0	0	0	0	0	0	0	0	0	0	0	0	0	0	1
Kennys_Vargas	2	2	0	0	0	0	0	0	1	0	0	0	0	0	0	0	0	0
Stephen_Vogt	2	1	1	0	0	0	0	1	0	1	1	1	2	0	0	0	0	0
Edinson_Volquez	2	2	0	0	0	0	0	0	2	0	0	0	0	0	0	0	0	0
Chris_Volstad	2	2	0	0	0	0	0	0	0	0	0	0	0	0	0	0	0	0
Brad_Wilkerson	2	1	0	0	0	0	0	1	0	0	0.5	0	0.5	0	0	0	0	0
Jerome_Williams	2	2	0	0	0	0	0	0	1	0	0	0	0	0	0	0	0	0
Craig_Wilson	2	2	0	0	0	0	0	0	2	0	0	0	0	0	0	0	0	0
Jordan_Zimmermann	2	2	2	0	0	0	0	0	0	1	1	1	2	0	0	0	0	0
Jeremy_Accardo	1	1	0	0	0	0	0	0	1	0	0	0	0	0	0	0	0	0
Hanser_Alberto	1	1	0	0	0	0	0	0	0	0	0	0	0	0	0	0	0	0
Arismendy_Alcantara	1	1	0	0	0	0	0	0	0	0	0	0	0	0	0	0	0	0
Alexi_Amarista	1	1	0	0	0	0	0	0	1	0	0	0	0	0	0	0	0	0
Marlon_Anderson	1	1	1	0	0	0	0	0	0	1	1	1	2	0	0	0	0	0
Nori_Aoki	1	1	0	0	0	0	0	0	0	0	0	0	0	0	0	0	0	0
Oswaldo_Arcia	1	0	0	0	0	0	0	1	0	0	1	0	0	0	0	0	0	0
Cody_Asche	1	1	0	0	0	0	0	0	0	0	0	0	0	0	0	0	0	0
Burke_Badenhop	1	1	1	1	0	0	0	0	0	1	1	2	3	0	0	0	0	0
John_Baker	1	1	1	0	0	0	1	0	0	1	1	1	2	0	0	0	0	0
Chris_Barnwell	1	1	0	0	0	0	0	0	0	0	0	0	0	0	0	0	0	0
Jose_Bautista	1	1	0	0	0	0	0	0	0	0	0	0	0	0	0	0	0	0
Jason_Bay	1	1	0	0	0	0	0	0	0	0	0	0	0	0	0	0	0	0
Josh_Beckett	1	1	0	0	0	0	0	0	1	0	0	0	0	0	0	0	0	0
Adrian_Beltre	1	1	1	0	0	0	0	0	0	1	1	1	2	0	0	0	0	0
Jeff_Bennett	1	1	0	0	0	0	0	0	0	0	0	0	0	0	0	0	0	0
Wilson_Betemit	1	1	1	0	0	0	0	0	0	1	1	1	2	0	0	0	0	0
Carson_Blair	1	0	0	0	0	0	0	1	0	0	1	0	0	0	0	0	0	0
Xander_Bogaerts	1	1	0	0	0	0	0	0	1	0	0	0	0	0	0	0	0	0
Rob_Bowen	1	1	0	0	0	0	0	0	1	0	0	0	0	0	0	0	0	0
Blaine_Boyer	1	1	0	0	0	0	0	0	1	0	0	0	0	0	0	0	0	0
Freddie_Bynum	1	1	0	0	0	0	0	0	1	0	0	0	0	0	0	0	0	0
Everth_Cabrera	1	1	0	0	0	0	0	0	1	0	0	0	0	0	0	0	0	0
Mark_Canha	1	1	0	0	0	0	0	0	1	0	0	0	0	0	0	0	0	0
Luke_Carlin	1	1	0	0	0	0	0	0	0	0	0	0	0	0	0	0	0	0
Chris_Carter	1	1	1	1	0	0	0	0	0	1	1	2	3	0	0	0	0	0
Juan_Centeno	1	1	0	0	0	0	0	0	0	0	0	0	0	0	0	0	0	0
Yoenis_Cespedes	1	1	0	0	0	0	0	0	0	0	0	0	0	0	0	0	0	0
Brandon_Claussen	1	1	1	0	0	0	0	0	0	1	1	1	2	0	0	0	0	0
Chris_Colabello	1	1	1	1	0	0	0	0	0	1	1	2	3	0	0	0	0	0
Jose_Constanza	1	1	0	0	0	0	0	0	0	0	0	0	0	0	0	0	0	1
Carlos_Correa	1	1	1	0	0	1	2	0	0	1	1	4	5	0	0	0	0	0
Collin_Cowgill	1	1	0	0	0	0	0	0	1	0	0	0	0	0	0	0	0	0
Carl_Crawford	1	1	0	0	0	0	0	0	1	0	0	0	0	0	0	0	0	0
Coco_Crisp	1	1	1	1	0	0	0	0	0	1	1	2	3	0	0	0	0	0
C.J._Cron	1	0	0	0	0	0	0	1	0	0	1	0	0	0	0	1	0	0
Trevor_Crowe	1	0	0	0	0	0	0	1	0	0	1	0	0	0	0	0	0	0
Luis_Cruz	1	1	0	0	0	0	0	0	0	0	0	0	0	0	0	0	0	0
Nelson_Cruz	1	1	1	0	0	1	1	0	0	1	1	4	5	0	0	0	0	0
Charlie_Culberson	1	1	0	0	0	0	0	0	0	0	0	0	0	0	0	0	0	0
Travis_d'Arnaud	1	0	0	0	0	0	0	1	0	0	1	0	0	0	0	0	0	0
Jeff_DaVanon	1	1	0	0	0	0	0	0	1	0	0	0	0	0	0	0	0	0
Khris_Davis	1	1	1	0	0	1	1	0	0	1	1	4	5	0	0	0	0	0
David_DeJesus	1	1	1	0	0	0	2	0	0	1	1	1	2	0	0	0	0	0
Matt_den_Dekker	1	1	0	0	0	0	0	0	0	0	0	0	0	0	0	0	0	0
Delino_DeShields	1	1	1	0	0	0	0	0	0	1	1	1	2	0	0	0	0	0
Joe_Dillon	1	1	0	0	0	0	0	0	0	0	0	0	0	0	0	0	0	0
Josh_Donaldson	1	0	0	0	0	0	0	1	0	0	1	0	0	0	0	0	0	0
Chad_Durbin	1	1	1	0	0	0	0	0	0	1	1	1	2	0	0	0	0	0
Trent_Durrington	1	1	1	0	0	0	1	0	0	1	1	1	2	0	0	0	0	0
Jarrod_Dyson	1	1	0	0	0	0	0	0	1	0	0	0	0	0	0	0	0	0
A.J._Ellis	1	1	0	0	0	0	0	0	0	0	0	0	0	0	0	0	0	0
Taylor_Featherston	1	1	0	0	0	0	0	0	1	0	0	0	0	0	0	0	0	0
Jesus_Flores	1	1	0	0	0	0	0	0	0	0	0	0	0	0	0	0	0	0
Darren_Ford	1	1	1	0	0	0	0	0	0	1	1	1	2	0	0	0	0	0
Juan_Francisco	1	1	0	0	0	0	0	0	1	0	0	0	0	0	0	0	0	0
Eric_Fryer	1	1	0	0	0	0	0	0	0	0	0	0	0	0	0	0	0	0
Armando_Galarraga	1	1	0	0	0	0	0	0	1	0	0	0	0	0	0	0	0	0
Mat_Gamel	1	1	0	0	0	0	0	0	0	0	0	0	0	0	0	0	0	0
Eddy_Garabito	1	1	0	0	0	0	0	0	1	0	0	0	0	0	0	0	0	0
Scooter_Gennett	1	1	0	0	0	0	0	0	0	0	0	0	0	0	0	0	0	0
Craig_Gentry	1	1	0	0	0	0	0	0	0	0	0	0	0	0	0	0	0	0
Caleb_Gindl	1	1	0	0	0	0	0	0	0	0	0	0	0	0	0	0	0	0
Ryan_Goins	1	1	0	0	0	0	0	0	1	0	0	0	0	0	0	0	0	0
Hector_Gomez	1	1	0	0	0	0	0	0	1	0	0	0	0	0	0	0	0	0
Alberto_Gonzalez	1	1	0	0	0	0	0	0	0	0	0	0	0	0	0	0	0	0
Marwin_Gonzalez	1	1	0	0	0	0	0	0	0	0	0	0	0	0	0	0	0	0
Ruben_Gotay	1	0	0	0	0	0	0	1	0	0	1	0	0	0	0	0	0	0
Curtis_Granderson	1	1	0	0	0	0	0	0	1	0	0	0	0	0	0	0	0	0
Gabe_Gross	1	1	0	0	0	0	0	0	1	0	0	0	0	0	0	0	0	0
Brandon_Guyer	1	1	1	1	0	0	1	0	0	1	1	2	3	0	0	0	0	0
Angel_Guzman	1	1	0	0	0	0	0	0	1	0	0	0	0	0	0	0	0	0
Jesus_Guzman	1	1	1	0	0	0	1	0	0	1	1	1	2	0	0	0	0	0
Chris_Heisey	1	1	0	0	0	0	0	0	0	0	0	0	0	0	0	0	0	1
Brad_Hennessey	1	1	0	0	0	0	0	0	0	0	0	0	0	0	0	0	0	0
Elian_Herrera	1	1	1	0	0	1	2	0	0	1	1	4	5	0	0	0	0	0
Aaron_Hicks	1	0	0	0	0	0	0	1	0	0	1	0	0	0	0	0	0	0
John_Hicks	1	1	0	0	0	0	0	0	1	0	0	0	0	0	0	0	0	0
Aaron_Hill	1	1	1	0	0	0	0	0	0	1	1	1	2	0	0	0	0	0
Steve_Holm	1	1	0	0	0	0	0	0	0	0	0	0	0	0	0	0	0	0
Chin-lung_Hu	1	0	0	0	0	0	1	0	0	0	0	0	0	0	1	0	0	0
Raul_Ibanez	1	1	0	0	0	0	0	0	0	0	0	0	0	0	0	0	0	0
Jose_Iglesias	1	1	1	0	0	0	1	0	0	1	1	1	2	0	0	0	0	0
Edwin_Jackson	1	0	0	0	0	0	0	0	0	0	0	0	0	1	0	0	0	0
Garrett_Jones	1	1	0	0	0	0	0	0	0	0	0	0	0	0	0	0	0	0
Ryan_Kalish	1	1	1	0	0	0	0	0	0	1	1	1	2	0	0	0	0	0
Munenori_Kawasaki	1	1	0	0	0	0	0	0	0	0	0	0	0	0	0	0	0	0
Don_Kelly	1	1	0	0	0	0	0	0	0	0	0	0	0	0	0	0	0	0
Roger_Kieschnick	1	1	0	0	0	0	0	0	1	0	0	0	0	0	0	0	0	0
Erik_Kratz	1	1	0	0	0	0	0	0	0	0	0	0	0	0	0	0	0	0
Marc_Krauss	1	1	0	0	0	0	0	0	0	0	0	0	0	0	0	0	0	0
Juan_Lagares	1	1	1	0	0	0	0	0	0	1	1	1	2	0	0	0	0	0
Mike_Lamb	1	1	0	0	0	0	0	0	0	0	0	0	0	0	0	0	0	0
Andrew_Lambo	1	1	1	0	0	0	0	0	0	1	1	1	2	0	0	0	0	0
Andy_LaRoche	1	1	0	0	0	0	0	0	0	0	0	0	0	0	0	0	0	0
Brett_Lawrie	1	1	1	0	0	0	0	0	0	1	1	1	2	0	0	0	0	0
Wade_LeBlanc	1	1	1	0	0	0	0	0	0	1	1	1	2	0	0	0	0	0
DJ_LeMahieu	1	1	0	0	0	0	0	0	0	0	0	0	0	0	0	0	0	0
Mike_Lowell	1	1	0	0	0	0	0	0	0	0	0	0	0	0	0	0	0	0
Martin_Maldonado	1	0	0	0	0	0	0	1	0	0	1	0	0	0	0	0	0	0
Cristhian_Martinez	1	1	0	0	0	0	0	0	0	0	0	0	0	0	0	0	0	0
Darin_Mastroianni	1	1	0	0	0	0	0	0	0	0	0	0	0	0	0	0	0	1
Scott_McClain	1	1	0	0	0	0	0	0	0	0	0	0	0	0	0	0	0	0
Doug_Mientkiewicz	1	1	0	0	0	0	0	0	0	0	0	0	0	0	0	0	0	0
Kevin_Millwood	1	1	0	0	0	0	0	0	1	0	0	0	0	0	0	0	0	0
Eric_Milton	1	1	0	0	0	0	0	0	0	0	0	0	0	0	0	0	0	0
Mike_Minor	1	1	1	0	0	0	0	0	0	1	1	1	2	0	0	0	0	0
Brian_Moehler	1	1	0	0	0	0	0	0	0	0	0	0	0	0	0	0	0	0
Brandon_Moss	1	1	0	0	0	0	0	0	0	0	0	0	0	0	0	0	0	0
Guillermo_Mota	1	1	0	0	0	0	0	0	0	0	0	0	0	0	0	0	0	0
John_Ryan_Murphy	1	1	0	0	0	0	0	0	1	0	0	0	0	0	0	0	0	0
Chris_Nelson	1	1	0	0	0	0	0	0	0	0	0	0	0	0	0	0	0	0
Brett_Nicholas	1	1	0	0	0	0	0	0	0	0	0	0	0	0	0	0	0	0
Jon_Niese	1	1	0	0	0	0	0	0	1	0	0	0	0	0	0	0	0	0
Greg_Norton	1	0	0	0	0	0	0	1	0	0	1	0	0	0	0	0	0	0
Eduardo_Nunez	1	1	0	0	0	0	0	0	1	0	0	0	0	0	0	0	0	0
Russ_Ortiz	1	1	1	1	0	0	2	0	0	1	1	2	3	0	0	0	0	0
Adam_Ottavino	1	1	1	0	0	0	0	0	0	1	1	1	2	0	0	0	0	0
Chris_Owings	1	1	1	0	0	0	0	0	0	1	1	1	2	0	0	0	0	0
Micah_Owings	1	1	1	0	0	0	0	0	0	1	1	1	2	0	0	0	0	0
Marcell_Ozuna	1	1	0	0	0	0	0	0	1	0	0	0	0	0	0	0	0	0
Jordan_Pacheco	1	1	1	0	0	0	0	0	0	1	1	1	2	0	0	0	0	0
Joe_Panik	1	1	0	0	0	0	0	0	0	0	0	0	0	0	0	0	0	0
Andy_Parrino	1	1	0	0	0	0	0	0	0	0	0	0	0	0	0	0	0	0
Xavier_Paul	1	0	0	0	0	0	0	1	0	0	1	0	0	0	0	0	0	0
Steve_Pearce	1	1	1	0	0	0	0	0	0	1	1	1	2	0	0	0	0	0
Dustin_Pedroia	1	1	0	0	0	0	0	0	0	0	0	0	0	0	0	0	0	1
Cliff_Pennington	1	0	0	0	0	0	0	0	0	0	0	0	0	1	0	0	0	0
David_Peralta	1	1	0	0	0	0	0	0	1	0	0	0	0	0	0	0	0	0
Carlos_Perez	1	0	0	0	0	0	1	0	0	0	0	0	0	1	0	0	0	0
Roberto_Perez	1	1	0	0	0	0	0	0	0	0	0	0	0	0	0	0	0	0
Josh_Phegley	1	1	0	0	0	0	0	0	0	0	0	0	0	0	0	0	0	0
Brett_Pill	1	1	0	0	0	0	0	0	0	0	0	0	0	0	0	0	0	1
Josmil_Pinto	1	1	0	0	0	0	0	0	1	0	0	0	0	0	0	0	0	0
Jorge_Polanco	1	1	0	0	0	0	0	0	1	0	0	0	0	0	0	0	0	0
Cody_Ransom	1	1	1	1	0	0	1	0	0	1	1	2	3	0	0	0	0	0
Michael_Restovich	1	1	0	0	0	0	0	0	1	0	0	0	0	0	0	0	0	0
Argenis_Reyes	1	1	0	0	0	0	0	0	0	0	0	0	0	0	0	0	0	0
Rene_Rivera	1	1	1	0	0	0	1	0	0	1	1	1	2	0	0	0	0	0
Chris_Roberson	1	1	0	0	0	0	0	0	1	0	0	0	0	0	0	0	0	0
Derrick_Robinson	1	1	0	0	0	0	0	0	0	0	0	0	0	0	0	0	0	0
Miguel_Rojas	1	1	0	0	0	0	0	0	0	0	0	0	0	0	0	0	0	0
Darin_Ruf	1	1	0	0	0	0	0	0	1	0	0	0	0	0	0	0	0	0
Addison_Russell	1	0	0	0	0	0	0	1	0	0	1	0	0	0	0	0	0	0
Josh_Rutledge	1	1	1	0	0	0	1	0	0	1	1	1	2	0	0	0	0	0
Jarrod_Saltalamacchia	1	1	0	0	0	0	0	0	1	0	0	0	0	0	0	0	0	0
Tony_Sanchez	1	1	0	0	0	0	0	0	0	0	0	0	0	0	0	0	0	0
Jerry_Sands	1	1	1	0	0	0	0	0	0	1	1	1	2	0	0	0	0	0
Michael_Saunders	1	1	0	0	0	0	0	0	0	0	0	0	0	0	0	0	0	0
Logan_Schafer	1	1	0	0	0	0	0	0	0	0	0	0	0	0	0	0	0	0
Jonathan_Schoop	1	1	0	0	0	0	0	0	0	0	0	0	0	0	0	0	0	0
Xavier_Scruggs	1	1	0	0	0	0	0	0	1	0	0	0	0	0	0	0	0	0
Scott_Seabol	1	1	0	0	0	0	0	0	0	0	0	0	0	0	0	0	0	0
Marcus_Semien	1	1	1	0	0	0	0	0	0	1	1	1	2	0	0	0	0	0
Travis_Shaw	1	1	0	0	0	0	0	0	0	0	0	0	0	0	0	0	0	0
Jason_Smith	1	1	0	0	0	0	0	0	0	0	0	0	0	0	0	0	0	0
Yangervis_Solarte	1	1	1	0	0	0	1	0	0	1	1	1	2	0	0	0	0	0
Jorge_Soler	1	1	0	0	0	0	0	0	0	0	0	0	0	0	0	0	0	0
Steven_Souza	1	1	0	0	0	0	0	0	0	0	0	0	0	0	0	0	0	1
Chris_Stewart	1	1	0	0	0	0	0	0	0	0	0	0	0	0	0	0	0	0
Jesus_Sucre	1	1	0	0	0	0	0	0	0	0	0	0	0	0	0	0	0	0
Kurt_Suzuki	1	0	0	0	0	0	0	0	0	0	0	0	0	1	0	0	0	0
Masahiro_Tanaka	1	1	0	0	0	0	0	0	1	0	0	0	0	0	0	0	0	0
Taylor_Teagarden	1	1	0	0	0	0	0	0	0	0	0	0	0	0	0	0	0	1
Josh_Thole	1	1	0	0	0	0	0	0	0	0	0	0	0	0	0	0	0	0
Mike_Thompson	1	1	0	0	0	0	0	0	1	0	0	0	0	0	0	0	0	0
Wilfredo_Tovar	1	1	0	0	0	0	0	0	0	0	0	0	0	0	0	0	0	0
Devon_Travis	1	1	0	0	0	0	0	0	0	0	0	0	0	0	0	0	0	0
Mike_Trout	1	1	0	0	0	0	0	0	0	0	0	0	0	0	0	0	0	0
Preston_Tucker	1	1	0	0	0	0	0	0	0	0	0	0	0	0	0	0	0	0
Jacob_Turner	1	1	0	0	0	0	0	0	0	0	0	0	0	0	0	0	0	0
Chris_Valaika	1	1	1	0	0	0	2	0	0	1	1	1	2	0	0	0	0	0
Jordany_Valdespin	1	1	0	0	0	0	0	0	0	0	0	0	0	0	0	0	0	0
Ismael_Valdez	1	1	0	0	0	0	0	0	0	0	0	0	0	0	0	0	0	0
Wilson_Valdez	1	1	0	0	0	0	0	0	0	0	0	0	0	0	0	0	0	0
Christian_Vazquez	1	1	0	0	0	0	0	0	0	0	0	0	0	0	0	0	0	0
Ramon_Vazquez	1	1	0	0	0	0	0	0	1	0	0	0	0	0	0	0	0	0
Will_Venable	1	1	0	0	0	0	0	0	1	0	0	0	0	0	0	0	0	0
Carlos_Villanueva	1	1	0	0	0	0	0	0	0	0	0	0	0	0	0	0	0	0
Ryan_Vogelsong	1	1	0	0	0	0	0	0	0	0	0	0	0	0	0	0	0	0
Zach_Walters	1	1	0	0	0	0	0	0	1	0	0	0	0	0	0	0	0	0
Logan_Watkins	1	1	1	0	0	0	0	0	0	1	1	1	2	0	0	0	0	0
Matt_Wieters	1	1	0	0	0	0	0	0	0	0	0	0	0	0	0	0	0	0
Gerald_Williams	1	1	0	0	0	0	0	0	0	0	0	0	0	0	0	0	0	0
Brandon_Wood	1	1	0	0	0	0	0	0	0	0	0	0	0	0	0	0	0	0
Christian_Yelich	1	0	0	0	0	0	0	1	0	0	1	0	0	0	0	0	0	0
Delmon_Young	1	1	1	0	0	0	0	0	0	1	1	1	2	0	0	0	0	0
Delwyn_Young	1	1	1	0	0	0	0	0	0	1	1	1	2	0	0	0	0	0
Victor_Zambrano	1	1	0	0	0	0	0	0	1	0	0	0	0	0	0	0	0	0
Ben_Zobrist	1	1	0	0	0	0	0	0	0	0	0	0	0	0	0	0	0	0
Mike_Zunino	1	1	0	0	0	0	0	0	1	0	0	0	0	0	0	0	0	0
