Tim_Hudson	101	94	23	6	3	3	8	7	7	0.245	0.297	0.468	0.765	0	0	0	0	0
Tom_Glavine	87	78	29	10	1	6	14	8	3	0.372	0.43	0.756	1.187	1	0	1	0	0
Livan_Hernandez	82	80	17	3	1	2	5	2	8	0.213	0.232	0.35	0.582	0	0	0	0	4
Javier_Vazquez	71	69	14	2	0	3	3	2	14	0.203	0.225	0.362	0.588	0	0	0	0	0
Dontrelle_Willis	67	63	14	2	1	1	10	2	8	0.222	0.239	0.333	0.572	0	2	0	0	0
Josh_Beckett	63	55	13	5	0	2	8	8	5	0.236	0.333	0.436	0.77	0	0	0	0	0
A.J._Burnett	62	51	13	3	0	1	5	9	16	0.255	0.371	0.373	0.744	0	1	0	1	2
Jon_Niese	58	54	12	3	0	0	0	4	8	0.222	0.276	0.278	0.554	0	0	0	0	2
Steve_Trachsel	57	53	9	1	0	1	3	4	3	0.17	0.228	0.245	0.473	0	0	0	0	1
Kyle_Lohse	56	52	10	2	0	2	5	4	6	0.192	0.25	0.346	0.596	0	0	0	0	1
Jason_Marquis	56	48	8	1	0	0	2	8	5	0.167	0.286	0.188	0.473	0	0	0	0	1
Brad_Penny	56	52	12	2	1	0	4	4	9	0.231	0.286	0.308	0.593	0	0	0	0	2
Tim_Lincecum	55	50	9	2	0	0	1	5	13	0.18	0.255	0.22	0.475	0	0	0	0	0
Ryan_Dempster	54	44	11	3	0	1	8	8	11	0.25	0.358	0.386	0.745	1	1	0	0	0
Al_Leiter		53	49	18	5	0	1	7	1	10	0.367	0.373	0.531	0.903	2	1	0	0	0
Greg_Maddux	53	53	11	2	1	1	4	0	8	0.208	0.208	0.34	0.547	0	0	0	0	2
Ricky_Nolasco	52	51	12	3	1	2	4	1	7	0.235	0.25	0.451	0.701	0	0	0	0	0
Derek_Lowe	51	51	13	2	0	0	2	0	2	0.255	0.255	0.294	0.549	0	0	0	0	1
Aaron_Harang	50	48	13	2	0	0	0	2	9	0.271	0.3	0.313	0.613	0	0	0	0	0
Mike_Hampton	49	45	10	2	0	0	2	2	2	0.222	0.265	0.267	0.532	0	1	0	1	0
John_Lannan	48	46	11	2	0	1	5	2	2	0.239	0.271	0.348	0.619	0	0	0	0	1
Mike_Pelfrey	48	47	14	0	1	1	5	1	4	0.298	0.313	0.404	0.717	0	0	0	0	1
Josh_Johnson	45	42	14	1	0	2	5	3	4	0.333	0.378	0.5	0.878	0	0	0	0	0
Tim_Redding	45	40	6	1	0	0	5	4	8	0.15	0.222	0.175	0.397	0	1	0	0	0
Braden_Looper	41	37	9	2	0	0	1	3	6	0.243	0.293	0.297	0.59	0	1	0	0	0
Pedro_Astacio	40	36	6	1	0	1	2	4	5	0.167	0.25	0.278	0.528	0	0	0	0	1
Carl_Pavano	40	38	17	4	1	0	4	2	5	0.447	0.475	0.605	1.08	0	0	0	0	0
Tony_Armas	39	37	15	4	0	0	4	1	4	0.405	0.421	0.514	0.935	1	0	0	0	0
Scott_Olsen	39	36	9	1	2	1	3	3	3	0.25	0.308	0.472	0.78	0	0	0	0	0
John_Smoltz	39	37	13	3	0	3	5	1	10	0.351	0.385	0.676	1.06	0	0	0	1	0
Jair_Jurrjens	38	35	6	3	1	0	1	3	0	0.171	0.237	0.314	0.551	0	0	0	0	0
Clayton_Kershaw	38	35	7	2	1	1	2	1	5	0.2	0.263	0.4	0.663	0	0	0	2	0
Paul_Maholm	38	34	11	2	0	0	0	4	2	0.324	0.395	0.382	0.777	0	0	0	0	0
Aaron_Cook	37	36	12	2	1	0	2	1	3	0.333	0.351	0.444	0.796	0	0	0	0	1
Anibal_Sanchez	37	33	12	0	0	1	2	4	4	0.364	0.432	0.455	0.887	0	0	0	0	0
Chris_Volstad	37	33	15	2	0	1	4	4	0	0.455	0.514	0.606	1.12	0	0	0	0	0
Jordan_Zimmermann	37	35	8	0	0	2	5	2	5	0.229	0.27	0.4	0.67	0	0	0	0	0
Pedro_Martinez	36	36	13	3	0	2	6	0	6	0.361	0.361	0.611	0.972	0	0	0	0	0
Oliver_Perez	36	31	9	2	0	2	4	5	4	0.29	0.389	0.548	0.937	0	0	0	0	1
John_Thomson	36	35	12	4	0	1	2	1	5	0.343	0.361	0.543	0.904	0	0	0	0	0
Stephen_Strasburg	35	33	4	0	0	1	2	2	13	0.121	0.171	0.212	0.384	0	0	0	0	0
Jeff_Suppan	35	32	11	2	0	4	10	3	0	0.344	0.4	0.781	1.181	0	0	1	0	0
Chris_Carpenter	34	34	7	2	0	0	0	0	5	0.206	0.206	0.265	0.471	0	0	0	0	1
Matt_Clement	34	30	3	1	0	0	1	4	2	0.1	0.206	0.133	0.339	0	0	0	0	1
Dillon_Gee	34	31	14	2	0	2	5	3	4	0.452	0.5	0.71	1.21	0	0	0	0	0
Gio_Gonzalez	34	30	7	1	1	0	0	4	4	0.233	0.324	0.333	0.657	0	0	0	0	2
Roy_Oswalt	34	34	10	2	0	1	1	0	8	0.294	0.294	0.441	0.735	0	0	0	0	1
Matt_Cain	33	30	8	2	4	1	5	3	5	0.267	0.333	0.7	1.033	0	0	0	0	0
Brian_Moehler	33	30	9	3	1	2	5	3	3	0.3	0.364	0.667	1.03	0	0	0	0	0
Russ_Ortiz	33	31	6	0	0	1	3	2	6	0.194	0.242	0.29	0.533	0	0	0	0	0
Bronson_Arroyo	32	30	8	1	0	2	5	2	0	0.267	0.313	0.5	0.813	0	0	0	0	1
Madison_Bumgarner	32	32	7	0	0	0	0	0	10	0.219	0.219	0.219	0.438	0	0	0	0	2
Bartolo_Colon	32	29	7	1	0	2	3	2	2	0.241	0.29	0.483	0.773	1	0	0	0	1
R.A._Dickey	32	30	9	4	1	1	4	2	7	0.3	0.344	0.6	0.944	0	0	0	0	0
Carlos_Zambrano	32	28	3	1	0	0	1	4	4	0.107	0.219	0.143	0.362	0	0	0	0	0
Matt_Garza	31	29	6	0	0	0	0	2	1	0.207	0.258	0.207	0.465	0	0	0	0	0
Odalis_Perez	31	30	8	0	0	0	0	1	3	0.267	0.29	0.267	0.557	0	0	0	0	1
Johan_Santana	31	29	7	0	0	2	3	2	3	0.241	0.29	0.448	0.739	0	0	0	0	1
Ben_Sheets	31	29	9	1	1	0	2	2	3	0.31	0.355	0.414	0.769	0	0	1	0	0
Adam_Wainwright	31	28	9	4	0	0	2	2	6	0.321	0.355	0.464	0.819	0	1	0	0	0
Brandon_Webb	31	27	12	3	1	0	1	3	3	0.444	0.516	0.63	1.146	0	0	0	1	0
Chad_Billingsley	30	28	9	3	1	1	3	1	5	0.321	0.367	0.607	0.974	0	0	0	1	0
Mark_Buehrle	30	29	6	0	0	0	1	1	6	0.207	0.233	0.207	0.44	0	0	0	0	1
Dave_Bush	30	26	7	3	0	2	3	2	4	0.269	0.367	0.615	0.982	0	0	0	2	0
Tomo_Ohka	30	28	8	1	0	1	4	2	5	0.286	0.333	0.429	0.762	0	0	0	0	0
Jason_Bergmann	29	27	6	1	1	1	3	2	2	0.222	0.276	0.444	0.72	0	0	1	0	1
Doug_Davis	29	27	4	1	0	0	0	2	1	0.148	0.207	0.185	0.392	0	0	0	0	0
Jae_Weong_Seo	29	29	7	1	0	1	3	0	6	0.241	0.241	0.379	0.621	0	0	0	0	1
Julio_Teheran	29	28	9	3	1	1	5	1	2	0.321	0.345	0.607	0.952	0	0	0	0	2
Barry_Zito	29	29	8	1	0	1	3	0	1	0.276	0.276	0.414	0.69	0	0	0	0	0
Miguel_Batista	28	23	12	1	2	1	5	5	1	0.522	0.607	0.87	1.477	0	0	2	0	1
Jorge_De_La_Rosa	28	23	5	1	0	1	4	4	2	0.217	0.321	0.391	0.713	0	1	0	0	0
Ross_Detwiler	28	26	8	3	0	0	1	0	1	0.308	0.308	0.423	0.731	2	0	0	0	0
Nathan_Eovaldi	28	24	9	2	0	1	2	4	3	0.375	0.464	0.583	1.048	0	0	0	0	0
Dan_Haren	28	27	7	3	0	0	3	1	4	0.259	0.286	0.37	0.656	0	0	0	0	0
John_Maine	28	27	4	3	0	0	2	1	3	0.148	0.179	0.259	0.438	0	0	0	0	1
Matt_Morris	28	27	5	0	1	0	1	1	2	0.185	0.214	0.259	0.474	0	0	0	0	1
Horacio_Ramirez	28	27	12	3	0	0	2	1	0	0.444	0.464	0.556	1.02	0	0	0	0	0
Julian_Tavarez	28	27	10	4	0	0	5	1	0	0.37	0.393	0.519	0.911	0	0	0	0	0
Jaime_Garcia	27	27	6	3	0	0	1	0	3	0.222	0.222	0.333	0.556	0	0	0	0	1
Randy_Johnson	27	26	7	2	0	1	2	1	5	0.269	0.296	0.462	0.758	0	0	0	0	1
Pedro_Feliciano	26	24	6	1	0	1	5	1	1	0.25	0.308	0.417	0.724	0	0	0	1	1
Jorge_Sosa	26	24	6	0	2	0	5	1	1	0.25	0.269	0.417	0.686	0	1	0	0	0
Johnny_Cueto	25	22	5	3	0	2	6	3	4	0.227	0.32	0.636	0.956	0	0	0	0	0
Jason_Hammel	25	22	4	0	0	1	4	3	3	0.182	0.28	0.318	0.598	0	0	0	0	0
Andrew_Miller	25	22	6	2	1	0	1	3	1	0.273	0.36	0.455	0.815	0	0	0	0	0
Homer_Bailey	24	23	6	0	0	0	0	1	4	0.261	0.292	0.261	0.553	0	0	0	0	1
Matt_Harvey	24	22	5	2	0	2	4	2	6	0.227	0.292	0.591	0.883	0	0	0	0	0
Aaron_Heilman	24	18	3	0	0	1	4	5	7	0.167	0.375	0.333	0.708	0	0	0	1	1
Ian_Kennedy	24	23	6	0	0	1	1	1	5	0.261	0.292	0.391	0.683	0	0	0	0	0
Kris_Medlen	24	22	4	3	0	0	1	2	4	0.182	0.25	0.318	0.568	0	0	0	0	0
Kevin_Millwood	24	24	7	1	0	1	2	0	6	0.292	0.292	0.458	0.75	0	0	0	0	1
Andy_Pettitte	24	22	5	0	0	1	3	1	2	0.227	0.25	0.364	0.614	0	1	0	0	1
Jonathan_Sanchez	24	22	2	1	0	0	1	2	7	0.091	0.167	0.136	0.303	0	0	0	0	0
James_Shields	24	22	9	2	0	1	4	2	4	0.409	0.458	0.636	1.095	0	0	0	0	0
Jamey_Wright	24	22	8	1	0	1	2	2	3	0.364	0.417	0.545	0.962	0	0	0	0	0
Tyler_Clippard	23	18	3	2	0	0	2	4	2	0.167	0.304	0.278	0.582	0	1	0	0	0
Byung-Hyun_Kim	23	23	8	1	0	1	2	0	4	0.348	0.348	0.522	0.87	0	0	0	0	0
Mike_Minor	23	21	4	2	0	0	0	2	2	0.19	0.261	0.286	0.547	0	0	0	0	0
Jon_Rauch	23	23	8	2	0	0	1	0	1	0.348	0.348	0.435	0.783	0	0	0	0	0
Claudio_Vargas	23	21	7	0	1	0	2	1	4	0.333	0.348	0.429	0.776	0	1	0	0	0
Jake_Westbrook	23	22	9	1	1	0	0	1	5	0.409	0.435	0.545	0.98	0	0	0	0	0
Randy_Wolf	23	23	6	0	0	1	1	0	3	0.261	0.261	0.391	0.652	0	0	0	0	0
Chris_Capuano	22	20	7	0	0	2	5	1	2	0.35	0.409	0.65	1.059	0	0	0	1	0
Chuck_James	22	20	11	1	0	1	1	2	0	0.55	0.591	0.75	1.341	0	0	0	0	0
Mike_Leake	22	21	4	0	0	0	0	1	2	0.19	0.227	0.19	0.418	0	0	0	0	0
Jeff_Francis	21	20	8	1	0	1	1	1	1	0.4	0.429	0.6	1.029	0	0	0	0	1
Sun-Woo_Kim	21	17	4	0	1	0	2	3	3	0.235	0.381	0.353	0.734	0	0	1	1	1
Ted_Lilly		21	19	6	3	0	0	2	1	4	0.316	0.333	0.474	0.807	0	1	0	0	0
Vladimir_Nunez	21	20	5	0	1	1	3	1	1	0.25	0.286	0.5	0.786	0	0	0	0	0
John_Patterson	21	20	5	2	0	0	0	1	2	0.25	0.286	0.35	0.636	0	0	0	0	0
Mark_Prior	21	19	3	1	0	0	0	2	3	0.158	0.238	0.211	0.449	0	0	0	0	0
CC_Sabathia	21	20	6	3	1	0	1	1	0	0.3	0.333	0.55	0.883	0	0	0	0	0
Curt_Schilling	21	20	6	1	0	0	0	1	5	0.3	0.333	0.35	0.683	0	0	0	0	0
Ian_Snell		21	19	12	1	4	1	3	2	0	0.632	0.667	1.263	1.93	0	0	0	0	0
Oscar_Villarreal	21	18	5	2	0	0	1	1	3	0.278	0.316	0.389	0.705	2	0	0	0	0
Kip_Wells		21	20	1	1	0	0	0	1	6	0.05	0.095	0.1	0.195	0	0	0	0	2
Chris_Young	21	18	2	0	0	0	0	3	3	0.111	0.238	0.111	0.349	0	0	0	0	0
Luis_Ayala	20	19	2	1	1	0	3	0	4	0.105	0.1	0.263	0.363	0	1	0	0	1
Brandon_Beachy	20	20	5	2	0	0	0	0	0	0.25	0.25	0.35	0.6	0	0	0	0	1
Zach_Day		20	17	4	3	0	0	0	3	1	0.235	0.35	0.412	0.762	0	0	0	0	1
Kazuhisa_Ishii	20	18	4	0	0	1	1	1	3	0.222	0.263	0.389	0.652	1	0	0	0	0
Brian_Lawrence	20	19	9	0	1	1	3	1	2	0.474	0.5	0.737	1.237	0	0	1	0	0
Guillermo_Mota	20	19	3	1	1	0	3	1	5	0.158	0.2	0.316	0.516	0	0	0	0	0
Jo-Jo_Reyes	20	19	2	1	0	0	4	1	1	0.105	0.15	0.158	0.308	0	0	0	0	0
Brett_Tomko	20	15	8	0	0	0	1	3	0	0.533	0.579	0.533	1.112	1	1	0	0	0
Kerry_Wood	20	18	7	1	1	1	2	2	4	0.389	0.45	0.722	1.172	0	0	0	0	0
Jaret_Wright	20	20	9	1	1	0	1	0	4	0.45	0.45	0.6	1.05	0	0	0	0	0
Armando_Benitez	19	16	3	1	0	1	3	2	6	0.188	0.278	0.438	0.715	1	0	0	0	0
Kris_Benson	19	16	4	1	0	0	2	3	1	0.25	0.368	0.313	0.681	0	0	0	0	0
Jhoulys_Chacin	19	15	1	1	0	0	1	3	3	0.067	0.263	0.133	0.396	0	0	0	1	1
Josh_Collmenter	19	16	7	2	0	0	3	2	2	0.438	0.474	0.563	1.036	0	1	0	0	0
Elmer_Dessens	19	18	5	0	0	0	1	1	2	0.278	0.316	0.278	0.594	0	0	0	0	0
Shawn_Estes	19	14	5	1	0	0	1	5	2	0.357	0.526	0.429	0.955	0	0	0	0	0
Josh_Fogg	19	18	7	2	1	1	3	1	1	0.389	0.421	0.778	1.199	0	0	0	0	1
Tommy_Hanson	19	18	3	2	0	0	1	1	5	0.167	0.211	0.278	0.488	0	0	0	0	0
Shawn_Hill	19	19	4	2	0	1	3	0	2	0.211	0.211	0.474	0.684	0	0	0	0	0
Jason_Jennings	19	16	7	0	1	1	3	2	1	0.438	0.474	0.75	1.224	0	1	0	0	0
Jeff_Karstens	19	18	8	2	0	1	4	0	0	0.444	0.444	0.722	1.167	1	0	0	0	0
Scott_Linebrink	19	19	5	1	0	0	0	0	2	0.263	0.263	0.316	0.579	0	0	0	0	1
Jake_Peavy	19	16	5	0	1	1	1	3	1	0.313	0.421	0.625	1.046	0	0	1	0	1
Woody_Williams	19	19	6	1	0	1	3	0	0	0.316	0.316	0.526	0.842	0	0	0	0	0
Henderson_Alvarez	18	17	5	3	0	0	0	1	0	0.294	0.333	0.471	0.804	0	0	0	0	1
Andrew_Cashner	18	17	0	0	0	0	1	1	3	0	0.056	0	0.056	0	0	0	0	0
Kevin_Correia	18	17	3	2	0	0	1	1	2	0.176	0.222	0.294	0.516	0	0	0	0	0
Zack_Greinke	18	17	4	2	0	0	1	1	1	0.235	0.278	0.353	0.631	0	0	0	0	1
Edwin_Jackson	18	17	8	1	0	2	4	1	0	0.471	0.5	0.882	1.382	0	0	0	0	0
Ubaldo_Jimenez	18	17	5	1	0	0	0	1	3	0.294	0.333	0.353	0.686	0	0	0	0	0
Hiroki_Kuroda	18	17	2	2	0	0	3	1	3	0.118	0.167	0.235	0.402	0	0	0	0	0
Esteban_Loaiza	18	16	6	2	0	1	1	2	1	0.375	0.444	0.688	1.132	0	0	0	0	0
Wandy_Rodriguez	18	18	8	1	0	1	1	0	1	0.444	0.444	0.667	1.111	0	0	0	0	0
Glendon_Rusch	18	17	8	2	0	0	2	0	1	0.471	0.5	0.588	1.088	0	0	0	1	0
Edinson_Volquez	18	15	1	0	0	0	1	3	3	0.067	0.222	0.067	0.289	0	0	0	0	0
David_Weathers	18	13	6	2	0	0	0	5	2	0.462	0.611	0.615	1.226	0	0	0	0	1
Erik_Bedard	17	16	3	0	0	0	0	1	2	0.188	0.235	0.188	0.423	0	0	0	0	0
Matt_Belisle	17	17	8	3	1	0	3	0	2	0.471	0.471	0.765	1.235	0	0	0	0	2
Chad_Cordero	17	14	3	0	1	0	2	1	2	0.214	0.294	0.357	0.651	0	1	0	1	0
Mike_Dunn	17	14	5	1	0	1	6	2	2	0.357	0.412	0.643	1.055	0	1	0	0	0
Doug_Fister	17	15	4	2	0	1	1	1	5	0.267	0.313	0.6	0.913	1	0	0	0	0
Orlando_Hernandez	17	15	5	1	0	1	2	1	3	0.333	0.353	0.6	0.953	0	1	0	0	0
Jason_Johnson	17	15	1	0	0	0	0	1	1	0.067	0.125	0.067	0.192	1	0	0	0	0
Jon_Lester	17	16	3	0	0	0	1	1	2	0.188	0.235	0.188	0.423	0	0	0	0	0
Noah_Lowry	17	17	6	1	1	0	3	0	2	0.353	0.353	0.529	0.882	0	0	0	0	1
Saul_Rivera	17	14	0	0	0	0	0	3	1	0	0.176	0	0.176	0	0	0	0	0
Carlos_Villanueva	17	15	5	2	0	1	3	2	2	0.333	0.412	0.667	1.078	0	0	0	0	0
Alex_Wood	17	17	1	0	0	0	0	0	3	0.059	0.059	0.059	0.118	0	0	0	0	0
Masato_Yoshii	17	15	2	0	0	0	1	2	2	0.133	0.235	0.133	0.369	0	0	0	0	0
Joe_Beimel	16	16	5	2	0	0	2	0	0	0.313	0.313	0.438	0.75	0	0	0	0	0
Jon_Garland	16	14	3	1	0	0	2	2	0	0.214	0.313	0.286	0.598	0	0	0	0	0
Tom_Gorzelanny	16	14	6	2	0	0	0	2	2	0.429	0.5	0.571	1.071	0	0	0	0	0
Kevin_Gregg	16	15	2	0	0	0	0	1	1	0.133	0.188	0.133	0.321	0	0	0	0	0
Clay_Hensley	16	14	1	0	0	1	1	2	5	0.071	0.188	0.286	0.473	0	0	0	0	1
Rich_Hill		16	13	4	1	0	1	4	2	0	0.308	0.438	0.615	1.053	0	0	1	1	0
Scott_Kazmir	16	14	3	1	0	0	0	2	2	0.214	0.313	0.286	0.598	0	0	0	0	0
Tom_Koehler	16	15	2	0	0	0	0	1	3	0.133	0.188	0.133	0.321	0	0	0	0	0
John_Lackey	16	14	2	0	0	0	0	2	3	0.143	0.25	0.143	0.393	0	0	0	0	0
Eric_O'Flaherty	16	16	2	1	0	0	0	0	2	0.125	0.125	0.188	0.313	0	0	0	0	2
Darren_Oliver	16	12	4	1	0	1	4	4	0	0.333	0.5	0.667	1.167	0	0	0	0	0
Mark_Redman	16	15	4	0	0	0	1	1	0	0.267	0.313	0.267	0.579	0	0	0	0	0
Rick_Reed	16	16	3	0	0	0	1	0	3	0.188	0.188	0.188	0.375	0	0	0	0	1
Craig_Stammen	16	15	4	0	0	1	1	1	1	0.267	0.313	0.467	0.779	0	0	0	0	0
Buddy_Carlyle	15	14	4	1	0	1	1	1	2	0.286	0.333	0.571	0.905	0	0	0	0	0
Yovani_Gallardo	15	14	5	0	0	1	1	1	1	0.357	0.4	0.571	0.971	0	0	0	0	0
Jordan_Lyles	15	11	5	2	0	0	0	4	1	0.455	0.6	0.636	1.236	0	0	0	0	0
Sean_Marshall	15	14	5	2	0	1	5	1	0	0.357	0.4	0.714	1.114	0	0	0	0	0
James_McDonald	15	13	3	0	0	1	1	2	3	0.231	0.333	0.462	0.795	0	0	0	0	0
Eric_Milton	15	15	4	0	0	0	0	0	1	0.267	0.267	0.267	0.533	0	0	0	0	0
Charlie_Morton	15	14	8	3	0	0	1	1	0	0.571	0.6	0.786	1.386	0	0	0	0	0
Jeff_Samardzija	15	13	2	1	0	0	1	1	3	0.154	0.2	0.231	0.431	0	1	0	0	1
Travis_Wood	15	15	3	0	0	0	0	0	1	0.2	0.2	0.2	0.4	0	0	0	0	0
Heath_Bell	14	14	1	0	0	0	0	0	1	0.071	0.071	0.071	0.143	0	0	0	0	1
Jonathan_Broxton	14	11	2	1	0	0	2	3	0	0.182	0.357	0.273	0.63	0	0	0	0	0
Shawn_Chacon	14	12	4	0	0	0	1	2	1	0.333	0.429	0.333	0.762	0	0	0	0	0
Roger_Clemens	14	14	4	1	1	0	1	0	3	0.286	0.286	0.5	0.786	0	0	0	0	1
Jeff_D'Amico	14	13	5	2	1	0	0	1	2	0.385	0.429	0.692	1.121	0	0	0	0	1
Joel_Hanrahan	14	14	3	0	0	0	0	0	4	0.214	0.214	0.214	0.429	0	0	0	0	0
LaTroy_Hawkins	14	13	3	0	0	0	0	1	2	0.231	0.286	0.231	0.516	0	0	0	0	1
Craig_Kimbrel	14	11	2	1	0	0	0	3	6	0.182	0.357	0.273	0.63	0	0	0	0	0
Daisuke_Matsuzaka	14	10	1	1	0	0	1	4	1	0.1	0.357	0.2	0.557	0	0	0	0	0
Will_Ohman	14	11	1	0	0	0	0	2	1	0.091	0.231	0.091	0.322	1	0	1	0	0
Ramon_Ortiz	14	14	5	1	1	1	2	0	1	0.357	0.357	0.786	1.143	0	0	0	0	0
Yusmeiro_Petit	14	11	6	1	1	2	3	3	1	0.545	0.643	1.364	2.006	0	0	0	0	0
Francisco_Rodriguez	14	11	4	1	0	0	2	2	0	0.364	0.429	0.455	0.883	0	1	1	0	0
Tim_Stauffer	14	12	3	0	0	0	1	2	1	0.25	0.357	0.25	0.607	0	0	0	0	0
Todd_Wellemeyer	14	12	1	0	0	1	2	2	1	0.083	0.214	0.333	0.548	0	0	0	0	0
Victor_Zambrano	14	13	3	0	0	0	0	1	3	0.231	0.286	0.231	0.516	0	0	0	0	0
Brian_Anderson	13	12	4	0	0	0	0	1	1	0.333	0.385	0.333	0.718	0	0	0	0	0
Jake_Arrieta	13	10	0	0	0	0	0	3	4	0	0.231	0	0.231	0	0	0	0	0
Burke_Badenhop	13	11	1	0	0	0	1	1	2	0.091	0.154	0.091	0.245	0	1	0	0	1
Santiago_Casilla	13	12	3	2	0	0	3	1	3	0.25	0.308	0.417	0.724	0	0	0	0	0
Lance_Cormier	13	12	3	1	0	1	1	1	5	0.25	0.308	0.583	0.891	0	0	0	0	0
Zach_Duke	13	11	2	1	0	0	2	1	1	0.182	0.231	0.273	0.503	0	1	0	0	0
Joey_Eischen	13	13	3	1	0	0	0	0	1	0.231	0.231	0.308	0.538	0	0	0	0	0
Marco_Estrada	13	12	2	0	0	0	0	1	1	0.167	0.231	0.167	0.397	0	0	0	0	0
David_Hale	13	12	6	1	1	0	1	0	2	0.5	0.462	0.75	1.212	0	1	0	0	1
Jeremy_Hefner	13	13	6	2	0	0	1	0	1	0.462	0.462	0.615	1.077	0	0	0	0	0
Carlos_Hernandez	13	11	3	0	0	0	0	1	2	0.273	0.385	0.273	0.657	0	0	0	1	0
Mat_Latos	13	11	5	2	0	0	0	2	2	0.455	0.538	0.636	1.175	0	0	0	0	0
Hideo_Nomo	13	13	6	1	0	1	1	0	2	0.462	0.462	0.769	1.231	0	0	0	0	0
Wes_Obermueller	13	11	4	1	0	0	0	2	2	0.364	0.462	0.455	0.916	0	0	0	0	1
Micah_Owings	13	13	4	1	0	0	0	0	1	0.308	0.308	0.385	0.692	0	0	0	0	0
Vicente_Padilla	13	13	2	0	1	0	1	0	2	0.154	0.154	0.308	0.462	0	0	0	0	0
Chan_Ho_Park	13	13	2	0	1	0	1	0	3	0.154	0.154	0.308	0.462	0	0	0	0	0
Manny_Parra	13	11	3	1	0	0	0	2	0	0.273	0.385	0.364	0.748	0	0	0	0	0
Tanner_Roark	13	13	5	0	0	0	0	0	2	0.385	0.385	0.385	0.769	0	0	0	0	0
Ervin_Santana	13	11	1	1	0	0	0	1	4	0.091	0.167	0.182	0.348	1	0	0	0	0
Victor_Santos	13	11	2	0	0	0	1	2	2	0.182	0.308	0.182	0.49	0	0	0	0	0
Eric_Stults	13	12	4	0	0	1	3	0	0	0.333	0.308	0.583	0.891	0	1	0	0	1
Ryan_Vogelsong	13	11	4	1	0	1	3	2	1	0.364	0.462	0.727	1.189	0	0	0	0	0
Zack_Wheeler	13	13	3	0	0	2	2	0	3	0.231	0.231	0.692	0.923	0	0	0	0	0
Jeremy_Affeldt	12	11	1	0	0	1	1	1	3	0.091	0.167	0.364	0.53	0	0	0	0	0
Antonio_Alfonseca	12	8	3	0	1	0	2	3	1	0.375	0.5	0.625	1.125	0	1	1	0	0
Collin_Balester	12	11	3	0	0	0	2	1	1	0.273	0.333	0.273	0.606	0	0	0	0	0
John_Burkett	12	12	3	1	0	0	0	0	3	0.25	0.25	0.333	0.583	0	0	0	0	0
Matt_Chico	12	12	3	2	0	0	0	0	1	0.25	0.25	0.417	0.667	0	0	0	0	1
Todd_Coffey	12	9	1	1	0	0	0	3	2	0.111	0.333	0.222	0.556	0	0	0	0	0
Vic_Darensbourg	12	12	3	0	0	0	0	0	4	0.25	0.25	0.25	0.5	0	0	0	0	0
Randall_Delgado	12	12	3	1	0	1	1	0	1	0.25	0.25	0.583	0.833	0	0	0	0	0
Scott_Downs	12	11	4	0	0	0	1	1	0	0.364	0.417	0.364	0.78	0	0	0	0	0
Adam_Eaton	12	10	3	1	0	1	1	1	1	0.3	0.417	0.7	1.117	0	0	0	1	0
Kyle_Farnsworth	12	10	2	0	0	0	1	1	2	0.2	0.333	0.2	0.533	0	0	0	1	0
Jose_Fernandez	12	9	3	0	1	0	0	3	2	0.333	0.5	0.556	1.056	0	0	0	0	0
Joey_Hamilton	12	11	3	1	0	1	1	1	1	0.273	0.333	0.636	0.97	0	0	0	0	0
Rich_Harden	12	11	3	0	0	2	3	1	3	0.273	0.333	0.818	1.152	0	0	0	0	0
Joe_Kennedy	12	11	2	0	0	0	0	1	1	0.182	0.25	0.182	0.432	0	0	0	0	2
Shaun_Marcum	12	12	4	0	0	0	0	0	2	0.333	0.333	0.333	0.667	0	0	0	0	0
Sergio_Mitre	12	11	5	1	0	1	3	1	0	0.455	0.5	0.818	1.318	0	0	0	0	0
Mark_Mulder	12	12	6	3	0	0	0	0	1	0.5	0.5	0.75	1.25	0	0	0	0	0
Ross_Ohlendorf	12	10	3	1	0	2	2	1	1	0.3	0.417	1	1.417	0	0	0	1	0
Joel_Pineiro	12	12	2	0	0	0	0	0	1	0.167	0.167	0.167	0.333	0	0	0	0	0
Sidney_Ponson	12	12	2	0	0	0	0	0	1	0.167	0.167	0.167	0.333	0	0	0	0	0
Chris_Reitsma	12	11	3	1	0	0	0	1	2	0.273	0.333	0.364	0.697	0	0	0	0	0
Shane_Reynolds	12	11	4	2	1	0	3	1	1	0.364	0.417	0.727	1.144	0	0	0	0	1
Clayton_Richard	12	11	2	0	0	0	1	1	1	0.182	0.25	0.182	0.432	0	0	0	0	0
Ricky_Romero	12	10	3	1	0	0	0	2	0	0.3	0.417	0.4	0.817	0	0	0	0	0
Kirk_Rueter	12	12	3	0	1	0	2	0	1	0.25	0.25	0.417	0.667	0	0	0	0	0
Chris_Sampson	12	12	5	1	1	2	3	0	1	0.417	0.417	1.167	1.583	0	0	0	0	0
Duaner_Sanchez	12	10	2	1	0	0	0	1	1	0.2	0.273	0.3	0.573	1	0	0	0	0
Joe_Saunders	12	11	3	1	0	2	4	1	1	0.273	0.333	0.909	1.242	0	0	0	0	0
Rudy_Seanez	12	12	2	0	1	0	4	0	2	0.167	0.167	0.333	0.5	0	0	0	0	0
Chuck_Smith	12	10	3	0	2	0	1	1	3	0.3	0.333	0.7	1.033	0	1	0	0	0
Salomon_Torres	12	10	6	0	0	0	2	1	0	0.6	0.583	0.6	1.183	0	1	0	0	0
Billy_Wagner	12	11	0	0	0	0	0	1	3	0	0.083	0	0.083	0	0	1	0	0
Jim_Brower	11	10	3	0	0	1	2	1	2	0.3	0.364	0.6	0.964	0	0	0	0	0
Nate_Bump	11	9	5	2	0	0	0	1	0	0.556	0.636	0.778	1.414	0	0	0	1	0
Jimmy_Haynes	11	11	1	0	0	0	0	0	1	0.091	0.091	0.091	0.182	0	0	0	0	0
Matt_Herges	11	11	0	0	0	0	0	0	2	0	0	0	0	0	0	0	0	0
Bobby_Jones	11	11	4	0	1	0	2	0	1	0.364	0.364	0.545	0.909	0	0	0	0	0
Jorge_Julio	11	9	1	0	0	0	0	2	2	0.111	0.273	0.111	0.384	0	0	0	0	0
Logan_Kensing	11	10	3	0	0	0	0	1	2	0.3	0.364	0.3	0.664	0	0	0	0	0
Ray_King		11	8	2	0	1	1	2	1	3	0.25	0.4	0.875	1.275	1	0	0	1	0
Jeff_Locke	11	11	1	0	1	0	0	0	3	0.091	0.091	0.273	0.364	0	0	0	0	0
Rodrigo_Lopez	11	10	2	0	0	2	2	1	0	0.2	0.273	0.8	1.073	0	0	0	0	1
Gil_Meche	11	11	1	0	0	0	0	0	3	0.091	0.091	0.091	0.182	0	0	0	0	1
Wade_Miller	11	9	2	0	0	0	0	1	2	0.222	0.3	0.222	0.522	1	0	0	0	0
Garrett_Mock	11	10	4	2	0	0	3	1	1	0.4	0.455	0.6	1.055	0	0	0	0	0
Peter_Moylan	11	10	4	1	1	0	2	1	0	0.4	0.455	0.7	1.155	0	0	1	0	0
Brett_Myers	11	11	4	0	0	0	0	0	0	0.364	0.364	0.364	0.727	0	0	0	0	0
Bobby_Parnell	11	10	3	0	0	0	0	1	0	0.3	0.364	0.3	0.664	0	0	0	0	0
Tyson_Ross	11	11	3	1	0	0	0	0	2	0.273	0.273	0.364	0.636	0	0	0	0	0
Mike_Stanton	11	8	0	0	0	0	1	1	1	0	0.1	0	0.1	1	1	0	0	2
Huston_Street	11	10	3	0	0	0	0	1	0	0.3	0.364	0.3	0.664	0	0	0	0	1
Michael_Tejera	11	11	3	0	1	0	3	0	1	0.273	0.273	0.455	0.727	0	0	0	0	0
Brad_Thompson	11	10	3	0	1	1	3	1	0	0.3	0.364	0.8	1.164	0	0	0	0	0
Carlos_Torres	11	9	1	1	0	0	0	2	2	0.111	0.273	0.222	0.495	0	0	0	0	1
Ron_Villone	11	8	2	0	0	0	2	3	1	0.25	0.455	0.25	0.705	0	0	0	0	0
David_Williams	11	11	1	0	0	0	0	0	1	0.091	0.091	0.091	0.182	0	0	0	0	0
Jerome_Williams	11	11	3	1	0	0	1	0	1	0.273	0.273	0.364	0.636	0	0	0	0	0
Jose_Acevedo	10	10	5	0	0	0	2	0	0	0.5	0.5	0.5	1	0	0	0	0	0
Kevin_Appier	10	10	2	0	0	0	1	0	1	0.2	0.2	0.2	0.4	0	0	0	0	0
Daniel_Cabrera	10	10	6	1	1	0	2	0	1	0.6	0.6	0.9	1.5	0	0	0	0	0
Trevor_Cahill	10	8	0	0	0	0	1	1	2	0	0.1	0	0.1	0	1	0	0	0
Jesus_Colome	10	7	4	0	0	2	4	3	0	0.571	0.7	1.429	2.129	0	0	0	0	1
Kyle_Davies	10	9	5	1	1	1	2	1	0	0.556	0.6	1.222	1.822	0	0	0	0	0
Mike_DeJean	10	8	2	1	0	1	3	2	2	0.25	0.4	0.75	1.15	0	0	2	0	0
Jeff_Fassero	10	7	2	0	0	0	0	2	1	0.286	0.444	0.286	0.73	1	0	0	0	0
Kevin_Gryboski	10	8	4	0	0	0	0	2	1	0.5	0.6	0.5	1.1	0	0	1	0	0
Angel_Guzman	10	7	1	1	0	0	0	3	1	0.143	0.4	0.286	0.686	0	0	0	0	0
Mark_Hendrickson	10	9	3	0	0	0	1	0	1	0.333	0.4	0.333	0.733	0	0	0	1	0
Brad_Hennessey	10	8	4	1	0	1	5	1	1	0.5	0.5	1	1.5	0	1	0	0	0
Roberto_Hernandez	10	9	1	0	0	0	0	1	3	0.111	0.2	0.111	0.311	0	0	0	0	0
Colby_Lewis	10	8	3	0	0	0	1	1	0	0.375	0.5	0.375	0.875	0	0	0	1	0
Brandon_Lyon	10	9	3	0	1	0	2	1	2	0.333	0.4	0.556	0.956	0	0	0	0	0
Gary_Majewski	10	10	3	1	0	0	0	0	0	0.3	0.3	0.4	0.7	0	0	0	0	0
Mike_Maroth	10	10	3	0	0	1	1	0	0	0.3	0.3	0.6	0.9	0	0	0	0	0
Nick_Masset	10	8	1	0	0	1	1	2	2	0.125	0.3	0.5	0.8	0	0	1	0	0
Kyle_McClellan	10	9	0	0	0	0	0	1	2	0	0.1	0	0.1	0	0	0	0	0
Shelby_Miller	10	10	3	1	0	0	0	0	1	0.3	0.3	0.4	0.7	0	0	0	0	0
Bud_Norris	10	9	4	0	0	1	1	1	0	0.444	0.5	0.778	1.278	0	0	0	0	0
Wily_Peralta	10	9	1	0	0	0	0	1	0	0.111	0.2	0.111	0.311	0	0	0	0	0
Chad_Qualls	10	8	3	2	0	0	1	2	1	0.375	0.5	0.625	1.125	0	0	1	0	0
Paul_Quantrill	10	10	3	1	0	0	3	0	2	0.3	0.3	0.4	0.7	0	0	0	0	0
Ramon_Ramirez	10	9	4	0	0	1	6	1	0	0.444	0.5	0.778	1.278	0	0	0	0	0
Mike_Remlinger	10	9	4	1	0	0	0	1	1	0.444	0.5	0.556	1.056	0	0	0	0	0
Jason_Schmidt	10	10	3	1	0	1	4	0	1	0.3	0.3	0.7	1	0	0	0	0	0
Aaron_Sele	10	10	5	1	1	0	1	0	1	0.5	0.5	0.8	1.3	0	0	0	0	0
T.J._Tucker	10	9	2	1	0	0	3	0	1	0.222	0.222	0.333	0.556	1	0	0	0	0
Jose_Valverde	10	7	1	1	0	0	1	2	0	0.143	0.4	0.286	0.686	0	0	0	1	0
Jonny_Venters	10	8	2	0	0	0	0	2	0	0.25	0.4	0.25	0.65	0	0	0	0	0
Dan_Wheeler	10	9	3	1	0	0	1	0	3	0.333	0.3	0.444	0.744	0	1	0	0	0
Paul_Wilson	10	10	0	0	0	0	0	0	2	0	0	0	0	0	0	0	0	0
Tyler_Yates	10	7	0	0	0	0	0	3	4	0	0.3	0	0.3	0	0	0	0	0
Manny_Acosta	9	7	1	1	0	0	0	1	2	0.143	0.25	0.286	0.536	1	0	0	0	0
John_Axford	9	9	0	0	0	0	0	0	2	0	0	0	0	0	0	0	0	1
Jeff_Bennett	9	7	2	0	0	1	2	2	2	0.286	0.444	0.714	1.159	0	0	0	0	0
Chad_Bettis	9	8	1	1	0	0	0	1	0	0.125	0.222	0.25	0.472	0	0	0	0	1
Blaine_Boyer	9	6	2	0	0	0	2	3	0	0.333	0.556	0.333	0.889	0	0	0	0	1
Tim_Byrdak	9	7	3	2	0	0	1	2	0	0.429	0.556	0.714	1.27	0	0	1	0	0
Tyler_Chatwood	9	8	0	0	0	0	0	1	2	0	0.111	0	0.111	0	0	0	0	1
Jesse_Chavez	9	9	2	0	1	1	2	0	1	0.222	0.222	0.778	1	0	0	0	0	0
Bruce_Chen	9	8	1	0	1	0	1	1	3	0.125	0.222	0.375	0.597	0	0	0	0	0
Steve_Cishek	9	6	0	0	0	0	1	3	3	0	0.333	0	0.333	0	0	0	0	0
Gerrit_Cole	9	8	3	0	0	0	1	1	4	0.375	0.444	0.375	0.819	0	0	0	0	0
Patrick_Corbin	9	8	0	0	0	0	0	1	0	0	0.111	0	0.111	0	0	0	0	0
Jacob_deGrom	9	8	1	0	0	0	0	1	2	0.125	0.222	0.125	0.347	0	0	0	0	0
Anthony_DeSclafani	9	8	3	0	0	1	2	1	2	0.375	0.444	0.75	1.194	0	0	0	0	0
Jeurys_Familia	9	6	0	0	0	0	1	3	1	0	0.333	0	0.333	0	0	0	0	0
Mike_Fiers	9	9	2	1	0	0	0	0	2	0.222	0.222	0.333	0.556	0	0	0	0	0
John_Franco	9	8	3	0	1	0	1	1	0	0.375	0.444	0.625	1.069	0	0	0	0	0
Ryan_Franklin	9	9	1	0	0	0	0	0	2	0.111	0.111	0.111	0.222	0	0	0	0	0
Mike_Gonzalez	9	7	1	1	0	0	0	1	1	0.143	0.25	0.286	0.536	1	0	0	0	1
Luke_Gregerson	9	8	2	0	0	0	0	0	1	0.25	0.25	0.25	0.5	1	0	0	0	1
Brad_Hand	9	6	2	0	0	0	0	3	0	0.333	0.556	0.333	0.889	0	0	0	0	0
Kyle_Kendrick	9	6	2	0	0	1	1	3	1	0.333	0.556	0.833	1.389	0	0	0	0	0
Dallas_Keuchel	9	8	2	0	0	0	0	1	2	0.25	0.333	0.25	0.583	0	0	0	0	0
Wade_LeBlanc	9	8	2	0	0	0	0	1	2	0.25	0.333	0.25	0.583	0	0	0	0	1
Matt_Lindstrom	9	8	1	0	0	0	2	1	1	0.125	0.222	0.125	0.347	0	0	0	0	0
Wilton_Lopez	9	9	6	1	0	1	3	0	0	0.667	0.667	1.111	1.778	0	0	0	0	0
Shairon_Martis	9	8	3	0	0	0	2	0	1	0.375	0.333	0.375	0.708	0	1	0	0	0
Randy_Messenger	9	8	2	0	1	0	0	1	2	0.25	0.333	0.5	0.833	0	0	1	0	0
Pat_Misch	9	8	2	0	0	1	2	1	0	0.25	0.333	0.625	0.958	0	0	0	0	0
Franklin_Morales	9	8	2	0	1	1	3	1	2	0.25	0.333	0.875	1.208	0	0	0	0	0
Mike_O'Connor	9	9	2	1	0	0	0	0	1	0.222	0.222	0.333	0.556	0	0	0	0	0
Juan_Carlos_Oviedo	9	7	1	0	0	0	2	2	1	0.143	0.333	0.143	0.476	0	0	0	0	0
David_Price	9	9	2	0	0	1	1	0	1	0.222	0.222	0.556	0.778	0	0	0	0	0
Elizardo_Ramirez	9	8	1	0	0	1	3	1	0	0.125	0.222	0.5	0.722	0	0	0	0	0
A.J._Ramos	9	6	1	0	0	0	1	3	1	0.167	0.444	0.167	0.611	0	0	0	0	0
Felix_Rodriguez	9	7	1	0	1	0	1	1	2	0.143	0.222	0.429	0.651	0	1	0	0	0
Marc_Rzepczynski	9	9	5	0	0	0	0	0	1	0.556	0.556	0.556	1.111	0	0	0	0	0
Alex_Sanabia	9	9	2	1	0	0	0	0	0	0.222	0.222	0.333	0.556	0	0	0	0	1
Drew_Storen	9	9	3	1	0	0	1	0	0	0.333	0.333	0.444	0.778	0	0	0	0	0
Mike_Timlin	9	8	3	1	0	0	2	0	1	0.375	0.375	0.5	0.875	1	0	0	0	0
Ramon_Troncoso	9	8	0	0	0	0	0	0	2	0	0.111	0	0.111	0	0	0	1	0
Rick_van_den_Hurk	9	8	2	1	0	0	0	1	1	0.25	0.333	0.375	0.708	0	0	0	0	0
Ryan_Wagner	9	7	2	0	0	0	1	2	1	0.286	0.444	0.286	0.73	0	0	0	0	0
Jered_Weaver	9	8	3	0	0	0	1	1	1	0.375	0.444	0.375	0.819	0	0	0	0	0
Chase_Anderson	8	7	1	1	0	0	2	1	3	0.143	0.25	0.286	0.536	0	0	0	0	0
Luis_Avilan	8	8	1	0	0	0	0	0	0	0.125	0.125	0.125	0.25	0	0	0	0	0
Joe_Blanton	8	8	0	0	0	0	0	0	2	0	0	0	0	0	0	0	0	1
Mitchell_Boggs	8	6	1	0	0	0	0	2	0	0.167	0.375	0.167	0.542	0	0	0	0	0
Dave_Borkowski	8	8	2	0	0	1	2	0	0	0.25	0.25	0.625	0.875	0	0	0	0	0
Eddie_Butler	8	7	2	0	0	1	1	1	3	0.286	0.375	0.714	1.089	0	0	0	0	1
Jorge_Campillo	8	6	1	0	0	0	0	2	0	0.167	0.375	0.167	0.542	0	0	0	0	0
Brett_Cecil	8	8	4	0	0	0	3	0	1	0.5	0.5	0.5	1	0	0	0	0	0
Francisco_Cordero	8	6	0	0	0	0	0	2	2	0	0.25	0	0.25	0	0	0	0	0
Rubby_De_La_Rosa	8	7	1	0	0	1	3	1	0	0.143	0.25	0.571	0.821	0	0	0	0	0
Darren_Dreifort	8	8	3	1	0	0	0	0	2	0.375	0.375	0.5	0.875	0	0	0	0	0
Ryan_Drese	8	7	1	0	0	0	0	1	0	0.143	0.25	0.143	0.393	0	0	0	0	0
Scott_Eyre	8	6	1	0	0	0	1	2	2	0.167	0.375	0.167	0.542	0	0	0	0	0
Chad_Fox		8	6	1	1	0	0	0	1	1	0.167	0.286	0.333	0.619	1	0	0	0	0
Eric_Gagne	8	7	1	0	0	0	0	1	2	0.143	0.25	0.143	0.393	0	0	0	0	0
John_Grabow	8	7	2	0	0	1	1	1	0	0.286	0.375	0.714	1.089	0	0	0	0	0
Danny_Graves	8	7	3	1	0	0	0	0	0	0.429	0.5	0.571	1.071	0	0	0	1	0
Jason_Grilli	8	7	3	1	0	1	3	1	1	0.429	0.5	1	1.5	0	0	0	0	0
Mark_Guthrie	8	8	2	0	0	0	1	0	1	0.25	0.25	0.25	0.5	0	0	0	0	1
Chris_Hammond	8	7	1	0	0	0	0	1	0	0.143	0.25	0.143	0.393	0	0	1	0	0
Rick_Helling	8	8	2	1	0	0	1	0	3	0.25	0.25	0.375	0.625	0	0	0	0	0
Casey_Janssen	8	8	0	0	0	0	0	0	2	0	0	0	0	0	0	0	0	0
Taylor_Jordan	8	7	2	0	0	0	1	1	0	0.286	0.375	0.286	0.661	0	0	0	0	2
Hung-Chih_Kuo	8	8	2	0	0	0	1	0	2	0.25	0.25	0.25	0.5	0	0	0	0	0
Jon_Lieber	8	8	3	0	0	0	1	0	1	0.375	0.375	0.375	0.75	0	0	0	0	0
Kerry_Ligtenberg	8	8	2	2	0	0	0	0	1	0.25	0.25	0.5	0.75	0	0	0	0	0
Graeme_Lloyd	8	7	1	1	0	0	0	1	3	0.143	0.25	0.286	0.536	0	0	0	0	0
Javier_Lopez	8	5	0	0	0	0	0	3	1	0	0.375	0	0.375	0	0	0	0	0
Lance_Lynn	8	7	1	1	0	0	0	1	1	0.143	0.25	0.286	0.536	0	0	0	0	0
Carlos_Martinez	8	8	0	0	0	0	0	0	0	0	0	0	0	0	0	0	0	1
Cristhian_Martinez	8	8	2	2	0	0	0	0	1	0.25	0.25	0.5	0.75	0	0	0	0	0
Ryan_Mattheus	8	8	4	0	0	2	3	0	0	0.5	0.5	1.25	1.75	0	0	0	0	0
Collin_McHugh	8	8	2	0	0	0	2	0	3	0.25	0.25	0.25	0.5	0	0	0	0	0
Jenrry_Mejia	8	7	1	0	0	0	0	1	3	0.143	0.25	0.143	0.393	0	0	0	0	0
Jose_Mercedes	8	8	0	0	0	0	0	0	1	0	0	0	0	0	0	0	0	0
Kent_Mercker	8	8	1	1	0	0	0	0	0	0.125	0.125	0.25	0.375	0	0	0	0	0
Dan_Miceli	8	7	0	0	0	0	0	1	1	0	0.125	0	0.125	0	0	0	0	0
Jason_Motte	8	8	2	0	1	1	5	0	2	0.25	0.25	0.875	1.125	0	0	0	0	1
Denny_Neagle	8	7	2	1	0	0	1	1	2	0.286	0.375	0.429	0.804	0	0	0	0	0
Renyel_Pinto	8	8	1	0	0	0	0	0	1	0.125	0.125	0.125	0.25	0	0	0	0	1
Matt_Reynolds	8	8	5	1	0	0	1	0	0	0.625	0.625	0.75	1.375	0	0	0	0	0
Willis_Roberts	8	8	5	2	0	1	4	0	1	0.625	0.625	1.25	1.875	0	0	0	0	0
Hyun-jin_Ryu	8	8	1	0	0	0	0	0	1	0.125	0.125	0.125	0.25	0	0	0	0	0
Alfredo_Simon	8	7	0	0	0	0	0	1	1	0	0.125	0	0.125	0	0	0	0	1
Dale_Thayer	8	8	2	0	0	0	0	0	1	0.25	0.25	0.25	0.5	0	0	0	0	0
Ugueth_Urbina	8	8	1	0	0	0	0	0	2	0.125	0.125	0.125	0.25	0	0	0	0	0
Anthony_Varvaro	8	8	0	0	0	0	0	0	1	0	0	0	0	0	0	0	0	0
Ryan_Webb	8	7	1	0	0	0	0	1	0	0.143	0.25	0.143	0.393	0	0	0	0	0
Randy_Wells	8	8	2	1	0	1	5	0	1	0.25	0.25	0.75	1	0	0	0	0	0
Rick_White	8	8	1	0	1	0	0	0	0	0.125	0.125	0.375	0.5	0	0	0	0	0
Brad_Ziegler	8	8	3	0	0	0	1	0	0	0.375	0.375	0.375	0.75	0	0	0	0	1
Fernando_Abad	7	7	3	0	0	0	1	0	2	0.429	0.429	0.429	0.857	0	0	0	0	0
Andy_Benes	7	7	3	1	0	0	0	0	2	0.429	0.429	0.571	1	0	0	0	0	0
Jason_Bere	7	5	1	0	0	0	0	2	1	0.2	0.429	0.2	0.629	0	0	0	0	0
Brian_Bohanon	7	5	4	1	0	1	1	2	0	0.8	0.857	1.6	2.457	0	0	1	0	0
Doug_Brocail	7	5	3	1	0	0	1	2	0	0.6	0.714	0.8	1.514	0	0	1	0	0
Matt_Capps	7	6	0	0	0	0	0	1	0	0	0.143	0	0.143	0	0	0	0	0
Giovanni_Carrara	7	6	1	0	0	0	1	0	4	0.167	0.286	0.167	0.452	0	0	0	1	0
Jaime_Cerda	7	5	0	0	0	0	0	2	1	0	0.286	0	0.286	0	0	0	0	0
Brandon_Claussen	7	7	1	0	0	0	0	0	2	0.143	0.143	0.143	0.286	0	0	0	0	0
Omar_Daal	7	7	2	1	0	0	0	0	0	0.286	0.286	0.429	0.714	0	0	0	0	3
Octavio_Dotel	7	7	0	0	0	0	0	0	3	0	0	0	0	0	0	0	0	1
Josh_Edgin	7	7	2	0	0	0	1	0	2	0.286	0.286	0.286	0.571	0	0	0	0	0
Alan_Embree	7	7	1	1	0	0	0	0	1	0.143	0.143	0.286	0.429	0	0	0	0	0
Nelson_Figueroa	7	6	2	0	0	0	2	0	0	0.333	0.286	0.333	0.619	0	1	0	0	0
Randy_Flores	7	5	3	0	0	0	1	1	1	0.6	0.571	0.6	1.171	0	1	0	0	0
Chad_Gaudin	7	7	1	0	0	0	1	0	0	0.143	0.143	0.143	0.286	0	0	0	0	0
Jeremy_Guthrie	7	7	1	0	0	0	0	0	1	0.143	0.143	0.143	0.286	0	0	0	0	1
Lucas_Harrell	7	5	0	0	0	0	0	2	1	0	0.286	0	0.286	0	0	1	0	0
Trey_Hodges	7	4	1	1	0	0	0	3	1	0.25	0.571	0.5	1.071	0	0	1	0	0
Trevor_Hoffman	7	6	3	2	0	0	0	1	1	0.5	0.571	0.833	1.405	0	0	0	0	0
Kevin_Jarvis	7	6	1	0	0	1	1	1	2	0.167	0.286	0.667	0.952	0	0	0	0	0
Corey_Kluber	7	7	3	1	0	0	3	0	1	0.429	0.429	0.571	1	0	0	0	0	0
Gary_Knotts	7	6	1	0	0	0	1	1	0	0.167	0.286	0.167	0.452	0	0	0	0	0
Danny_Kolb	7	7	1	0	0	0	0	0	1	0.143	0.143	0.143	0.286	0	0	0	0	0
Brad_Lidge	7	7	2	1	0	0	1	0	1	0.286	0.286	0.429	0.714	0	0	0	0	0
Jesse_Litsch	7	4	2	1	0	0	0	3	0	0.5	0.714	0.75	1.464	0	0	0	0	0
Cory_Luebke	7	7	0	0	0	0	0	0	0	0	0	0	0	0	0	0	0	0
Carlos_Marmol	7	5	0	0	0	0	0	2	1	0	0.286	0	0.286	0	0	0	0	0
Damaso_Marte	7	7	2	0	0	0	0	0	1	0.286	0.286	0.286	0.571	0	0	0	0	1
Brandon_McCarthy	7	6	0	0	0	0	0	1	2	0	0.143	0	0.143	0	0	0	0	0
Dave_Mlicki	7	6	2	1	0	1	1	1	1	0.333	0.429	1	1.429	0	0	1	0	0
Edward_Mujica	7	7	2	0	0	1	1	0	3	0.286	0.286	0.714	1	0	0	0	0	0
Mike_Mussina	7	7	1	0	0	0	0	0	2	0.143	0.143	0.143	0.286	0	0	0	0	0
Joe_Nelson	7	7	2	0	0	0	0	0	1	0.286	0.286	0.286	0.571	0	0	0	0	1
Logan_Ondrusek	7	7	1	0	0	0	1	0	2	0.143	0.143	0.143	0.286	0	0	0	0	0
Chad_Paronto	7	4	0	0	0	0	1	3	0	0	0.429	0	0.429	0	0	2	0	0
Britt_Reames	7	6	0	0	0	0	0	1	0	0	0.143	0	0.143	0	0	0	0	0
Chris_Resop	7	4	0	0	0	0	0	3	1	0	0.429	0	0.429	0	0	0	0	0
Henry_Rodriguez	7	4	1	0	0	0	0	3	1	0.25	0.571	0.25	0.821	0	0	0	0	0
Sergio_Romo	7	6	2	1	0	0	0	1	2	0.333	0.429	0.5	0.929	0	0	0	0	0
B.J._Ryan		7	6	2	2	0	0	0	1	0	0.333	0.429	0.667	1.095	0	0	0	0	0
Kirk_Saarloos	7	6	3	0	0	1	1	0	0	0.5	0.571	1	1.571	0	0	0	1	0
Hector_Santiago	7	5	1	0	0	0	0	2	3	0.2	0.429	0.2	0.629	0	0	0	0	0
Travis_Smith	7	6	2	1	0	0	0	1	0	0.333	0.429	0.5	0.929	0	0	0	0	0
Rafael_Soriano	7	7	1	0	0	0	1	0	1	0.143	0.143	0.143	0.286	0	0	0	0	0
Scott_Strickland	7	7	2	0	1	0	1	0	0	0.286	0.286	0.571	0.857	0	0	0	0	0
Taylor_Tankersley	7	6	3	0	0	1	1	1	1	0.5	0.571	1	1.571	0	0	0	0	0
Brian_Tollberg	7	7	2	2	0	0	0	0	0	0.286	0.286	0.571	0.857	0	0	0	0	0
Tim_Wakefield	7	7	1	0	0	0	0	0	2	0.143	0.143	0.143	0.286	0	0	0	0	0
Jeff_Weaver	7	6	4	0	0	2	2	0	0	0.667	0.714	1.667	2.381	0	0	0	1	0
Brian_Wilson	7	6	2	0	1	0	0	1	1	0.333	0.429	0.667	1.095	0	0	0	0	1
C.J._Wilson	7	6	0	0	0	0	0	1	3	0	0.143	0	0.143	0	0	0	0	0
Wesley_Wright	7	6	1	1	0	0	1	1	1	0.167	0.286	0.333	0.619	0	0	0	0	0
Armando_Almanza	6	6	2	0	0	0	2	0	0	0.333	0.333	0.333	0.667	0	0	0	0	0
Wilson_Alvarez	6	6	3	1	0	0	0	0	1	0.5	0.5	0.667	1.167	0	0	0	0	1
Jimmy_Anderson	6	6	4	0	1	1	1	0	0	0.667	0.667	1.5	2.167	0	0	0	0	0
Brandon_Backe	6	6	4	1	0	0	0	0	0	0.667	0.667	0.833	1.5	0	0	0	0	0
Joaquin_Benoit	6	6	1	0	0	0	0	0	2	0.167	0.167	0.167	0.333	0	0	0	0	0
Rafael_Betancourt	6	5	2	1	0	0	0	1	1	0.4	0.5	0.6	1.1	0	0	1	0	0
Rocky_Biddle	6	5	0	0	0	0	0	1	2	0	0.167	0	0.167	0	0	0	0	0
Jeremy_Bonderman	6	6	2	0	0	2	2	0	1	0.333	0.333	1.333	1.667	0	0	0	0	0
Ricky_Bottalico	6	5	1	0	0	0	0	1	0	0.2	0.333	0.2	0.533	0	0	0	0	0
Rex_Brothers	6	6	2	0	1	0	0	0	1	0.333	0.333	0.667	1	0	0	0	0	1
Kevin_Brown	6	6	2	1	0	0	0	0	0	0.333	0.333	0.5	0.833	0	0	0	0	0
Taylor_Buchholz	6	6	0	0	0	0	0	0	2	0	0	0	0	0	0	0	0	0
David_Carpenter	6	5	1	0	0	0	0	1	1	0.2	0.333	0.2	0.533	0	0	0	0	1
D.J._Carrasco	6	6	4	0	0	0	0	0	0	0.667	0.667	0.667	1.333	0	0	0	0	0
Hector_Carrasco	6	5	2	1	0	0	1	1	0	0.4	0.5	0.6	1.1	0	0	1	0	0
Tony_Cingrani	6	4	2	0	0	2	3	1	0	0.5	0.6	2	2.6	1	0	0	0	0
Juan_Cruz	6	5	3	1	0	0	3	1	0	0.6	0.667	0.8	1.467	0	0	0	0	0
John_Danks	6	6	1	0	0	0	0	0	1	0.167	0.167	0.167	0.333	0	0	0	0	0
Travis_Driskill	6	6	3	0	0	1	1	0	0	0.5	0.5	1	1.5	0	0	0	0	0
Scott_Elarton	6	5	4	1	0	0	1	1	0	0.8	0.833	1	1.833	0	0	0	0	0
Dana_Eveland	6	6	3	1	0	0	1	0	0	0.5	0.5	0.667	1.167	0	0	0	0	0
Stephen_Fife	6	6	2	1	0	0	0	0	1	0.333	0.333	0.5	0.833	0	0	0	0	0
Jeff_Fulchino	6	5	0	0	0	0	0	1	2	0	0.167	0	0.167	0	0	0	0	0
Justin_Germano	6	6	1	0	0	0	0	0	0	0.167	0.167	0.167	0.333	0	0	0	0	0
Matt_Ginter	6	6	1	0	0	0	0	0	0	0.167	0.167	0.167	0.333	0	0	0	0	0
Sonny_Gray	6	5	0	0	0	0	1	0	0	0	0	0	0	0	1	0	0	0
Buddy_Groom	6	5	0	0	0	0	0	1	1	0	0.167	0	0.167	0	0	0	0	1
Brad_Halsey	6	6	1	0	0	0	0	0	0	0.167	0.167	0.167	0.333	0	0	0	0	0
J.A._Happ		6	6	1	0	0	0	0	0	1	0.167	0.167	0.167	0.333	0	0	0	0	0
Blake_Hawksworth	6	6	2	0	0	0	1	0	0	0.333	0.333	0.333	0.667	0	0	0	0	0
Andrew_Heaney	6	4	1	0	0	0	0	1	0	0.25	0.5	0.25	0.75	0	0	0	1	0
Dustin_Hermanson	6	6	1	0	0	0	0	0	0	0.167	0.167	0.167	0.333	0	0	0	0	1
Jason_Isringhausen	6	4	2	1	0	0	1	2	0	0.5	0.667	0.75	1.417	0	0	0	0	0
Hisashi_Iwakuma	6	6	2	1	0	0	0	0	1	0.333	0.333	0.5	0.833	0	0	0	0	0
Kenshin_Kawakami	6	6	0	0	0	0	0	0	0	0	0	0	0	0	0	0	0	0
Randy_Keisler	6	5	2	0	1	1	1	1	0	0.4	0.5	1.4	1.9	0	0	0	0	0
Steve_Kline	6	5	2	0	0	1	2	1	0	0.4	0.5	1	1.5	0	0	0	0	0
George_Kontos	6	6	0	0	0	0	0	0	1	0	0	0	0	0	0	0	0	1
John_Lamb	6	5	3	2	0	0	0	1	0	0.6	0.667	1	1.667	0	0	0	0	0
Boone_Logan	6	6	3	1	0	0	1	0	1	0.5	0.5	0.667	1.167	0	0	0	0	0
Justin_Masterson	6	6	1	0	0	0	0	0	1	0.167	0.167	0.167	0.333	0	0	0	0	0
Seth_McClung	6	5	2	0	0	0	0	1	0	0.4	0.5	0.4	0.9	0	0	0	0	0
Wade_Miley	6	6	0	0	0	0	0	0	1	0	0	0	0	0	0	0	0	0
Juan_Nicasio	6	4	1	0	0	1	1	2	0	0.25	0.5	1	1.5	0	0	0	0	0
Omar_Olivares	6	6	4	0	1	0	2	0	0	0.667	0.667	1	1.667	0	0	0	0	0
Josh_Outman	6	5	5	2	0	0	0	1	0	1	1	1.4	2.4	0	0	0	0	0
Felipe_Paulino	6	5	1	0	0	0	0	1	1	0.2	0.333	0.2	0.533	0	0	0	0	0
Brad_Peacock	6	5	2	1	0	0	0	1	0	0.4	0.5	0.6	1.1	0	0	0	0	0
Ruben_Quevedo	6	6	2	2	0	0	0	0	2	0.333	0.333	0.667	1	0	0	0	0	0
Scott_Rice	6	3	1	0	0	0	0	3	0	0.333	0.667	0.333	1	0	0	0	0	0
John_Riedling	6	6	2	0	1	0	1	0	3	0.333	0.333	0.667	1	0	0	0	0	0
Royce_Ring	6	6	3	0	1	0	1	0	0	0.5	0.5	0.833	1.333	0	0	0	0	0
Trevor_Rosenthal	6	6	1	0	0	0	0	0	1	0.167	0.167	0.167	0.333	0	0	0	0	0
Chris_Rusin	6	5	2	1	0	0	0	1	1	0.4	0.5	0.6	1.1	0	0	0	0	0
Takashi_Saito	6	5	0	0	0	0	1	0	0	0	0.167	0	0.167	0	0	0	1	1
Fernando_Salas	6	5	0	0	0	0	0	1	2	0	0.167	0	0.167	0	0	1	0	0
Brian_Sanches	6	4	1	0	0	0	0	2	1	0.25	0.5	0.25	0.75	0	0	1	0	0
Scott_Sauerbeck	6	6	2	0	0	0	0	0	1	0.333	0.333	0.333	0.667	0	0	0	0	0
Chris_Schroder	6	5	1	0	0	0	0	1	2	0.2	0.333	0.2	0.533	0	0	0	0	0
Jason_Simontacchi	6	6	1	0	0	0	0	0	1	0.167	0.167	0.167	0.333	0	0	0	0	0
Steve_Sparks	6	6	2	0	0	0	1	0	1	0.333	0.333	0.333	0.667	0	0	0	0	0
Scott_Stewart	6	6	0	0	0	0	0	0	0	0	0	0	0	0	0	0	0	0
Brian_Stokes	6	5	1	0	0	0	0	1	1	0.2	0.333	0.2	0.533	0	0	0	0	0
Scott_Sullivan	6	5	3	0	0	0	0	1	0	0.6	0.667	0.6	1.267	0	0	0	0	0
Mike_Thurman	6	6	1	1	0	0	0	0	1	0.167	0.167	0.333	0.5	0	0	0	0	0
Ismael_Valdez	6	6	2	2	0	0	0	0	1	0.333	0.333	0.667	1	0	0	0	0	0
Jason_Vargas	6	6	2	2	0	0	1	0	0	0.333	0.333	0.667	1	0	0	0	0	0
Tyler_Walker	6	6	1	0	0	1	2	0	2	0.167	0.167	0.667	0.833	0	0	0	0	0
Tony_Watson	6	6	1	0	0	0	0	0	0	0.167	0.167	0.167	0.333	0	0	0	0	0
David_Wells	6	6	3	0	0	0	0	0	0	0.5	0.5	0.5	1	0	0	0	0	0
Sean_West	6	6	2	1	0	0	1	0	0	0.333	0.333	0.5	0.833	0	0	0	0	0
Bob_Wickman	6	6	1	0	0	0	1	0	1	0.167	0.167	0.167	0.333	0	0	0	0	0
Michael_Wuertz	6	5	0	0	0	0	0	1	1	0	0.167	0	0.167	0	0	0	0	0
David_Aardsma	5	5	1	0	0	1	1	0	1	0.2	0.2	0.8	1	0	0	0	0	0
Alfredo_Aceves	5	4	4	1	0	0	1	1	0	1	1	1.25	2.25	0	0	0	0	0
Danys_Baez	5	5	3	1	0	0	0	0	1	0.6	0.6	0.8	1.4	0	0	0	0	0
Anthony_Bass	5	4	1	1	0	0	1	1	1	0.25	0.4	0.5	0.9	0	0	0	0	0
Pedro_Beato	5	4	1	0	0	0	0	1	0	0.25	0.4	0.25	0.65	0	0	0	0	0
Jerry_Blevins	5	3	1	0	0	0	1	2	1	0.333	0.6	0.333	0.933	0	0	2	0	0
Joe_Borowski	5	5	0	0	0	0	0	0	2	0	0	0	0	0	0	0	0	0
Bill_Bray		5	5	2	1	0	1	2	0	0	0.4	0.4	1.2	1.6	0	0	0	0	0
Brian_Bruney	5	5	3	2	0	0	1	0	1	0.6	0.6	1	1.6	0	0	0	0	0
Sean_Burnett	5	5	0	0	0	0	0	0	1	0	0	0	0	0	0	0	0	0
Aroldis_Chapman	5	5	0	0	0	0	0	0	2	0	0	0	0	0	0	0	0	0
Randy_Choate	5	4	2	0	0	0	0	1	0	0.5	0.6	0.5	1.1	0	0	0	0	0
Jason_Christiansen	5	5	1	0	0	0	0	0	0	0.2	0.2	0.2	0.4	0	0	0	0	0
Valerio_De_Los_Santos	5	5	3	0	0	0	1	0	0	0.6	0.6	0.6	1.2	0	0	0	0	0
Robbie_Erlin	5	5	0	0	0	0	0	0	0	0	0	0	0	0	0	0	0	0
Brian_Falkenborg	5	5	1	0	0	0	0	0	1	0.2	0.2	0.2	0.4	0	0	0	0	0
Jesse_Foppert	5	4	0	0	0	0	0	1	1	0	0.2	0	0.2	0	0	0	0	0
Lee_Gardner	5	5	2	0	0	0	0	0	0	0.4	0.4	0.4	0.8	0	0	0	0	1
Eddie_Guardado	5	4	1	0	0	1	1	0	0	0.25	0.4	1	1.4	0	0	0	1	0
J.C._Gutierrez	5	4	1	0	0	1	3	1	1	0.25	0.4	1	1.4	0	0	0	0	0
Felix_Heredia	5	4	1	0	0	0	2	1	0	0.25	0.4	0.25	0.65	0	0	0	0	0
David_Holmberg	5	5	1	0	0	0	1	0	0	0.2	0.2	0.2	0.4	0	0	0	0	0
Joe_Horgan	5	4	1	1	0	0	0	1	0	0.25	0.4	0.5	0.9	0	0	0	0	0
Bob_Howry	5	5	4	2	0	0	1	0	0	0.8	0.8	1.2	2	0	0	0	0	0
Daniel_Hudson	5	5	2	0	0	0	0	0	1	0.4	0.4	0.4	0.8	0	0	0	0	0
Jared_Hughes	5	5	2	0	1	0	2	0	1	0.4	0.4	0.8	1.2	0	0	0	0	1
Phil_Hughes	5	4	2	0	0	0	0	1	0	0.5	0.6	0.5	1.1	0	0	0	0	0
Michael_Jackson	5	4	3	0	0	0	2	0	0	0.75	0.75	0.75	1.5	1	0	0	0	0
Dan_Jennings	5	4	2	0	0	1	1	1	0	0.5	0.6	1.25	1.85	0	0	0	0	0
Brandon_Kintzler	5	4	0	0	0	0	0	1	2	0	0.2	0	0.2	0	0	0	0	0
Ian_Krol		5	5	1	1	0	0	0	0	1	0.2	0.2	0.4	0.6	0	0	0	0	0
Sam_LeCure	5	3	1	1	0	0	1	1	1	0.333	0.4	0.667	1.067	0	1	0	0	0
Allen_Levrault	5	4	1	0	0	0	0	1	0	0.25	0.4	0.25	0.65	0	0	0	0	1
Jeff_Manship	5	5	0	0	0	0	0	0	2	0	0	0	0	0	0	0	0	0
Josias_Manzanillo	5	5	1	0	0	0	0	0	1	0.2	0.2	0.2	0.4	0	0	0	0	0
Mike_Matthews	5	3	0	0	0	0	0	1	1	0	0.25	0	0.25	1	0	0	0	0
Macay_McBride	5	4	2	0	0	0	1	1	0	0.5	0.6	0.5	1.1	0	0	0	0	0
Brian_Meadows	5	5	1	1	0	0	1	0	1	0.2	0.2	0.4	0.6	0	0	0	0	0
Jim_Mecir	5	4	3	0	0	0	1	1	0	0.75	0.8	0.75	1.55	0	0	0	0	0
Brandon_Medders	5	4	2	0	0	0	0	1	1	0.5	0.6	0.5	1.1	0	0	0	0	0
Cla_Meredith	5	5	1	0	0	0	1	0	0	0.2	0.2	0.2	0.4	0	0	0	0	0
Justin_Miller	5	5	0	0	0	0	0	0	2	0	0	0	0	0	0	0	0	0
Bryan_Morris	5	5	1	0	0	0	0	0	0	0.2	0.2	0.2	0.4	0	0	0	0	0
Guillermo_Moscoso	5	5	1	0	0	0	0	0	0	0.2	0.2	0.2	0.4	0	0	0	0	0
Blaine_Neal	5	5	2	0	0	0	0	0	0	0.4	0.4	0.4	0.8	0	0	0	0	0
Fernando_Nieve	5	3	2	1	0	0	2	2	0	0.667	0.8	1	1.8	0	0	0	0	0
John_Parrish	5	4	1	0	0	0	1	1	1	0.25	0.4	0.25	0.65	0	0	0	0	0
Drew_Pomeranz	5	5	1	0	0	0	0	0	0	0.2	0.2	0.2	0.4	0	0	0	0	0
Steve_Reed	5	3	0	0	0	0	0	2	0	0	0.4	0	0.4	0	0	1	0	0
Alberto_Reyes	5	4	0	0	0	0	0	1	2	0	0.2	0	0.2	0	0	0	0	0
Jose_Rijo		5	4	2	1	0	0	0	1	1	0.5	0.6	0.75	1.35	0	0	0	0	0
Mariano_Rivera	5	4	0	0	0	0	0	1	0	0	0.2	0	0.2	0	0	0	0	0
Max_Scherzer	5	5	0	0	0	0	0	0	1	0	0	0	0	0	0	0	0	0
Bryan_Shaw	5	4	2	1	0	0	0	1	1	0.5	0.6	0.75	1.35	0	0	0	0	0
George_Sherrill	5	2	1	0	0	0	0	3	0	0.5	0.8	0.5	1.3	0	0	0	0	0
Matt_Shoemaker	5	5	0	0	0	0	0	0	2	0	0	0	0	0	0	0	0	0
Tim_Spooneybarger	5	3	0	0	0	0	0	2	0	0	0.4	0	0.4	0	0	0	0	0
Derrick_Turnbow	5	4	1	0	0	0	0	1	0	0.25	0.4	0.25	0.65	0	0	0	0	0
Jose_Veras	5	5	0	0	0	0	1	0	2	0	0	0	0	0	0	0	0	0
Nick_Vincent	5	3	0	0	0	0	0	2	1	0	0.4	0	0.4	0	0	1	0	0
Michael_Wacha	5	5	1	0	0	0	0	0	1	0.2	0.2	0.2	0.4	0	0	0	0	0
Cory_Wade	5	5	0	0	0	0	0	0	1	0	0	0	0	0	0	0	0	0
Tim_Worrell	5	4	0	0	0	0	0	1	1	0	0.2	0	0.2	0	0	0	0	0
Jeremy_Accardo	4	4	0	0	0	0	0	0	2	0	0	0	0	0	0	0	0	0
Mike_Adams	4	4	2	1	0	0	1	0	0	0.5	0.5	0.75	1.25	0	0	0	0	0
Terry_Adams	4	4	0	0	0	0	0	0	2	0	0	0	0	0	0	0	0	0
Daniel_Bard	4	2	0	0	0	0	0	2	1	0	0.5	0	0.5	0	0	0	0	0
Trevor_Bauer	4	3	0	0	0	0	0	1	1	0	0.25	0	0.25	0	0	0	0	0
Christian_Bergman	4	3	1	0	0	0	0	1	1	0.333	0.5	0.333	0.833	0	0	0	0	0
Adam_Bernero	4	4	0	0	0	0	0	0	2	0	0	0	0	0	0	0	0	0
Vic_Black		4	3	2	0	0	0	0	1	0	0.667	0.75	0.667	1.417	0	0	0	0	0
Brian_Boehringer	4	4	3	2	0	0	1	0	0	0.75	0.75	1.25	2	0	0	0	0	0
Jung_Bong	4	3	0	0	0	0	0	1	0	0	0.25	0	0.25	0	0	0	0	0
Greg_Burke	4	3	1	0	0	0	0	1	2	0.333	0.5	0.333	0.833	0	0	0	0	0
Jared_Burton	4	4	1	0	0	0	2	0	0	0.25	0.25	0.25	0.5	0	0	0	0	0
Paul_Byrd	4	4	1	0	0	0	0	0	0	0.25	0.25	0.25	0.5	0	0	0	0	0
Jose_Cabrera	4	4	0	0	0	0	0	0	1	0	0	0	0	0	0	0	0	0
Kiko_Calero	4	3	0	0	0	0	1	0	1	0	0	0	0	0	1	0	0	0
Andy_Cavazos	4	4	3	1	0	1	4	0	0	0.75	0.75	1.75	2.5	0	0	0	0	0
Andrew_Chafin	4	3	1	0	0	0	2	0	1	0.333	0.333	0.333	0.667	1	0	0	0	0
David_Cone	4	4	1	1	0	0	0	0	0	0.25	0.25	0.5	0.75	0	0	0	0	0
Jose_Contreras	4	4	1	1	0	0	0	0	0	0.25	0.25	0.5	0.75	0	0	0	0	0
Dennis_Cook	4	4	1	0	0	0	1	0	2	0.25	0.25	0.25	0.5	0	0	0	0	0
David_Cortes	4	4	2	0	0	0	0	0	1	0.5	0.5	0.5	1	0	0	0	0	0
Neal_Cotts	4	4	1	0	0	1	2	0	1	0.25	0.25	1	1.25	0	0	0	0	0
Wade_Davis	4	4	1	0	0	0	0	0	0	0.25	0.25	0.25	0.5	0	0	0	0	0
Odrisamer_Despaigne	4	4	0	0	0	0	0	0	2	0	0	0	0	0	0	0	0	0
Lenny_DiNardo	4	3	1	0	0	0	1	1	0	0.333	0.5	0.333	0.833	0	0	0	0	0
Scott_Dohmann	4	4	2	1	0	0	0	0	0	0.5	0.5	0.75	1.25	0	0	0	0	0
Tyler_Duffey	4	4	1	0	0	0	0	0	3	0.25	0.25	0.25	0.5	0	0	0	0	0
Sam_Dyson	4	3	1	1	0	0	0	1	1	0.333	0.5	0.667	1.167	0	0	0	0	0
Alfredo_Figaro	4	4	1	0	0	0	1	0	1	0.25	0.25	0.25	0.5	0	0	0	0	0
Chuck_Finley	4	4	2	1	0	0	0	0	1	0.5	0.5	0.75	1.25	0	0	0	0	0
Carlos_Fisher	4	4	2	0	0	0	0	0	1	0.5	0.5	0.5	1	0	0	0	0	0
Wayne_Franklin	4	4	0	0	0	0	0	0	2	0	0	0	0	0	0	0	0	0
Jason_Frasor	4	3	0	0	0	0	0	1	1	0	0.25	0	0.25	0	0	0	0	0
Chris_George	4	4	3	0	0	0	2	0	0	0.75	0.75	0.75	1.5	0	0	0	0	0
Edgar_Gonzalez	4	4	2	1	0	1	2	0	0	0.5	0.5	1.5	2	0	0	0	0	0
Sean_Green	4	3	0	0	0	0	1	1	0	0	0.25	0	0.25	0	0	0	0	0
Luther_Hackman	4	3	0	0	0	0	0	1	1	0	0.25	0	0.25	0	0	0	0	0
John_Halama	4	4	0	0	0	0	0	0	0	0	0	0	0	0	0	0	0	0
Tim_Hamulack	4	1	0	0	0	0	0	3	0	0	0.75	0	0.75	0	0	2	0	0
Josh_Hancock	4	4	1	0	0	1	3	0	0	0.25	0.25	1	1.25	0	0	0	0	0
Matt_Harrison	4	4	0	0	0	0	0	0	0	0	0	0	0	0	0	0	0	0
Chris_Hatcher	4	4	2	0	0	1	2	0	0	0.5	0.5	1.25	1.75	0	0	0	0	0
Felix_Hernandez	4	3	2	0	0	0	0	1	0	0.667	0.75	0.667	1.417	0	0	0	0	0
Danny_Herrera	4	4	2	0	0	0	1	0	0	0.5	0.5	0.5	1	0	0	0	0	0
Mike_Hinckley	4	4	0	0	0	0	0	0	1	0	0	0	0	0	0	0	0	0
J.J._Hoover	4	3	2	1	0	1	2	1	0	0.667	0.75	2	2.75	0	0	0	0	0
Travis_Hughes	4	3	1	0	0	0	0	1	0	0.333	0.5	0.333	0.833	0	0	1	0	0
Tommy_Hunter	4	4	1	0	0	1	1	0	0	0.25	0.25	1	1.25	0	0	0	0	0
Kenley_Jansen	4	3	1	0	0	0	0	1	0	0.333	0.5	0.333	0.833	0	0	0	0	0
Steve_Karsay	4	2	0	0	0	0	0	0	0	0	0	0	0	2	0	0	0	0
Shawn_Kelley	4	4	2	0	1	1	3	0	0	0.5	0.5	1.75	2.25	0	0	0	0	0
Darryl_Kile	4	4	3	1	0	0	1	0	0	0.75	0.75	1	1.75	0	0	0	0	0
Brandon_League	4	3	1	1	0	0	0	1	0	0.333	0.5	0.667	1.167	0	0	1	0	0
Mike_Lincoln	4	3	0	0	0	0	0	0	2	0	0	0	0	1	0	0	0	0
Albie_Lopez	4	3	1	1	0	0	2	1	1	0.333	0.5	0.667	1.167	0	0	0	0	0
Mike_MacDougal	4	4	1	0	0	0	0	0	0	0.25	0.25	0.25	0.5	0	0	0	0	0
Jean_Machi	4	3	0	0	0	0	1	0	0	0	0	0	0	0	1	0	0	0
Matt_Maloney	4	4	2	0	0	0	1	0	0	0.5	0.5	0.5	1	0	0	0	0	0
Matt_Mantei	4	3	0	0	0	0	0	0	1	0	0.25	0	0.25	0	0	0	1	0
Daniel_McCutchen	4	4	0	0	0	0	0	0	0	0	0	0	0	0	0	0	0	0
Mark_Melancon	4	4	0	0	0	0	0	0	1	0	0	0	0	0	0	0	0	0
Luis_Mendoza	4	3	0	0	0	0	0	1	1	0	0.25	0	0.25	0	0	0	0	0
Damian_Moss	4	4	2	0	0	0	0	0	0	0.5	0.5	0.5	1	0	0	0	0	0
Peter_Munro	4	3	2	0	1	0	0	1	0	0.667	0.75	1.333	2.083	0	0	0	0	0
Joey_Nation	4	4	0	0	0	0	0	0	0	0	0	0	0	0	0	0	0	0
Dustin_Nippert	4	4	2	0	0	1	3	0	0	0.5	0.5	1.25	1.75	0	0	0	0	0
Kevin_Olsen	4	4	1	0	0	0	1	0	1	0.25	0.25	0.25	0.5	0	0	0	0	0
Jonathan_Papelbon	4	4	1	1	0	0	0	0	0	0.25	0.25	0.5	0.75	0	0	0	0	0
James_Paxton	4	4	2	1	0	0	0	0	2	0.5	0.5	0.75	1.25	0	0	0	0	0
Tony_Pena	4	3	0	0	0	0	0	1	0	0	0.25	0	0.25	0	0	0	0	0
Brandon_Puffer	4	2	2	1	0	0	0	2	0	1	1	1.5	2.5	0	0	0	0	0
David_Purcey	4	3	1	0	0	0	0	1	0	0.333	0.5	0.333	0.833	0	0	1	0	0
J.J._Putz		4	4	1	1	0	0	0	0	1	0.25	0.25	0.5	0.75	0	0	0	0	0
Brad_Radke	4	4	1	0	0	0	0	0	0	0.25	0.25	0.25	0.5	0	0	0	0	0
Anthony_Ranaudo	4	3	1	0	0	0	0	1	1	0.333	0.5	0.333	0.833	0	0	0	0	0
Robbie_Ray	4	4	1	0	0	0	0	0	0	0.25	0.25	0.25	0.5	0	0	0	0	0
Bryan_Rekar	4	4	1	0	1	0	0	0	1	0.25	0.25	0.75	1	0	0	0	0	0
Anthony_Reyes	4	4	2	0	0	0	0	0	0	0.5	0.5	0.5	1	0	0	0	0	0
Greg_Reynolds	4	3	0	0	0	0	0	1	0	0	0.25	0	0.25	0	0	0	0	0
Scott_Richmond	4	4	0	0	0	0	0	0	1	0	0	0	0	0	0	0	0	0
Jerrod_Riggan	4	4	1	0	0	0	0	0	0	0.25	0.25	0.25	0.5	0	0	0	0	0
Todd_Ritchie	4	4	2	0	0	0	1	0	0	0.5	0.5	0.5	1	0	0	0	0	0
Jeriome_Robertson	4	4	2	0	0	0	0	0	0	0.5	0.5	0.5	1	0	0	0	0	0
Fernando_Rodney	4	4	4	0	1	0	2	0	0	1	1	1.5	2.5	0	0	0	0	0
Ryan_Rupe	4	4	2	0	0	1	2	0	1	0.5	0.5	1.25	1.75	0	0	0	0	0
Tanner_Scheppers	4	4	1	0	0	1	4	0	1	0.25	0.25	1	1.25	0	0	0	0	0
Scott_Schoeneweis	4	4	2	0	0	0	0	0	0	0.5	0.5	0.5	1	0	0	0	0	0
Doug_Slaten	4	4	0	0	0	0	0	0	2	0	0	0	0	0	0	0	0	0
Kevin_Slowey	4	4	2	0	0	0	0	0	0	0.5	0.5	0.5	1	0	0	0	0	0
Alay_Soler	4	3	1	0	0	0	0	1	1	0.333	0.5	0.333	0.833	0	0	0	0	0
Jason_Stanford	4	4	2	0	0	0	0	0	1	0.5	0.5	0.5	1	0	0	0	0	0
Ricky_Stone	4	4	2	1	0	0	4	0	1	0.5	0.5	0.75	1.25	0	0	0	0	0
Marcus_Stroman	4	4	1	0	0	0	0	0	0	0.25	0.25	0.25	0.5	0	0	0	0	0
Brian_Tallet	4	2	0	0	0	0	0	2	0	0	0.5	0	0.5	0	0	0	0	0
Jack_Taschner	4	3	1	0	0	0	0	1	0	0.333	0.5	0.333	0.833	0	0	0	0	0
Mike_Thompson	4	3	1	0	0	0	0	1	0	0.333	0.5	0.333	0.833	0	0	0	0	0
Matt_Thornton	4	2	0	0	0	0	0	2	0	0	0.5	0	0.5	0	0	0	0	0
Billy_Traber	4	3	0	0	0	0	0	1	1	0	0.25	0	0.25	0	0	0	0	0
Justin_Verlander	4	4	0	0	0	0	0	0	1	0	0	0	0	0	0	0	0	0
Pedro_Villarreal	4	4	1	0	0	0	0	0	1	0.25	0.25	0.25	0.5	0	0	0	0	0
Doug_Waechter	4	4	2	1	0	0	0	0	0	0.5	0.5	0.75	1.25	0	0	0	0	0
Jordan_Walden	4	3	1	0	0	0	0	1	1	0.333	0.5	0.333	0.833	0	0	0	0	0
P.J._Walters	4	4	2	0	0	0	0	0	0	0.5	0.5	0.5	1	0	0	0	0	0
Jarrod_Washburn	4	4	1	0	0	1	1	0	0	0.25	0.25	1	1.25	0	0	0	0	0
Gabe_White	4	4	0	0	0	0	0	0	0	0	0	0	0	0	0	0	0	1
Jay_Witasick	4	4	1	0	0	0	1	0	1	0.25	0.25	0.25	0.5	0	0	0	0	0
Shane_Youman	4	4	3	1	0	0	2	0	0	0.75	0.75	1	1.75	0	0	0	0	1
Chad_Zerbe	4	3	1	0	1	0	1	1	0	0.333	0.5	1	1.5	0	0	0	0	0
Kurt_Ainsworth	3	3	1	0	0	0	0	0	1	0.333	0.333	0.333	0.667	0	0	0	0	0
Matt_Albers	3	2	0	0	0	0	0	1	0	0	0.333	0	0.333	0	0	0	0	0
Cody_Anderson	3	3	0	0	0	0	0	0	0	0	0	0	0	0	0	0	0	0
Jose_Arredondo	3	3	0	0	0	0	0	0	0	0	0	0	0	0	0	0	0	0
Miguel_Asencio	3	3	0	0	0	0	1	0	0	0	0	0	0	0	0	0	0	0
Andy_Ashby	3	3	0	0	0	0	0	0	1	0	0	0	0	0	0	0	0	0
Scott_Atchison	3	3	1	0	0	0	0	0	2	0.333	0.333	0.333	0.667	0	0	0	0	0
Manny_Aybar	3	3	1	0	0	0	1	0	0	0.333	0.333	0.333	0.667	0	0	0	0	0
Mike_Bacsik	3	3	1	1	0	0	0	0	0	0.333	0.333	0.667	1	0	0	0	0	0
Cha-Seung_Baek	3	3	1	0	0	0	0	0	0	0.333	0.333	0.333	0.667	0	0	0	0	0
James_Baldwin	3	3	1	0	0	1	1	0	1	0.333	0.333	1.333	1.667	0	0	0	0	0
Brian_Bannister	3	3	1	0	0	0	0	0	0	0.333	0.333	0.333	0.667	0	0	0	0	0
Chris_Bassitt	3	3	0	0	0	0	0	0	0	0	0	0	0	0	0	0	0	0
Denny_Bautista	3	2	0	0	0	0	0	1	0	0	0.333	0	0.333	0	0	0	0	0
Yorman_Bazardo	3	2	1	0	0	0	0	1	0	0.5	0.667	0.5	1.167	0	0	0	0	0
Ronald_Belisario	3	3	1	0	0	0	0	0	0	0.333	0.333	0.333	0.667	0	0	0	0	0
Brad_Bergesen	3	3	0	0	0	0	0	0	0	0	0	0	0	0	0	0	0	0
Nick_Blackburn	3	3	3	2	0	0	2	0	0	1	1	1.667	2.667	0	0	0	0	0
Kent_Bottenfield	3	2	0	0	0	0	1	0	1	0	0	0	0	0	1	0	0	0
Micah_Bowie	3	2	0	0	0	0	0	1	1	0	0.333	0	0.333	0	0	0	0	1
Archie_Bradley	3	3	0	0	0	0	0	0	0	0	0	0	0	0	0	0	0	0
Yhency_Brazoban	3	3	0	0	0	0	0	0	0	0	0	0	0	0	0	0	0	0
Craig_Breslow	3	3	0	0	0	0	0	0	2	0	0	0	0	0	0	0	0	0
Mike_Broadway	3	3	1	0	0	0	0	0	0	0.333	0.333	0.333	0.667	0	0	0	0	0
Chris_Brock	3	3	0	0	0	0	0	0	1	0	0	0	0	0	0	0	0	0
Brooks_Brown	3	2	2	1	0	0	0	1	0	1	1	1.5	2.5	0	0	0	0	0
David_Buchanan	3	3	0	0	0	0	0	0	1	0	0	0	0	0	0	0	0	0
Clay_Buchholz	3	3	1	0	0	0	0	0	0	0.333	0.333	0.333	0.667	0	0	0	0	0
Enrique_Burgos	3	1	0	0	0	0	0	2	0	0	0.667	0	0.667	0	0	0	0	0
Shawn_Camp	3	2	2	2	0	0	0	1	0	1	1	2	3	0	0	1	0	0
Robert_Carson	3	3	1	1	0	0	0	0	0	0.333	0.333	0.667	1	0	0	0	0	0
Xavier_Cedeno	3	3	1	0	0	0	0	0	0	0.333	0.333	0.333	0.667	0	0	0	0	0
Joba_Chamberlain	3	3	0	0	0	0	0	0	1	0	0	0	0	0	0	0	0	0
Mike_Clevinger	3	3	1	0	0	0	1	0	0	0.333	0.333	0.333	0.667	0	0	0	0	0
Casey_Coleman	3	3	0	0	0	0	0	0	1	0	0	0	0	0	0	0	0	0
Clay_Condrey	3	3	0	0	0	0	0	0	1	0	0	0	0	0	0	0	0	0
Manny_Corpas	3	3	1	1	0	0	0	0	0	0.333	0.333	0.667	1	0	0	0	0	0
Brandon_Cumpton	3	3	1	0	0	0	0	0	1	0.333	0.333	0.333	0.667	0	0	0	0	0
Jason_Davis	3	2	0	0	0	0	1	0	0	0	0	0	0	0	1	0	0	0
Lance_Davis	3	2	1	0	0	0	0	1	0	0.5	0.667	0.5	1.167	0	0	0	0	0
Scott_Diamond	3	3	2	1	0	0	0	0	0	0.667	0.667	1	1.667	0	0	0	0	0
Brendan_Donnelly	3	3	1	1	0	0	1	0	0	0.333	0.333	0.667	1	0	0	0	0	0
Felix_Doubront	3	3	0	0	0	0	1	0	1	0	0	0	0	0	0	0	0	0
Chad_Durbin	3	3	0	0	0	0	0	0	1	0	0	0	0	0	0	0	0	0
Scott_Erickson	3	3	1	0	0	0	0	0	1	0.333	0.333	0.333	0.667	0	0	0	0	0
Jared_Fernandez	3	3	0	0	0	0	0	0	0	0	0	0	0	0	0	0	0	0
Jeremy_Fikac	3	3	1	1	0	0	0	0	0	0.333	0.333	0.667	1	0	0	0	0	0
Brian_Flynn	3	3	2	0	0	0	0	0	0	0.667	0.667	0.667	1.333	0	0	0	0	0
Sam_Freeman	3	3	0	0	0	0	0	0	2	0	0	0	0	0	0	0	0	0
Christian_Friedrich	3	3	1	1	0	0	1	0	1	0.333	0.333	0.667	1	0	0	0	0	0
Brian_Fuentes	3	3	1	0	0	0	0	0	1	0.333	0.333	0.333	0.667	0	0	0	0	0
Aaron_Fultz	3	2	1	0	0	1	2	0	0	0.5	0.5	2	2.5	1	0	0	0	0
Mike_Gallo	3	2	1	0	1	0	2	1	0	0.5	0.667	1.5	2.167	0	0	0	0	0
Jose_Garcia	3	3	1	0	0	0	0	0	0	0.333	0.333	0.333	0.667	0	0	0	0	0
Mark_Gardner	3	3	0	0	0	0	0	0	1	0	0	0	0	0	0	0	0	0
Cory_Gearrin	3	3	2	1	0	0	0	0	0	0.667	0.667	1	1.667	0	0	0	0	0
Kyle_Gibson	3	3	1	0	0	0	0	0	0	0.333	0.333	0.333	0.667	0	0	0	0	0
Ken_Giles	3	3	0	0	0	0	0	0	2	0	0	0	0	0	0	0	0	0
Gary_Glover	3	3	1	0	0	0	0	0	1	0.333	0.333	0.333	0.667	0	0	0	0	0
Chi_Chi_Gonzalez	3	2	0	0	0	0	0	1	0	0	0.333	0	0.333	0	0	0	0	0
Dicky_Gonzalez	3	3	2	0	1	0	2	0	0	0.667	0.667	1.333	2	0	0	0	0	0
Geremi_Gonzalez	3	3	0	0	0	0	0	0	0	0	0	0	0	0	0	0	0	0
Severino_Gonzalez	3	3	1	1	0	0	0	0	0	0.333	0.333	0.667	1	0	0	0	0	0
Andrew_Good	3	3	1	0	0	0	0	0	0	0.333	0.333	0.333	0.667	0	0	0	0	0
Trevor_Gott	3	3	1	0	0	0	0	0	0	0.333	0.333	0.333	0.667	0	0	0	0	0
Nick_Greenwood	3	3	1	0	0	1	2	0	1	0.333	0.333	1.333	1.667	0	0	0	0	0
Seth_Greisinger	3	3	1	0	0	0	0	0	0	0.333	0.333	0.333	0.667	0	0	0	0	0
Jeremy_Griffiths	3	3	1	0	1	0	1	0	2	0.333	0.333	1	1.333	0	0	0	0	0
Craig_Hansen	3	2	1	1	0	0	1	1	0	0.5	0.667	1	1.667	0	0	0	0	0
Jim_Henderson	3	3	0	0	0	0	0	0	1	0	0	0	0	0	0	0	0	0
David_Hernandez	3	3	1	0	0	0	0	0	1	0.333	0.333	0.333	0.667	0	0	0	0	0
Junior_Herndon	3	3	2	1	0	0	1	0	0	0.667	0.667	1	1.667	0	0	0	0	0
Jason_Hirsh	3	3	0	0	0	0	0	0	0	0	0	0	0	0	0	0	0	0
Sterling_Hitchcock	3	3	0	0	0	0	0	0	0	0	0	0	0	0	0	0	0	0
Darren_Holmes	3	2	1	0	0	0	0	1	0	0.5	0.667	0.5	1.167	0	0	0	0	0
J.P._Howell	3	3	0	0	0	0	0	0	0	0	0	0	0	0	0	0	0	0
Eric_Hurley	3	3	1	1	0	0	0	0	0	0.333	0.333	0.667	1	0	0	0	0	0
Hideki_Irabu	3	3	1	0	0	0	0	0	0	0.333	0.333	0.333	0.667	0	0	0	0	0
Ryan_Jensen	3	3	1	0	0	1	1	0	0	0.333	0.333	1.333	1.667	0	0	0	0	0
Bobby_Jones	3	2	1	0	0	0	1	0	0	0.5	0.5	0.5	1	1	0	0	0	0
Todd_Jones	3	3	2	0	0	0	1	0	1	0.667	0.667	0.667	1.333	0	0	0	0	0
Taylor_Jungmann	3	3	0	0	0	0	0	0	0	0	0	0	0	0	0	0	0	1
Matt_Kinney	3	2	0	0	0	0	0	1	0	0	0.333	0	0.333	0	0	0	0	0
Billy_Koch	3	1	0	0	0	0	1	1	0	0	0.333	0	0.333	0	1	1	0	0
Satoru_Komiyama	3	3	0	0	0	0	0	0	1	0	0	0	0	0	0	0	0	0
Wil_Ledezma	3	3	1	0	0	0	0	0	0	0.333	0.333	0.333	0.667	0	0	0	0	0
Cliff_Lee		3	2	0	0	0	0	0	0	0	0	0.333	0	0.333	0	0	0	1	0
Curt_Leskanic	3	3	1	0	0	0	0	0	0	0.333	0.333	0.333	0.667	0	0	0	0	0
Jose_Lima	3	3	1	0	0	0	0	0	0	0.333	0.333	0.333	0.667	0	0	0	0	0
Francisco_Liriano	3	3	1	0	0	0	0	0	2	0.333	0.333	0.333	0.667	0	0	0	0	0
Kameron_Loe	3	3	1	0	1	0	0	0	0	0.333	0.333	1	1.333	0	0	0	0	0
Tom_Martin	3	2	0	0	0	0	0	1	0	0	0.333	0	0.333	0	0	0	0	0
Zach_McAllister	3	3	0	0	0	0	0	0	1	0	0	0	0	0	0	0	0	0
Lance_McCullers	3	3	0	0	0	0	0	0	1	0	0	0	0	0	0	0	0	1
Dustin_McGowan	3	2	0	0	0	0	1	0	0	0	0	0	0	0	1	0	0	0
Evan_Meek	3	3	1	1	0	0	0	0	0	0.333	0.333	0.667	1	0	0	0	0	0
Trever_Miller	3	3	0	0	0	0	0	0	0	0	0	0	0	0	0	0	0	0
Brad_Mills	3	2	2	0	0	1	2	1	0	1	1	2.5	3.5	0	0	0	0	0
Carlos_Monasterios	3	3	0	0	0	0	0	0	1	0	0	0	0	0	0	0	0	0
Rafael_Montero	3	2	2	0	0	0	0	1	0	1	1	1	2	0	0	0	0	0
Orber_Moreno	3	3	0	0	0	0	0	0	1	0	0	0	0	0	0	0	0	0
Brandon_Morrow	3	3	1	0	0	0	0	0	1	0.333	0.333	0.333	0.667	0	0	0	0	0
Jamie_Moyer	3	3	0	0	0	0	0	0	1	0	0	0	0	0	0	0	0	0
Terry_Mulholland	3	2	1	0	0	0	0	1	0	0.5	0.667	0.5	1.167	0	0	0	0	0
Chris_Narveson	3	3	0	0	0	0	0	0	0	0	0	0	0	0	0	0	0	0
Joe_Nathan	3	3	0	0	0	0	0	0	1	0	0	0	0	0	0	0	0	0
Jimmy_Nelson	3	3	1	0	0	0	0	0	0	0.333	0.333	0.333	0.667	0	0	0	0	0
Hector_Neris	3	1	0	0	0	0	0	2	0	0	0.667	0	0.667	0	0	0	0	0
Phil_Norton	3	3	0	0	0	0	0	0	0	0	0	0	0	0	0	0	0	0
Ivan_Nova	3	3	0	0	0	0	0	0	0	0	0	0	0	0	0	0	0	0
Vidal_Nuno	3	3	1	0	0	0	0	0	0	0.333	0.333	0.333	0.667	0	0	0	0	0
Sean_O'Sullivan	3	3	1	0	0	0	0	0	0	0.333	0.333	0.333	0.667	0	0	0	0	0
Jake_Odorizzi	3	3	1	1	0	0	0	0	1	0.333	0.333	0.667	1	0	0	0	0	0
Hideki_Okajima	3	3	1	1	0	0	0	0	0	0.333	0.333	0.667	1	0	0	0	0	0
Jimmy_Osting	3	2	0	0	0	0	0	1	0	0	0.333	0	0.333	0	0	0	0	0
Akinori_Otsuka	3	2	1	0	0	0	0	1	0	0.5	0.667	0.5	1.167	0	0	0	0	0
Adam_Ottavino	3	2	0	0	0	0	0	1	0	0	0.333	0	0.333	0	0	0	0	0
James_Parr	3	3	2	1	0	0	0	0	0	0.667	0.667	1	1.667	0	0	0	0	0
Steve_Parris	3	3	1	1	0	0	0	0	0	0.333	0.333	0.667	1	0	0	0	0	0
Danny_Patterson	3	3	0	0	0	0	0	0	0	0	0	0	0	0	0	0	0	0
Joel_Peralta	3	3	0	0	0	0	0	0	0	0	0	0	0	0	0	0	0	0
Luis_Perdomo	3	3	0	0	0	0	0	0	0	0	0	0	0	0	0	0	0	0
Martin_Perez	3	3	1	0	0	0	1	0	1	0.333	0.333	0.333	0.667	0	0	0	0	0
Williams_Perez	3	3	0	0	0	0	0	0	0	0	0	0	0	0	0	0	0	0
Matt_Perisho	3	3	3	2	0	1	4	0	0	1	1	2.667	3.667	0	0	0	0	0
Michael_Pineda	3	2	0	0	0	0	0	1	0	0	0.333	0	0.333	0	0	0	0	0
Rick_Porcello	3	2	0	0	0	0	0	0	0	0	0	0	0	1	0	0	0	0
Ryan_Pressly	3	2	0	0	0	0	0	1	0	0	0.333	0	0.333	0	0	0	0	0
Luke_Prokopec	3	3	0	0	0	0	0	0	0	0	0	0	0	0	0	0	0	0
Jose_Quintana	3	3	1	0	0	0	0	0	0	0.333	0.333	0.333	0.667	0	0	0	0	0
Erasmo_Ramirez	3	3	0	0	0	0	0	0	1	0	0	0	0	0	0	0	0	0
Cesar_Ramos	3	2	1	0	0	0	0	1	0	0.5	0.667	0.5	1.167	0	0	0	0	0
Steve_Randolph	3	3	0	0	0	0	0	0	0	0	0	0	0	0	0	0	0	0
Ken_Ray		3	2	1	0	0	0	1	0	0	0.5	0.333	0.5	0.833	0	1	0	0	0
Chad_Reineke	3	3	0	0	0	0	0	0	2	0	0	0	0	0	0	0	0	0
Dennys_Reyes	3	3	1	0	0	1	3	0	1	0.333	0.333	1.333	1.667	0	0	0	0	0
Garrett_Richards	3	3	1	0	0	0	0	0	0	0.333	0.333	0.333	0.667	0	0	0	0	0
Paul_Rigdon	3	3	0	0	0	0	0	0	0	0	0	0	0	0	0	0	0	0
Fernando_Rodriguez	3	3	0	0	0	0	0	0	1	0	0	0	0	0	0	0	0	0
Leo_Rosales	3	2	1	0	0	0	0	1	0	0.5	0.667	0.5	1.167	0	0	1	0	0
Joe_Ross		3	3	1	0	0	0	0	0	0	0.333	0.333	0.333	0.667	0	0	0	0	0
Ryan_Sadowski	3	3	0	0	0	0	0	0	1	0	0	0	0	0	0	0	0	0
Danny_Salazar	3	3	0	0	0	0	0	0	1	0	0	0	0	0	0	0	0	0
Keyvius_Sampson	3	3	0	0	0	0	0	0	0	0	0	0	0	0	0	0	0	0
Julio_Santana	3	3	0	0	0	0	0	0	0	0	0	0	0	0	0	0	0	0
Bob_Scanlan	3	1	0	0	0	0	0	2	0	0	0.667	0	0.667	0	0	0	0	0
Luis_Severino	3	3	1	0	0	1	2	0	1	0.333	0.333	1.333	1.667	0	0	0	0	0
Kevin_Siegrist	3	3	1	1	0	0	0	0	1	0.333	0.333	0.667	1	0	0	0	0	0
Carlos_Silva	3	3	0	0	0	0	0	0	2	0	0	0	0	0	0	0	0	0
Aaron_Small	3	3	2	0	0	0	0	0	0	0.667	0.667	0.667	1.333	0	0	0	0	0
Bud_Smith	3	3	0	0	0	0	0	0	2	0	0	0	0	0	0	0	0	0
Dan_Smith	3	2	1	0	0	0	0	1	0	0.5	0.667	0.5	1.167	0	0	0	0	1
Greg_Smith	3	3	1	0	0	0	0	0	0	0.333	0.333	0.333	0.667	0	0	0	0	0
Joe_Smith	3	3	1	0	0	0	0	0	2	0.333	0.333	0.333	0.667	0	0	0	0	0
Andy_Sonnanstine	3	3	2	1	0	0	0	0	0	0.667	0.667	1	1.667	0	0	0	0	0
Justin_Speier	3	3	2	0	1	0	1	0	0	0.667	0.667	1.333	2	0	0	0	0	0
Josh_Spence	3	2	0	0	0	0	0	1	0	0	0.333	0	0.333	0	0	1	0	0
Russ_Springer	3	3	0	0	0	0	0	0	1	0	0	0	0	0	0	0	0	0
Denny_Stark	3	3	2	1	0	0	0	0	0	0.667	0.667	1	1.667	0	0	0	0	0
Matt_Stites	3	3	1	0	0	0	0	0	0	0.333	0.333	0.333	0.667	0	0	0	0	0
Mitch_Talbot	3	3	0	0	0	0	0	0	0	0	0	0	0	0	0	0	0	0
Kevin_Tapani	3	3	1	0	0	0	0	0	1	0.333	0.333	0.333	0.667	0	0	0	0	0
Ty_Taubenheim	3	2	0	0	0	0	0	1	1	0	0.333	0	0.333	0	0	0	0	0
Joe_Thatcher	3	3	1	0	0	0	1	0	0	0.333	0.333	0.333	0.667	0	0	0	0	0
Shawn_Tolleson	3	2	0	0	0	0	0	1	0	0	0.333	0	0.333	0	0	0	0	0
Jacob_Turner	3	2	0	0	0	0	0	1	0	0	0.333	0	0.333	0	0	0	0	0
Yordano_Ventura	3	2	0	0	0	0	0	1	0	0	0.333	0	0.333	0	0	0	0	0
Dave_Veres	3	3	0	0	0	0	0	0	2	0	0	0	0	0	0	0	0	0
Elih_Villanueva	3	3	2	0	0	1	4	0	0	0.667	0.667	1.667	2.333	0	0	0	0	0
Luis_Vizcaino	3	3	1	0	0	0	0	0	0	0.333	0.333	0.333	0.667	0	0	0	0	0
Taijuan_Walker	3	2	0	0	0	0	0	1	1	0	0.333	0	0.333	0	0	0	0	0
Chien-Ming_Wang	3	3	1	0	0	0	0	0	0	0.333	0.333	0.333	0.667	0	0	0	0	0
Justin_Wayne	3	2	0	0	0	0	0	1	1	0	0.333	0	0.333	0	0	0	0	0
Turk_Wendell	3	2	0	0	0	0	0	1	0	0	0.333	0	0.333	0	0	0	0	0
Joe_Wieland	3	2	0	0	0	0	1	0	2	0	0	0	0	0	1	0	0	0
Tyler_Wilson	3	3	1	0	0	0	0	0	0	0.333	0.333	0.333	0.667	0	0	0	0	0
Matt_Wisler	3	3	0	0	0	0	0	0	1	0	0	0	0	0	0	0	0	0
Dan_Wright	3	3	2	0	0	0	1	0	0	0.667	0.667	0.667	1.333	0	0	0	0	0
Mike_Wright	3	3	1	0	0	0	0	0	2	0.333	0.333	0.333	0.667	0	0	0	0	0
Steven_Wright	3	3	0	0	0	0	0	0	0	0	0	0	0	0	0	0	0	0
Esteban_Yan	3	3	1	1	0	0	1	0	1	0.333	0.333	0.667	1	0	0	0	0	0
Jason_Young	3	3	0	0	0	0	0	0	0	0	0	0	0	0	0	0	0	0
Jonathan_Albaladejo	2	2	1	1	0	0	1	0	0	0.5	0.5	1	1.5	0	0	0	0	0
Hector_Almonte	2	2	0	0	0	0	0	0	1	0	0	0	0	0	0	0	0	0
Abe_Alvarez	2	2	1	1	0	0	0	0	1	0.5	0.5	1	1.5	0	0	0	0	0
Jose_Alvarez	2	2	2	1	0	0	0	0	0	1	1	1.5	2.5	0	0	0	0	0
Jason_Anderson	2	2	1	0	0	0	0	0	0	0.5	0.5	0.5	1	0	0	0	0	0
Grant_Balfour	2	1	0	0	0	0	0	0	1	0	0	0	0	1	0	0	0	0
Daniel_Barone	2	1	1	0	0	0	0	1	0	1	1	1	2	0	0	0	0	0
Aaron_Barrett	2	2	0	0	0	0	0	0	0	0	0	0	0	0	0	0	0	0
Kevin_Barry	2	1	0	0	0	0	1	0	1	0	0	0	0	0	1	0	0	0
Francis_Beltran	2	2	1	0	0	0	0	0	0	0.5	0.5	0.5	1	0	0	0	0	0
Michael_Blazek	2	2	0	0	0	0	0	0	0	0	0	0	0	0	0	0	0	0
Ricky_Bones	2	2	2	0	0	0	1	0	0	1	1	1	2	0	0	0	0	0
Michael_Bowden	2	2	0	0	0	0	0	0	1	0	0	0	0	0	0	0	0	0
Jason_Boyd	2	2	0	0	0	0	0	0	0	0	0	0	0	0	0	0	0	0
Chad_Bradford	2	2	0	0	0	0	0	0	0	0	0	0	0	0	0	0	0	0
Lance_Broadway	2	2	0	0	0	0	0	0	0	0	0	0	0	0	0	0	0	0
Brian_Broderick	2	2	1	0	0	0	1	0	0	0.5	0.5	0.5	1	0	0	0	0	0
Barret_Browning	2	2	1	0	0	0	0	0	0	0.5	0.5	0.5	1	0	0	0	0	0
Jake_Buchanan	2	2	0	0	0	0	0	0	1	0	0	0	0	0	0	0	0	0
Dave_Burba	2	2	1	1	0	0	1	0	0	0.5	0.5	1	1.5	0	0	0	0	0
Ambiorix_Burgos	2	1	1	0	0	0	0	0	0	1	1	1	2	0	0	0	1	0
Josh_Butler	2	1	1	0	0	0	0	1	0	1	1	1	2	0	0	0	0	0
Arquimedes_Caminero	2	2	0	0	0	0	0	0	1	0	0	0	0	0	0	0	0	0
Troy_Cate	2	0	0	0	0	0	1	1	0		0.5			0	1	0	0	0
Matt_Childers	2	1	1	1	0	0	2	1	0	1	1	2	3	0	0	0	0	0
Vinnie_Chulk	2	2	1	0	1	0	1	0	0	0.5	0.5	1.5	2	0	0	0	0	0
Alex_Claudio	2	2	1	0	1	0	0	0	0	0.5	0.5	1.5	2	0	0	0	0	0
Tim_Collins	2	2	0	0	0	0	0	0	2	0	0	0	0	0	0	0	0	0
Roman_Colon	2	2	2	0	0	0	0	0	0	1	1	1	2	0	0	0	0	0
Mark_Corey	2	2	0	0	0	0	0	0	0	0	0	0	0	0	0	0	0	0
Jarred_Cosart	2	2	0	0	0	0	0	0	0	0	0	0	0	0	0	0	0	0
Mike_Crudale	2	2	0	0	0	0	0	0	1	0	0	0	0	0	0	0	0	0
Nelson_Cruz	2	2	1	0	0	0	0	0	0	0.5	0.5	0.5	1	0	0	0	0	0
Darwin_Cubillan	2	2	1	0	0	0	0	0	0	0.5	0.5	0.5	1	0	0	0	0	0
Will_Cunnane	2	2	0	0	0	0	0	0	0	0	0	0	0	0	0	0	0	0
Tom_Davey	2	2	0	0	0	0	0	0	1	0	0	0	0	0	0	0	0	0
Joey_Dawley	2	2	1	1	0	0	0	0	0	0.5	0.5	1	1.5	0	0	0	0	0
Justin_De_Fratus	2	2	1	1	0	0	0	0	0	0.5	0.5	1	1.5	0	0	0	0	0
Eury_De_La_Rosa	2	2	0	0	0	0	0	0	1	0	0	0	0	0	0	0	0	0
Enerio_Del_Rosario	2	1	1	0	0	0	0	1	0	1	1	1	2	0	0	0	0	0
Manny_Delcarmen	2	1	1	0	0	0	1	1	0	1	1	1	2	0	0	0	0	0
Jake_Diekman	2	2	0	0	0	0	0	0	1	0	0	0	0	0	0	0	0	0
Rafael_Dolis	2	2	1	0	0	0	0	0	0	0.5	0.5	0.5	1	0	0	0	0	1
Darin_Downs	2	2	0	0	0	0	0	0	0	0	0	0	0	0	0	0	0	0
Brian_Duensing	2	2	1	0	0	0	0	0	1	0.5	0.5	0.5	1	0	0	0	0	0
Danny_Duffy	2	2	0	0	0	0	0	0	0	0	0	0	0	0	0	0	0	0
Jon_Edwards	2	0	0	0	0	0	0	2	0	0	1	0	0	0	0	0	0	0
Cal_Eldred	2	1	0	0	0	0	1	1	0	0	0.5	0	0.5	0	0	0	0	0
John_Ennis	2	2	1	0	0	0	0	0	0	0.5	0.5	0.5	1	0	0	0	0	0
Edgmer_Escalona	2	2	0	0	0	0	0	0	0	0	0	0	0	0	0	0	0	0
Danny_Farquhar	2	2	0	0	0	0	0	0	1	0	0	0	0	0	0	0	0	0
C.J._Fick		2	2	0	0	0	0	0	0	0	0	0	0	0	0	0	0	0	0
Nate_Field	2	2	0	0	0	0	0	0	1	0	0	0	0	0	0	0	0	0
Yohan_Flande	2	2	2	1	0	0	1	0	0	1	1	1.5	2.5	0	0	0	0	0
Bartolome_Fortunato	2	2	0	0	0	0	0	0	1	0	0	0	0	0	0	0	0	0
John_Foster	2	1	1	1	0	0	0	0	0	1	1	2	3	1	0	0	0	0
Keith_Foulke	2	2	1	0	0	0	1	0	0	0.5	0.5	0.5	1	0	0	0	0	0
Frank_Francisco	2	2	0	0	0	0	0	0	0	0	0	0	0	0	0	0	0	0
Ernesto_Frieri	2	2	1	1	0	0	0	0	0	0.5	0.5	1	1.5	0	0	0	0	0
Kason_Gabbard	2	2	0	0	0	0	1	0	1	0	0	0	0	0	0	0	0	0
Frank_Garces	2	2	0	0	0	0	0	0	0	0	0	0	0	0	0	0	0	0
Rich_Garces	2	2	0	0	0	0	0	0	0	0	0	0	0	0	0	0	0	0
Franklyn_German	2	2	1	0	0	0	1	0	0	0.5	0.5	0.5	1	0	0	0	0	0
Gonzalez_Germen	2	2	0	0	0	0	0	0	0	0	0	0	0	0	0	0	0	0
Jeanmar_Gomez	2	2	1	0	0	0	2	0	0	0.5	0.5	0.5	1	0	0	0	0	0
Jeff_Gray		2	2	1	0	0	0	0	0	0	0.5	0.5	0.5	1	0	0	0	0	0
Justin_Grimm	2	2	0	0	0	0	0	0	1	0	0	0	0	0	0	0	0	0
Javy_Guerra	2	1	0	0	0	0	0	1	0	0	0.5	0	0.5	0	0	0	0	0
Josh_Hall		2	2	1	1	0	0	0	0	0	0.5	0.5	1	1.5	0	0	0	0	0
Tim_Harikkala	2	2	1	0	0	0	0	0	0	0.5	0.5	0.5	1	0	0	0	0	0
Mitch_Harris	2	2	1	0	0	0	0	0	1	0.5	0.5	0.5	1	0	0	0	0	0
Will_Harris	2	1	0	0	0	0	0	1	0	0	0.5	0	0.5	0	0	0	0	0
Jeremy_Hellickson	2	2	0	0	0	0	0	0	1	0	0	0	0	0	0	0	0	0
Kyle_Hendricks	2	2	0	0	0	0	0	0	0	0	0	0	0	0	0	0	0	0
Chris_Heston	2	2	0	0	0	0	0	0	0	0	0	0	0	0	0	0	0	1
Derek_Holland	2	2	2	0	0	0	0	0	0	1	1	1	2	0	0	0	0	0
Ben_Howard	2	2	2	0	0	2	2	0	0	1	1	4	5	0	0	0	0	0
Ryota_Igarashi	2	1	1	0	0	0	2	1	0	1	1	1	2	0	0	0	0	0
Hansel_Izquierdo	2	2	1	0	0	0	2	0	0	0.5	0.5	0.5	1	0	0	0	0	0
Jim_Johnson	2	2	0	0	0	0	0	0	1	0	0	0	0	0	0	0	0	0
Brooks_Kieschnick	2	2	0	0	0	0	0	0	0	0	0	0	0	0	0	0	0	0
Dae-Sung_Koo	2	2	0	0	0	0	0	0	0	0	0	0	0	0	0	0	0	0
Mike_Koplove	2	2	2	0	1	0	1	0	0	1	1	2	3	0	0	0	0	0
Jon_Leicester	2	2	0	0	0	0	0	0	1	0	0	0	0	0	0	0	0	0
Anthony_Lerew	2	2	1	1	0	0	1	0	0	0.5	0.5	1	1.5	0	0	0	0	0
Josh_Lindblom	2	2	0	0	0	0	0	0	2	0	0	0	0	0	0	0	0	0
Rich_Loiselle	2	2	1	0	0	0	1	0	0	0.5	0.5	0.5	1	0	0	0	0	0
Aquilino_Lopez	2	2	0	0	0	0	0	0	1	0	0	0	0	0	0	0	0	0
Ron_Mahay	2	1	0	0	0	0	0	1	0	0	0.5	0	0.5	0	0	0	0	0
Julio_Mateo	2	2	1	0	1	0	0	0	0	0.5	0.5	1.5	2	0	0	0	0	0
Ramiro_Mendoza	2	1	0	0	0	0	0	0	0	0	0	0	0	1	0	0	0	0
Chris_Michalak	2	2	0	0	0	0	0	0	0	0	0	0	0	0	0	0	0	0
Gabe_Molina	2	1	1	0	0	0	0	1	0	1	1	1	2	0	0	0	0	0
Adam_Morgan	2	2	2	1	0	1	3	0	0	1	1	3	4	0	0	0	0	0
Rodney_Myers	2	2	1	0	0	0	0	0	1	0.5	0.5	0.5	1	0	0	0	0	0
Robb_Nen	2	2	1	0	0	0	0	0	0	0.5	0.5	0.5	1	0	0	0	0	0
Justin_Nicolino	2	2	1	0	0	0	2	0	0	0.5	0.5	0.5	1	0	0	0	0	0
Darren_O'Day	2	2	0	0	0	0	0	0	1	0	0	0	0	0	0	0	0	0
Ryan_O'Malley	2	2	1	0	1	0	1	0	0	0.5	0.5	1.5	2	0	0	0	0	0
Scott_Oberg	2	2	1	1	0	0	0	0	1	0.5	0.5	1	1.5	0	0	0	0	0
Eddie_Oropesa	2	2	1	0	0	1	3	0	0	0.5	0.5	2	2.5	0	0	0	0	0
Antonio_Osuna	2	1	0	0	0	0	0	1	1	0	0.5	0	0.5	0	0	0	0	0
Dan_Otero	2	2	0	0	0	0	0	0	2	0	0	0	0	0	0	0	0	0
Henry_Owens	2	0	0	0	0	0	0	2	0	0	1	0	0	0	0	0	0	0
Henry_Owens	2	1	1	0	0	0	0	1	0	1	1	1	2	0	0	0	0	0
Jose_Parra	2	1	0	0	0	0	0	1	0	0	0.5	0	0.5	0	0	0	0	0
Troy_Patton	2	2	1	0	0	0	0	0	0	0.5	0.5	0.5	1	0	0	0	0	0
Troy_Percival	2	2	1	0	0	0	0	0	0	0.5	0.5	0.5	1	0	0	0	0	0
Travis_Phelps	2	2	1	0	0	0	0	0	0	0.5	0.5	0.5	1	0	0	0	0	0
Chris_Piersoll	2	2	1	0	1	0	1	0	0	0.5	0.5	1.5	2	0	0	0	0	0
Cory_Rasmus	2	2	1	0	0	0	0	0	0	0.5	0.5	0.5	1	0	0	0	0	0
Addison_Reed	2	2	1	0	0	0	1	0	1	0.5	0.5	0.5	1	0	0	0	0	0
Brian_Reith	2	2	0	0	0	0	0	0	0	0	0	0	0	0	0	0	0	0
Arthur_Rhodes	2	1	0	0	0	0	1	0	0	0	0	0	0	0	1	0	0	0
Matt_Riley	2	1	1	0	0	0	0	1	0	1	1	1	2	0	0	0	0	0
Ricardo_Rincon	2	1	0	0	0	0	1	0	0	0	0	0	0	0	1	0	0	0
Joe_Roa		2	2	0	0	0	0	0	0	1	0	0	0	0	0	0	0	0	0
Grant_Roberts	2	2	0	0	0	0	0	0	1	0	0	0	0	0	0	0	0	0
Hansel_Robles	2	2	1	0	0	1	1	0	0	0.5	0.5	2	2.5	0	0	0	0	0
Eddy_Rodriguez	2	0	0	0	0	0	0	2	0		1			0	0	1	0	0
Hector_Rondon	2	2	0	0	0	0	0	0	1	0	0	0	0	0	0	0	0	0
James_Russell	2	2	0	0	0	0	0	0	2	0	0	0	0	0	0	0	0	0
Eduardo_Sanchez	2	2	0	0	0	0	0	0	0	0	0	0	0	0	0	0	0	1
A.J._Schugel	2	2	1	0	0	0	0	0	0	0.5	0.5	0.5	1	0	0	0	0	0
Scott_Service	2	2	1	1	0	0	0	0	0	0.5	0.5	1	1.5	0	0	0	0	0
Brian_Shackelford	2	2	0	0	0	0	0	0	0	0	0	0	0	0	0	0	0	0
Steven_Shell	2	2	0	0	0	0	0	0	0	0	0	0	0	0	0	0	0	0
Shae_Simmons	2	2	1	0	0	1	2	0	0	0.5	0.5	2	2.5	0	0	0	0	0
Tony_Sipp	2	2	1	0	0	0	0	0	0	0.5	0.5	0.5	1	0	0	0	0	0
Will_Smith	2	2	1	0	0	0	2	0	0	0.5	0.5	0.5	1	0	0	0	0	0
Joakim_Soria	2	2	1	1	0	0	1	0	1	0.5	0.5	1	1.5	0	0	0	0	0
Ryan_Speier	2	2	0	0	0	0	1	0	0	0	0	0	0	0	0	0	0	0
Levale_Speigner	2	2	2	0	0	0	2	0	0	1	1	1	2	0	0	0	0	0
Gene_Stechschulte	2	1	0	0	0	0	0	1	0	0	0.5	0	0.5	0	0	0	0	0
Pat_Strange	2	2	1	0	0	0	2	0	0	0.5	0.5	0.5	1	0	0	0	0	0
Hunter_Strickland	2	2	0	0	0	0	0	0	0	0	0	0	0	0	0	0	0	0
Anthony_Swarzak	2	2	1	0	0	0	0	0	0	0.5	0.5	0.5	1	0	0	0	0	1
Greg_Swindell	2	2	0	0	0	0	0	0	1	0	0	0	0	0	0	0	0	0
Noah_Syndergaard	2	2	0	0	0	0	0	0	2	0	0	0	0	0	0	0	0	0
Hisanori_Takahashi	2	2	1	0	0	0	0	0	0	0.5	0.5	0.5	1	0	0	0	0	0
Shingo_Takatsu	2	2	0	0	0	0	0	0	0	0	0	0	0	0	0	0	0	0
Junichi_Tazawa	2	1	0	0	0	0	0	1	0	0	0.5	0	0.5	0	0	0	0	0
Nate_Teut	2	2	1	0	0	0	0	0	0	0.5	0.5	0.5	1	0	0	0	0	0
Tyler_Thornburg	2	2	1	0	0	0	0	0	0	0.5	0.5	0.5	1	0	0	0	0	0
Mike_Trombley	2	1	0	0	0	0	0	1	0	0	0.5	0	0.5	0	0	0	0	0
Chin-hui_Tsao	2	1	0	0	0	0	0	1	0	0	0.5	0	0.5	0	0	0	0	0
Jose_Urena	2	2	1	0	0	0	0	0	0	0.5	0.5	0.5	1	0	0	0	0	0
John_Van_Benschoten	2	1	0	0	0	0	0	1	0	0	0.5	0	0.5	0	0	0	0	0
Todd_Van_Poppel	2	2	0	0	0	0	0	0	0	0	0	0	0	0	0	0	0	0
Esmerling_Vasquez	2	2	1	0	0	0	0	0	0	0.5	0.5	0.5	1	0	0	0	0	0
Virgil_Vasquez	2	1	1	1	0	0	0	1	0	1	1	2	3	0	0	0	0	0
Donnie_Veal	2	1	0	0	0	0	0	1	0	0	0.5	0	0.5	0	0	1	0	0
Pat_Venditte	2	2	1	1	0	0	0	0	0	0.5	0.5	1	1.5	0	0	0	0	0
Arodys_Vizcaino	2	2	0	0	0	0	0	0	0	0	0	0	0	0	0	0	0	0
Donne_Wall	2	2	2	0	0	1	1	0	0	1	1	2.5	3.5	0	0	0	0	0
Les_Walrond	2	2	0	0	0	0	0	0	2	0	0	0	0	0	0	0	0	0
Allen_Webster	2	2	0	0	0	0	0	0	1	0	0	0	0	0	0	0	0	0
Alex_White	2	2	0	0	0	0	0	0	0	0	0	0	0	0	0	0	0	0
Mike_Williams	2	1	0	0	0	0	0	1	1	0	0.5	0	0.5	0	0	0	0	0
Todd_Williams	2	2	1	0	0	0	0	0	0	0.5	0.5	0.5	1	0	0	0	0	0
Scott_Williamson	2	2	1	1	0	0	2	0	0	0.5	0.5	1	1.5	0	0	0	0	0
Matt_Wise	2	2	0	0	0	0	0	0	1	0	0	0	0	0	0	0	0	0
Bobby_Witt	2	2	0	0	0	0	0	0	1	0	0	0	0	0	0	0	0	0
Mark_Worrell	2	2	0	0	0	0	0	0	1	0	0	0	0	0	0	0	0	0
Clay_Zavada	2	2	0	0	0	0	0	0	0	0	0	0	0	0	0	0	0	0
Winston_Abreu	1	1	0	0	0	0	0	0	0	0	0	0	0	0	0	0	0	1
Juan_Acevedo	1	1	0	0	0	0	0	0	0	0	0	0	0	0	0	0	0	0
Austin_Adams	1	1	0	0	0	0	0	0	1	0	0	0	0	0	0	0	0	0
Jon_Adkins	1	1	1	0	0	0	0	0	0	1	1	1	2	0	0	0	0	0
Greg_Aquino	1	1	0	0	0	0	0	0	0	0	0	0	0	0	0	0	0	0
Elvis_Araujo	1	1	0	0	0	0	0	0	0	0	0	0	0	0	0	0	0	0
Alberto_Arias	1	1	0	0	0	0	0	0	0	0	0	0	0	0	0	0	0	0
Jamie_Arnold	1	1	0	0	0	0	0	0	0	0	0	0	0	0	0	0	0	0
Rolando_Arrojo	1	1	1	1	0	0	2	0	0	1	1	2	3	0	0	0	0	0
Benito_Baez	1	1	0	0	0	0	0	0	0	0	0	0	0	0	0	0	0	0
Matt_Barnes	1	1	0	0	0	0	0	0	0	0	0	0	0	0	0	0	0	0
Tony_Barnette	1	1	0	0	0	0	0	0	0	0	0	0	0	0	0	0	0	0
Antonio_Bastardo	1	1	0	0	0	0	0	0	0	0	0	0	0	0	0	0	0	0
Rick_Bauer	1	1	0	0	0	0	0	0	0	0	0	0	0	0	0	0	0	0
T.J._Beam		1	0	0	0	0	0	0	0	0	0	0	0	0	1	0	0	0	0
Rod_Beck		1	1	1	0	0	0	0	0	0	1	1	1	2	0	0	0	0	0
Kevin_Beirne	1	1	0	0	0	0	0	0	1	0	0	0	0	0	0	0	0	0
Duane_Below	1	1	1	0	0	0	0	0	0	1	1	1	2	0	0	0	0	0
Chad_Bentz	1	1	0	0	0	0	0	0	0	0	0	0	0	0	0	0	0	0
Justin_Berg	1	0	0	0	0	0	0	1	0	0	1	0	0	0	0	0	0	0
Joe_Biagini	1	1	0	0	0	0	0	0	1	0	0	0	0	0	0	0	0	0
Nate_Bland	1	1	0	0	0	0	0	0	0	0	0	0	0	0	0	0	0	0
Matt_Blank	1	1	0	0	0	0	0	0	0	0	0	0	0	0	0	0	0	0
Brad_Brach	1	1	0	0	0	0	0	0	1	0	0	0	0	0	0	0	0	0
Zach_Braddock	1	1	0	0	0	0	0	0	0	0	0	0	0	0	0	0	0	0
Leslie_Brea	1	1	1	0	0	1	3	0	0	1	1	4	5	0	0	0	0	0
Chris_Britton	1	1	0	0	0	0	0	0	0	0	0	0	0	0	0	0	0	0
Andrew_Brown	1	0	0	0	0	0	0	1	0	0	1	0	0	0	0	0	0	0
Mike_Buddie	1	0	0	0	0	0	0	1	0	0	1	0	0	0	0	0	0	0
Jay_Buente	1	1	0	0	0	0	0	0	0	0	0	0	0	0	0	0	0	0
Jason_Bulger	1	1	1	0	1	0	1	0	0	1	1	3	4	0	0	0	0	0
Kirk_Bullinger	1	1	0	0	0	0	0	0	0	0	0	0	0	0	0	0	0	0
Dylan_Bundy	1	1	0	0	0	0	0	0	0	0	0	0	0	0	0	0	0	0
Mike_Bynum	1	1	0	0	0	0	0	0	0	0	0	0	0	0	0	0	0	1
Kevin_Cameron	1	1	0	0	0	0	0	0	0	0	0	0	0	0	0	0	0	0
Jose_Capellan	1	1	0	0	0	0	0	0	0	0	0	0	0	0	0	0	0	0
Carter_Capps	1	1	0	0	0	0	0	0	0	0	0	0	0	0	0	0	0	0
Jesse_Carlson	1	1	0	0	0	0	0	0	1	0	0	0	0	0	0	0	0	0
Lance_Carter	1	1	0	0	0	0	0	0	0	0	0	0	0	0	0	0	0	0
Marcos_Carvajal	1	0	0	0	0	0	0	1	0	0	1	0	0	0	0	0	0	0
Simon_Castro	1	1	0	0	0	0	0	0	0	0	0	0	0	0	0	0	0	0
Jose_Ceda	1	1	1	1	0	0	0	0	0	1	1	2	3	0	0	0	0	0
Juan_Cerros	1	0	0	0	0	0	0	1	0	0	1	0	0	0	0	0	0	0
Rocky_Cherry	1	1	0	0	0	0	0	0	0	0	0	0	0	0	0	0	0	0
Maikel_Cleto	1	0	0	0	0	0	0	1	0	0	1	0	0	0	0	0	0	0
Robert_Coello	1	1	1	1	0	0	1	0	0	1	1	2	3	0	0	0	0	0
Phil_Coke	1	1	0	0	0	0	0	0	0	0	0	0	0	0	0	0	0	0
Alex_Colome	1	1	1	0	0	0	0	0	0	1	1	1	2	0	0	0	0	0
Steve_Colyer	1	1	1	0	0	0	0	0	0	1	1	1	2	0	0	0	0	0
Brian_Cooper	1	1	1	1	0	0	1	0	0	1	1	2	3	0	0	0	0	0
Roy_Corcoran	1	1	0	0	0	0	0	0	1	0	0	0	0	0	0	0	0	0
Tim_Corcoran	1	1	0	0	0	0	0	0	1	0	0	0	0	0	0	0	0	0
Rheal_Cormier	1	1	1	0	0	0	0	0	0	1	1	1	2	0	0	0	0	0
Jon_Coutlangus	1	0	0	0	0	0	0	0	0	0	1	0	0	0	0	0	1	0
Rhiner_Cruz	1	1	0	0	0	0	0	0	1	0	0	0	0	0	0	0	0	0
Matt_Daley	1	1	0	0	0	0	0	0	0	0	0	0	0	0	0	0	0	0
Kane_Davis	1	1	0	0	0	0	0	0	1	0	0	0	0	0	0	0	0	0
Frankie_De_La_Cruz	1	0	0	0	0	0	0	1	0	0	1	0	0	0	0	0	0	0
Sam_Demel	1	1	0	0	0	0	0	0	0	0	0	0	0	0	0	0	0	0
Joey_Devine	1	1	0	0	0	0	0	0	0	0	0	0	0	0	0	0	0	0
Matt_DeWitt	1	1	1	0	0	0	1	0	0	1	1	1	2	0	0	0	0	0
Jairo_Diaz	1	1	0	0	0	0	0	0	0	0	0	0	0	0	0	0	0	0
Jumbo_Diaz	1	0	0	0	0	0	0	1	0	0	1	0	0	0	0	0	0	0
Brandon_Dickson	1	1	1	0	0	0	0	0	0	1	1	1	2	0	0	0	0	0
Craig_Dingman	1	0	0	0	0	0	0	1	0	0	1	0	0	0	0	0	0	0
Jose_Dominguez	1	1	0	0	0	0	0	0	0	0	0	0	0	0	0	0	0	0
Sean_Doolittle	1	1	1	0	0	1	1	0	0	1	1	4	5	0	0	0	0	0
Tim_Drew	1	1	1	1	0	0	0	0	0	1	1	2	3	0	0	0	0	0
Ryan_Dull	1	1	0	0	0	0	0	0	0	0	0	0	0	0	0	0	0	0
Courtney_Duncan	1	1	1	0	0	0	1	0	0	1	1	1	2	0	0	0	0	0
Jayson_Durocher	1	0	0	0	0	0	0	1	0	0	1	0	0	0	0	0	0	0
Mike_Ekstrom	1	1	0	0	0	0	0	0	1	0	0	0	0	0	0	0	0	0
Scott_Elbert	1	0	0	0	0	0	0	1	0	0	1	0	0	0	0	0	0	0
Leo_Estrella	1	1	0	0	0	0	0	0	0	0	0	0	0	0	0	0	0	0
Jeff_Farnsworth	1	1	0	0	0	0	0	0	0	0	0	0	0	0	0	0	0	0
Mike_Fetters	1	1	0	0	0	0	0	0	1	0	0	0	0	0	0	0	0	0
Casey_Fien	1	1	1	0	0	0	0	0	0	1	1	1	2	0	0	0	0	0
Pedro_Figueroa	1	1	0	0	0	0	0	0	0	0	0	0	0	0	0	0	0	0
Bob_File		1	1	1	0	0	0	0	0	0	1	1	1	2	0	0	0	0	0
Tony_Fiore	1	1	0	0	0	0	0	0	0	0	0	0	0	0	0	0	0	0
Gavin_Floyd	1	1	0	0	0	0	0	0	0	0	0	0	0	0	0	0	0	0
Mike_Foltynewicz	1	1	0	0	0	0	0	0	1	0	0	0	0	0	0	0	0	0
Charlie_Furbush	1	0	0	0	0	0	0	1	0	0	1	0	0	0	0	0	0	0
Mike_Fyhrie	1	1	0	0	0	0	0	0	0	0	0	0	0	0	0	0	0	0
Luis_Garcia	1	1	0	0	0	0	0	0	0	0	0	0	0	0	0	0	0	0
Josh_Geer	1	1	1	0	0	0	0	0	0	1	1	1	2	0	0	0	0	0
Sammy_Gervacio	1	1	0	0	0	0	0	0	0	0	0	0	0	0	0	0	0	0
Erik_Goeddel	1	1	1	0	0	0	0	0	0	1	1	1	2	0	0	0	0	0
Brandon_Gomes	1	1	0	0	0	0	0	0	0	0	0	0	0	0	0	0	0	0
Wayne_Gomes	1	1	0	0	0	0	0	0	0	0	0	0	0	0	0	0	0	0
Enrique_Gonzalez	1	1	0	0	0	0	0	0	1	0	0	0	0	0	0	0	0	0
Nick_Goody	1	1	0	0	0	0	0	0	0	0	0	0	0	0	0	0	0	0
Tom_Gordon	1	1	0	0	0	0	0	0	1	0	0	0	0	0	0	0	0	0
Mike_Gosling	1	0	0	0	0	0	0	1	0	0	1	0	0	0	0	1	0	0
Jason_Grimsley	1	0	0	0	0	0	0	1	0	0	1	0	0	0	0	1	0	0
Matt_Guerrier	1	0	0	0	0	0	0	1	0	0	1	0	0	0	0	0	0	0
Nick_Hagadone	1	1	0	0	0	0	0	0	0	0	0	0	0	0	0	0	0	0
Roy_Halladay	1	1	0	0	0	0	0	0	0	0	0	0	0	0	0	0	0	1
Donovan_Hand	1	1	0	0	0	0	0	0	0	0	0	0	0	0	0	0	0	0
Chad_Harville	1	0	0	0	0	0	0	1	0	0	1	0	0	0	0	0	0	0
Shigetoshi_Hasegawa	1	1	0	0	0	0	0	0	0	0	0	0	0	0	0	0	0	0
Heath_Hembree	1	0	0	0	0	0	0	1	0	0	1	0	0	0	0	0	0	0
Liam_Hendriks	1	1	0	0	0	0	0	0	0	0	0	0	0	0	0	0	0	1
Kelvin_Herrera	1	1	0	0	0	0	0	0	1	0	0	0	0	0	0	0	0	0
Frank_Herrmann	1	1	0	0	0	0	0	0	0	0	0	0	0	0	0	0	0	0
Dalier_Hinojosa	1	1	0	0	0	0	0	0	0	0	0	0	0	0	0	0	0	0
Alex_Hinshaw	1	1	0	0	0	0	0	0	0	0	0	0	0	0	0	0	0	0
Luke_Hochevar	1	1	0	0	0	0	0	0	1	0	0	0	0	0	0	0	0	0
Drew_Hutchison	1	1	0	0	0	0	0	0	0	0	0	0	0	0	0	0	0	0
Colt_Hynes	1	1	1	0	0	0	0	0	0	1	1	1	2	0	0	0	0	0
Steven_Jackson	1	0	0	0	0	0	0	1	0	0	1	0	0	0	0	0	0	0
Juan_Jaime	1	1	1	0	0	0	0	0	0	1	1	1	2	0	0	0	0	0
Mike_James	1	1	0	0	0	0	0	0	0	0	0	0	0	0	0	0	0	1
Paul_Janish	1	1	1	0	0	0	0	0	0	1	1	1	2	0	0	0	0	0
Jeremy_Jeffress	1	1	0	0	0	0	0	0	0	0	0	0	0	0	0	0	0	0
Bobby_Jenks	1	1	0	0	0	0	0	0	0	0	0	0	0	0	0	0	0	0
Kevin_Jepsen	1	1	0	0	0	0	0	0	0	0	0	0	0	0	0	0	0	0
Jose_Jimenez	1	1	1	1	0	0	1	0	0	1	1	2	3	0	0	0	0	0
Tyler_Johnson	1	1	0	0	0	0	0	0	0	0	0	0	0	0	0	0	0	0
Jimmy_Journell	1	1	0	0	0	0	0	0	1	0	0	0	0	0	0	0	0	0
Tommy_Kahnle	1	1	0	0	0	0	0	0	0	0	0	0	0	0	0	0	0	0
Jason_Kershner	1	1	0	0	0	0	0	0	0	0	0	0	0	0	0	0	0	0
Josh_Kinney	1	1	1	1	0	0	1	0	0	1	1	2	3	0	0	0	0	0
Eric_Knott	1	1	1	1	0	0	0	0	0	1	1	2	3	0	0	0	0	0
Michael_Kohn	1	1	0	0	0	0	0	0	0	0	0	0	0	0	0	0	0	0
Brandon_Kolb	1	0	0	0	0	0	0	1	0	0	1	0	0	0	0	0	0	0
Masumi_Kuwata	1	1	1	0	1	0	2	0	0	1	1	3	4	0	0	0	0	0
Aaron_Laffey	1	1	0	0	0	0	0	0	0	0	0	0	0	0	0	0	0	1
David_Lee	1	0	0	0	0	0	0	1	0	0	1	0	0	0	0	0	0	0
Justin_Lehr	1	1	0	0	0	0	0	0	0	0	0	0	0	0	0	0	0	0
Dominic_Leone	1	1	0	0	0	0	0	0	0	0	0	0	0	0	0	0	0	0
Chris_Leroux	1	1	0	0	0	0	0	0	0	0	0	0	0	0	0	0	0	0
Al_Levine	1	1	0	0	0	0	0	0	0	0	0	0	0	0	0	0	0	0
Pedro_Liriano	1	1	1	0	0	0	0	0	0	1	1	1	2	0	0	0	0	0
Sean_Lowe	1	1	0	0	0	0	0	0	1	0	0	0	0	0	0	0	0	0
Ruddy_Lugo	1	1	0	0	0	0	0	0	1	0	0	0	0	0	0	0	0	0
Scott_MacRae	1	1	1	0	0	0	0	0	0	1	1	1	2	0	0	0	0	0
Greg_Mahle	1	1	1	1	0	0	0	0	0	1	1	2	3	0	0	0	0	0
Scott_Maine	1	0	0	0	0	0	0	1	0	0	1	0	0	0	0	0	0	0
Seth_Maness	1	0	0	0	0	0	1	0	0	0	0	0	0	0	1	0	0	0
Charlie_Manning	1	1	0	0	0	0	0	0	0	0	0	0	0	0	0	0	0	0
Julio_Manon	1	0	0	0	0	0	0	1	0	0	1	0	0	0	0	0	0	0
Robert_Manuel	1	0	0	0	0	0	0	1	0	0	1	0	0	0	0	0	0	0
Evan_Marshall	1	1	0	0	0	0	0	0	0	0	0	0	0	0	0	0	0	0
Carlos_Martinez	1	1	0	0	0	0	0	0	0	0	0	0	0	0	0	0	0	0
Nick_Martinez	1	1	0	0	0	0	0	0	0	0	0	0	0	0	0	0	0	0
Tom_Mastny	1	0	0	0	0	0	0	1	0	0	1	0	0	0	0	0	0	0
Marcos_Mateo	1	1	0	0	0	0	0	0	0	0	0	0	0	0	0	0	0	0
Brandon_Maurer	1	1	0	0	0	0	0	0	0	0	0	0	0	0	0	0	0	0
Vin_Mazzaro	1	1	0	0	0	0	0	0	0	0	0	0	0	0	0	0	0	0
Marcus_McBeth	1	1	1	0	1	0	1	0	0	1	1	3	4	0	0	0	0	0
Mike_McClendon	1	1	0	0	0	0	0	0	0	0	0	0	0	0	0	0	0	0
Chuck_McElroy	1	1	0	0	0	0	0	0	0	0	0	0	0	0	0	0	0	0
Mark_McLemore	1	1	0	0	0	0	0	0	0	0	0	0	0	0	0	0	0	0
Yoervis_Medina	1	1	0	0	0	0	0	0	0	0	0	0	0	0	0	0	0	0
Jose_Mesa	1	1	0	0	0	0	0	0	0	0	0	0	0	0	0	0	0	1
Dan_Meyer	1	1	0	0	0	0	0	0	0	0	0	0	0	0	0	0	0	0
Jose_Mijares	1	1	0	0	0	0	0	0	1	0	0	0	0	0	0	0	0	0
Aaron_Miles	1	1	0	0	0	0	0	0	0	0	0	0	0	0	0	0	0	0
Edwin_Moreno	1	1	0	0	0	0	0	0	1	0	0	0	0	0	0	0	0	0
Mike_Morgan	1	0	0	0	0	0	0	1	0	0	1	0	0	0	0	0	0	0
Juan_Morillo	1	1	0	0	0	0	0	0	0	0	0	0	0	0	0	0	0	0
Clayton_Mortensen	1	1	0	0	0	0	0	0	0	0	0	0	0	0	0	0	0	0
Arnie_Munoz	1	1	1	1	0	0	0	0	0	1	1	2	3	0	0	0	0	0
Scott_Munter	1	1	0	0	0	0	0	0	0	0	0	0	0	0	0	0	0	0
Mike_Myers	1	0	0	0	0	0	0	0	0	0	1	0	0	0	0	0	1	0
Pat_Neshek	1	1	0	0	0	0	0	0	0	0	0	0	0	0	0	0	0	0
Michael_Neu	1	1	0	0	0	0	0	0	0	0	0	0	0	0	0	0	0	0
Josh_Newman	1	1	0	0	0	0	0	0	0	0	0	0	0	0	0	0	0	0
Chris_Nichting	1	1	0	0	0	0	0	0	0	0	0	0	0	0	0	0	0	0
Roberto_Novoa	1	1	0	0	0	0	0	0	0	0	0	0	0	0	0	0	0	0
Jose_Nunez	1	0	0	0	0	0	0	0	0	0	1	0	0	0	0	0	1	0
Alexi_Ogando	1	1	0	0	0	0	0	0	0	0	0	0	0	0	0	0	0	0
Lester_Oliveros	1	1	0	0	0	0	0	0	0	0	0	0	0	0	0	0	0	0
Tyler_Olson	1	1	0	0	0	0	0	0	0	0	0	0	0	0	0	0	0	0
Josh_Osich	1	1	1	0	0	0	0	0	0	1	1	1	2	0	0	0	0	0
Juan_Padilla	1	1	1	0	0	0	0	0	0	1	1	1	2	0	0	0	0	0
Jose_Paniagua	1	1	0	0	0	0	0	0	1	0	0	0	0	0	0	0	0	0
Blake_Parker	1	0	0	0	0	0	0	1	0	0	1	0	0	0	0	0	0	0
Joe_Paterson	1	1	1	0	0	0	0	0	0	1	1	1	2	0	0	0	0	0
Chris_Perez	1	1	1	0	1	0	0	0	0	1	1	3	4	0	0	0	0	0
Luis_Perez	1	1	0	0	0	0	0	0	1	0	0	0	0	0	0	0	0	0
Yorkis_Perez	1	1	0	0	0	0	0	0	1	0	0	0	0	0	0	0	0	0
Ryan_Perry	1	0	0	0	0	0	0	1	0	0	1	0	0	0	0	0	0	0
David_Phelps	1	1	0	0	0	0	0	0	0	0	0	0	0	0	0	0	0	0
Tommy_Phelps	1	1	0	0	0	0	0	0	0	0	0	0	0	0	0	0	0	0
Hipolito_Pichardo	1	1	0	0	0	0	0	0	0	0	0	0	0	0	0	0	0	0
Stolmy_Pimentel	1	0	0	0	0	0	0	1	0	0	1	0	0	0	0	0	0	0
Jay_Powell	1	1	0	0	0	0	0	0	0	0	0	0	0	0	0	0	0	0
Bret_Prinz	1	1	0	0	0	0	0	0	0	0	0	0	0	0	0	0	0	0
Scott_Proctor	1	1	0	0	0	0	0	0	0	0	0	0	0	0	0	0	0	0
Bill_Pulsipher	1	1	0	0	0	0	0	0	0	0	0	0	0	0	0	0	0	0
Kevin_Quackenbush	1	1	0	0	0	0	0	0	1	0	0	0	0	0	0	0	0	0
Elvin_Ramirez	1	1	0	0	0	0	0	0	0	0	0	0	0	0	0	0	0	0
J.C._Ramirez	1	1	0	0	0	0	0	0	0	0	0	0	0	0	0	0	0	0
Neil_Ramirez	1	1	1	1	0	0	0	0	0	1	1	2	3	0	0	0	0	0
Ramon_Ramirez	1	1	0	0	0	0	0	0	0	0	0	0	0	0	0	0	0	0
Darrell_Rasner	1	1	0	0	0	0	0	0	0	0	0	0	0	0	0	0	0	0
Chris_Ray		1	1	0	0	0	0	0	0	1	0	0	0	0	0	0	0	0	0
Ryan_Reid	1	1	0	0	0	0	0	0	0	0	0	0	0	0	0	0	0	0
Juan_Rincon	1	1	0	0	0	0	0	0	1	0	0	0	0	0	0	0	0	0
David_Riske	1	1	0	0	0	0	0	0	1	0	0	0	0	0	0	0	0	0
Kenny_Roberts	1	1	0	0	0	0	0	0	0	0	0	0	0	0	0	0	0	0
Connor_Robertson	1	0	0	0	0	0	0	1	0	0	1	0	0	0	0	1	0	0
David_Robertson	1	1	0	0	0	0	0	0	1	0	0	0	0	0	0	0	0	0
Josh_Roenicke	1	1	0	0	0	0	0	0	0	0	0	0	0	0	0	0	0	0
Esmil_Rogers	1	1	0	0	0	0	0	0	1	0	0	0	0	0	0	0	0	0
J.C._Romero	1	1	0	0	0	0	0	0	0	0	0	0	0	0	0	0	0	0
Sandy_Rosario	1	0	0	0	0	0	0	1	0	0	1	0	0	0	0	0	0	0
Seth_Rosin	1	1	0	0	0	0	0	0	0	0	0	0	0	0	0	0	0	0
Robbie_Ross	1	1	0	0	0	0	0	0	1	0	0	0	0	0	0	0	0	0
Josh_Rupe	1	1	0	0	0	0	0	0	0	0	0	0	0	0	0	0	0	1
Jae_Kuk_Ryu	1	1	1	1	0	0	0	0	0	1	1	2	3	0	0	0	0	0
Jesus_Sanchez	1	1	0	0	0	0	0	0	0	0	0	0	0	0	0	0	0	0
Sergio_Santos	1	1	0	0	0	0	0	0	1	0	0	0	0	0	0	0	0	0
Kazuhiro_Sasaki	1	0	0	0	0	0	0	1	0	0	1	0	0	0	0	0	0	0
Travis_Schlichting	1	1	0	0	0	0	0	0	0	0	0	0	0	0	0	0	0	0
Steve_Schmoll	1	1	0	0	0	0	0	0	0	0	0	0	0	0	0	0	0	0
Zack_Segovia	1	1	0	0	0	0	0	0	0	0	0	0	0	0	0	0	0	0
Jeff_Shaw		1	1	0	0	0	0	0	0	0	0	0	0	0	0	0	0	0	0
Scot_Shields	1	1	0	0	0	0	0	0	1	0	0	0	0	0	0	0	0	0
Jason_Shiell	1	1	0	0	0	0	0	0	0	0	0	0	0	0	0	0	0	0
Brian_Shouse	1	1	0	0	0	0	0	0	0	0	0	0	0	0	0	0	0	0
Chasen_Shreve	1	1	0	0	0	0	0	0	0	0	0	0	0	0	0	0	0	0
Paul_Shuey	1	1	1	0	0	0	1	0	0	1	1	1	2	0	0	0	0	0
Allan_Simpson	1	0	0	0	0	0	0	1	0	0	1	0	0	0	0	0	0	0
Carson_Smith	1	1	0	0	0	0	0	0	0	0	0	0	0	0	0	0	0	0
Chris_Smith	1	1	0	0	0	0	0	0	0	0	0	0	0	0	0	0	0	0
Jordan_Smith	1	1	0	0	0	0	0	0	1	0	0	0	0	0	0	0	0	0
Sammy_Solis	1	0	0	0	0	0	0	1	0	0	1	0	0	0	0	0	0	0
Jerry_Spradlin	1	1	0	0	0	0	0	0	1	0	0	0	0	0	0	0	0	0
Chris_Spurling	1	1	1	0	0	0	0	0	0	1	1	1	2	0	0	0	0	0
Jason_Standridge	1	1	1	0	0	0	0	0	0	1	1	1	2	0	0	0	0	0
Mitch_Stetter	1	1	1	1	0	0	0	0	0	1	1	2	3	0	0	0	0	0
Tobi_Stoner	1	1	1	0	0	0	0	0	0	1	1	1	2	0	0	0	0	0
Pedro_Strop	1	1	0	0	0	0	0	0	0	0	0	0	0	0	0	0	0	0
Tanyon_Sturtze	1	0	0	0	0	0	0	1	0	0	1	0	0	0	0	0	0	0
Ken_Takahashi	1	1	0	0	0	0	0	0	0	0	0	0	0	0	0	0	0	0
Justin_Thomas	1	1	1	0	0	1	2	0	0	1	1	4	5	0	0	0	0	0
Alex_Torres	1	0	0	0	0	0	0	1	0	0	1	0	0	0	0	0	0	0
Josh_Towers	1	1	0	0	0	0	0	0	0	0	0	0	0	0	0	0	0	0
Blake_Treinen	1	1	0	0	0	0	0	0	0	0	0	0	0	0	0	0	0	0
Jose_Valdez	1	1	0	0	0	0	0	0	0	0	0	0	0	0	0	0	0	0
Joe_Valentine	1	1	0	0	0	0	0	0	0	0	0	0	0	0	0	0	0	0
Jorge_Vasquez	1	1	1	1	0	0	0	0	0	1	1	2	3	0	0	0	0	0
Brandon_Villafuerte	1	1	0	0	0	0	0	0	0	0	0	0	0	0	0	0	0	0
Jamie_Walker	1	1	0	0	0	0	0	0	0	0	0	0	0	0	0	0	0	0
Wei-Chung_Wang	1	0	0	0	0	0	0	1	0	0	1	0	0	0	0	0	0	0
John_Wasdin	1	1	0	0	0	0	0	0	0	0	0	0	0	0	0	0	0	0
Ben_Weber	1	1	0	0	0	0	0	0	1	0	0	0	0	0	0	0	0	0
Matt_Whiteside	1	1	0	0	0	0	0	0	0	0	0	0	0	0	0	0	0	0
Tom_Wilhelmsen	1	1	1	0	0	0	0	0	0	1	1	1	2	0	0	0	0	0
Justin_Wilson	1	1	0	0	0	0	0	0	1	0	0	0	0	0	0	0	0	0
Joe_Winkelsas	1	1	1	0	0	0	0	0	0	1	1	1	2	0	0	0	0	0
Chris_Withrow	1	1	1	0	0	0	1	0	0	1	1	1	2	0	0	0	0	0
Mark_Wohlers	1	1	0	0	0	0	0	0	0	0	0	0	0	0	0	0	0	0
Ross_Wolf	1	1	1	0	0	1	2	0	0	1	1	4	5	0	0	0	0	0
Rob_Wooten	1	1	0	0	0	0	0	0	0	0	0	0	0	0	0	0	0	0
Kelly_Wunsch	1	1	0	0	0	0	0	0	0	0	0	0	0	0	0	0	0	0
Keiichi_Yabu	1	1	1	1	0	0	1	0	0	1	1	2	3	0	0	0	0	0
Mauro_Zarate	1	1	0	0	0	0	0	0	0	0	0	0	0	0	0	0	0	0
