Jeremy_Guthrie	49	49	18	7	1	1	9	0	5	0.367	0.367	0.612	0.98	0	0	0	0	0
Roy_Halladay	49	48	9	0	0	1	1	1	7	0.188	0.204	0.25	0.454	0	0	0	0	2
Josh_Beckett	47	41	12	3	0	0	4	3	8	0.293	0.348	0.366	0.714	1	1	0	1	1
Jon_Lester	47	45	13	2	0	1	4	2	9	0.289	0.319	0.4	0.719	0	0	0	0	0
John_Lackey	43	40	13	4	0	1	2	3	7	0.325	0.372	0.5	0.872	0	0	0	0	1
Clay_Buchholz	37	34	7	0	0	1	3	3	3	0.206	0.27	0.294	0.564	0	0	1	0	0
Ervin_Santana	36	32	8	1	0	1	2	4	5	0.25	0.333	0.375	0.708	0	0	0	0	0
Roberto_Hernandez	35	31	11	3	0	2	5	4	3	0.355	0.429	0.645	1.074	0	0	0	0	0
Justin_Masterson	35	30	16	2	1	1	3	4	0	0.533	0.571	0.767	1.338	0	1	0	0	0
Justin_Verlander	35	32	7	1	1	1	6	2	6	0.219	0.257	0.406	0.663	0	1	0	0	0
Mark_Buehrle	34	34	19	5	0	2	9	0	2	0.559	0.559	0.882	1.441	0	0	0	0	1
Scott_Kazmir	34	33	12	2	0	1	5	0	5	0.364	0.364	0.515	0.879	1	0	0	0	0
James_Shields	34	30	7	2	0	0	1	3	2	0.233	0.303	0.3	0.603	1	0	0	0	1
John_Danks	32	31	7	3	0	0	4	1	2	0.226	0.25	0.323	0.573	0	0	0	0	0
Jered_Weaver	32	31	5	0	0	1	2	1	3	0.161	0.188	0.258	0.446	0	0	0	0	0
Edwin_Jackson	30	29	9	0	1	0	1	0	5	0.31	0.31	0.379	0.69	1	0	0	0	1
Mike_Pelfrey	30	25	7	1	0	0	1	4	3	0.28	0.379	0.32	0.699	1	0	0	0	0
David_Price	30	29	9	1	0	1	3	1	3	0.31	0.333	0.448	0.782	0	0	0	0	1
Anibal_Sanchez	30	30	15	1	1	0	5	0	4	0.5	0.5	0.6	1.1	0	0	0	0	1
Edinson_Volquez	30	28	9	2	0	1	3	2	3	0.321	0.367	0.5	0.867	0	0	0	0	1
A.J._Burnett	28	27	4	0	0	0	1	1	4	0.148	0.179	0.148	0.327	0	0	0	0	1
Erik_Bedard	27	25	6	2	0	1	6	2	5	0.24	0.296	0.44	0.736	0	0	0	0	1
Rick_Porcello	27	25	14	4	0	1	3	2	1	0.56	0.593	0.84	1.433	0	0	1	0	1
Joe_Saunders	27	22	8	1	0	1	2	3	3	0.364	0.44	0.545	0.985	2	0	1	0	0
Chris_Tillman	27	24	9	2	0	1	6	0	3	0.375	0.37	0.583	0.954	0	2	0	1	0
Jake_Westbrook	26	26	5	0	0	1	2	0	1	0.192	0.192	0.308	0.5	0	0	0	0	1
Chris_Archer	25	23	5	0	0	0	3	1	3	0.217	0.24	0.217	0.457	0	1	0	0	0
Felix_Hernandez	25	21	5	1	0	0	2	2	2	0.238	0.292	0.286	0.577	1	1	0	0	1
Ubaldo_Jimenez	25	22	6	1	0	0	1	3	4	0.273	0.36	0.318	0.678	0	0	0	0	0
Ricky_Nolasco	25	25	11	2	0	1	4	0	3	0.44	0.44	0.64	1.08	0	0	0	0	0
Cole_Hamels	24	22	8	1	0	1	2	2	3	0.364	0.417	0.545	0.962	0	0	0	0	1
Daniel_Cabrera	23	21	3	3	0	0	4	2	3	0.143	0.217	0.286	0.503	0	0	0	0	1
Brian_Duensing	23	23	7	1	0	0	1	0	1	0.304	0.304	0.348	0.652	0	0	0	0	1
Francisco_Liriano	23	22	7	1	0	0	1	1	3	0.318	0.348	0.364	0.711	0	0	0	0	1
Carlos_Carrasco	22	18	8	1	0	1	7	3	3	0.444	0.5	0.667	1.167	0	1	0	0	1
Danny_Duffy	22	20	4	2	0	1	4	0	3	0.2	0.238	0.45	0.688	1	0	0	1	0
Phil_Hughes	22	22	7	0	0	0	0	0	4	0.318	0.318	0.318	0.636	0	0	0	0	1
Corey_Kluber	22	22	9	3	1	0	3	0	5	0.409	0.409	0.636	1.045	0	0	0	0	0
Cliff_Lee		22	21	5	0	0	1	1	1	2	0.238	0.273	0.381	0.654	0	0	0	0	0
Shaun_Marcum	22	21	7	0	0	0	2	1	4	0.333	0.364	0.333	0.697	0	0	0	0	0
Clayton_Richard	22	20	8	3	0	0	2	1	1	0.4	0.409	0.55	0.959	0	1	1	0	2
Curt_Schilling	22	20	5	1	0	1	1	2	1	0.25	0.318	0.45	0.768	0	0	0	0	1
Jeremy_Bonderman	21	20	7	0	1	0	5	1	1	0.35	0.381	0.45	0.831	0	0	0	0	0
Johnny_Cueto	21	18	7	1	0	0	0	3	5	0.389	0.476	0.444	0.921	0	0	1	0	1
R.A._Dickey	21	21	6	0	1	2	4	0	1	0.286	0.286	0.667	0.952	0	0	0	0	0
Joe_Blanton	20	19	5	1	1	0	3	1	2	0.263	0.3	0.421	0.721	0	0	1	0	0
Brian_Burres	20	17	4	0	0	0	0	2	1	0.235	0.35	0.235	0.585	0	0	0	1	0
Gavin_Floyd	20	16	5	1	0	1	5	3	1	0.313	0.4	0.563	0.963	0	1	0	0	1
Derek_Holland	20	19	5	2	0	0	1	1	1	0.263	0.3	0.368	0.668	0	0	0	0	1
Andrew_Miller	20	19	3	0	0	0	0	1	4	0.158	0.2	0.158	0.358	0	0	1	0	1
C.J._Wilson	20	19	6	1	0	1	3	1	3	0.316	0.35	0.526	0.876	0	0	0	0	2
Dan_Haren	19	19	7	1	0	1	3	0	3	0.368	0.368	0.579	0.947	0	0	0	0	0
Livan_Hernandez	19	19	4	2	0	0	1	0	2	0.211	0.211	0.316	0.526	0	0	0	0	1
Colby_Lewis	19	19	6	2	0	1	2	0	4	0.316	0.316	0.579	0.895	0	0	0	0	0
Johan_Santana	19	16	4	2	0	0	0	3	1	0.25	0.368	0.375	0.743	0	0	0	0	0
Jose_Contreras	18	14	3	1	0	0	0	1	4	0.214	0.267	0.286	0.552	3	0	0	0	0
Doug_Fister	18	17	7	1	1	0	1	0	3	0.412	0.412	0.588	1	1	0	0	0	1
Jason_Hammel	18	16	5	1	0	2	5	1	2	0.313	0.389	0.75	1.139	0	0	1	1	0
Bud_Norris	18	15	5	1	0	0	3	3	2	0.333	0.444	0.4	0.844	0	0	0	0	0
Jake_Peavy	18	17	8	2	0	0	1	1	2	0.471	0.5	0.588	1.088	0	0	1	0	0
Alfredo_Simon	18	16	2	1	0	0	1	1	0	0.125	0.167	0.188	0.354	0	1	0	0	0
Brian_Tallet	18	15	2	0	0	0	0	2	2	0.133	0.235	0.133	0.369	1	0	0	0	1
Tim_Wakefield	18	17	6	2	0	0	3	1	3	0.353	0.389	0.471	0.859	0	0	0	0	0
Trevor_Bauer	17	16	1	0	0	1	1	1	2	0.063	0.118	0.25	0.368	0	0	0	0	1
Nick_Blackburn	17	16	3	0	0	1	1	0	2	0.188	0.188	0.375	0.563	1	0	0	0	0
Freddy_Garcia	17	16	3	1	0	1	2	0	3	0.188	0.176	0.438	0.614	0	1	0	0	0
Matt_Garza	17	15	4	0	0	0	0	2	1	0.267	0.353	0.267	0.62	0	0	0	0	1
Kyle_Gibson	17	17	1	0	0	0	0	0	1	0.059	0.059	0.059	0.118	0	0	0	0	2
Dallas_Keuchel	17	16	5	1	0	0	0	1	1	0.313	0.353	0.375	0.728	0	0	0	0	1
Paul_Maholm	17	16	5	1	1	0	1	1	1	0.313	0.353	0.5	0.853	0	0	0	0	2
Kevin_Millwood	17	17	5	1	1	0	1	0	2	0.294	0.294	0.471	0.765	0	0	0	0	0
Josh_Tomlin	17	17	1	0	1	0	0	0	3	0.059	0.059	0.176	0.235	0	0	0	0	0
Jason_Vargas	17	17	5	1	1	1	4	0	3	0.294	0.294	0.647	0.941	0	0	0	0	1
Jarrod_Washburn	17	16	1	0	0	1	1	0	4	0.063	0.063	0.25	0.313	1	0	0	0	1
Paul_Byrd	16	14	6	0	0	2	7	1	0	0.429	0.438	0.857	1.295	0	1	0	0	1
Gio_Gonzalez	16	15	3	0	0	0	1	1	1	0.2	0.25	0.2	0.45	0	0	0	0	0
Miguel_Gonzalez	16	13	2	1	1	0	1	2	1	0.154	0.313	0.385	0.697	0	0	0	1	0
Jeremy_Hellickson	16	16	6	3	0	0	2	0	4	0.375	0.375	0.563	0.938	0	0	0	0	0
Max_Scherzer	16	15	5	1	1	0	2	1	4	0.333	0.375	0.533	0.908	0	0	0	0	1
Andy_Sonnanstine	16	16	5	0	0	0	2	0	0	0.313	0.313	0.313	0.625	0	0	0	0	0
Zack_Greinke	15	14	4	0	1	0	1	1	2	0.286	0.333	0.429	0.762	0	0	0	0	0
J.P._Howell	15	14	3	1	0	0	3	0	3	0.214	0.2	0.286	0.486	0	1	0	0	0
Hiroki_Kuroda	15	15	6	2	0	0	2	0	0	0.4	0.4	0.533	0.933	0	0	0	0	1
Tommy_Milone	15	13	2	0	0	0	1	1	1	0.154	0.2	0.154	0.354	0	1	0	0	0
Ivan_Nova	15	14	8	1	0	2	4	1	1	0.571	0.6	1.071	1.671	0	0	0	0	0
David_Phelps	15	14	5	1	0	2	4	1	3	0.357	0.4	0.857	1.257	0	0	0	0	2
Ricky_Romero	15	15	2	0	0	0	1	0	2	0.133	0.133	0.133	0.267	0	0	0	0	0
CC_Sabathia	15	15	4	0	0	2	2	0	3	0.267	0.267	0.667	0.933	0	0	0	0	0
Kevin_Slowey	15	14	4	0	0	1	4	0	1	0.286	0.267	0.5	0.767	0	1	0	0	0
Grant_Balfour	14	12	2	0	0	0	1	1	4	0.167	0.214	0.167	0.381	0	1	0	0	1
Shawn_Camp	14	13	2	0	0	0	1	0	4	0.154	0.214	0.154	0.368	0	0	0	1	0
Yu_Darvish	14	12	3	1	0	0	3	2	2	0.25	0.357	0.333	0.69	0	0	0	0	0
Ryan_Dempster	14	14	3	1	0	0	1	0	5	0.214	0.214	0.286	0.5	0	0	0	0	0
Josh_Johnson	14	13	3	0	0	1	1	1	5	0.231	0.286	0.462	0.747	0	0	0	0	0
Brandon_League	14	13	3	1	0	0	3	0	1	0.231	0.286	0.308	0.593	0	0	0	1	0
Rodrigo_Lopez	14	12	4	0	0	1	2	1	4	0.333	0.385	0.583	0.968	1	0	0	0	0
Dustin_McGowan	14	11	2	0	0	0	0	3	4	0.182	0.357	0.182	0.539	0	0	0	0	3
Gil_Meche	14	13	3	0	0	1	4	0	2	0.231	0.214	0.462	0.676	0	1	0	0	2
Brett_Myers	14	12	2	0	0	0	0	2	4	0.167	0.286	0.167	0.452	0	0	0	0	0
Jon_Niese	14	12	4	1	0	0	1	2	3	0.333	0.429	0.417	0.845	0	0	0	0	0
Oliver_Perez	14	14	0	0	0	0	0	0	2	0	0	0	0	0	0	0	0	0
Junichi_Tazawa	14	13	4	0	1	0	1	1	2	0.308	0.357	0.462	0.819	0	0	0	0	1
Wade_Davis	13	11	2	2	0	0	2	1	3	0.182	0.231	0.364	0.594	0	1	0	0	0
Chad_Durbin	13	12	2	0	0	0	0	1	2	0.167	0.231	0.167	0.397	0	0	1	0	0
Jon_Garland	13	13	3	0	1	1	1	0	2	0.231	0.231	0.615	0.846	0	0	0	0	0
Clayton_Kershaw	13	11	2	0	0	1	1	2	4	0.182	0.308	0.455	0.762	0	0	0	0	0
Adam_Loewen	13	11	3	1	0	0	2	1	1	0.273	0.308	0.364	0.671	0	1	0	0	0
Darren_Oliver	13	13	4	0	0	0	0	0	2	0.308	0.308	0.308	0.615	0	0	0	0	0
Carl_Pavano	13	13	5	1	0	0	0	0	4	0.385	0.385	0.462	0.846	0	0	0	0	0
Michael_Pineda	13	13	4	0	0	0	0	0	0	0.308	0.308	0.308	0.615	0	0	0	0	0
Joel_Pineiro	13	10	2	0	0	0	2	3	1	0.2	0.385	0.2	0.585	0	0	1	0	0
Ramon_Ramirez	13	12	3	0	0	0	0	0	1	0.25	0.25	0.25	0.5	1	0	0	0	1
Nate_Robertson	13	13	3	0	0	0	0	0	0	0.231	0.231	0.231	0.462	0	0	0	0	0
Francisco_Rodriguez	13	12	4	0	1	0	1	0	2	0.333	0.308	0.5	0.808	0	1	0	0	0
Barry_Zito	13	11	3	0	0	0	1	1	1	0.273	0.333	0.273	0.606	1	0	0	0	0
Jake_Arrieta	12	11	1	0	0	1	2	0	1	0.091	0.091	0.364	0.455	1	0	0	0	0
Bronson_Arroyo	12	12	4	0	0	0	1	0	1	0.333	0.333	0.333	0.667	0	0	0	0	0
Chad_Billingsley	12	12	2	1	1	0	1	0	2	0.167	0.167	0.417	0.583	0	0	0	0	0
Zach_Britton	12	11	4	0	0	0	1	0	0	0.364	0.364	0.364	0.727	1	0	0	0	2
Chris_Carpenter	12	12	3	0	0	0	1	0	0	0.25	0.25	0.25	0.5	0	0	0	0	0
Alex_Cobb	12	12	3	0	0	0	0	0	1	0.25	0.25	0.25	0.5	0	0	0	0	0
Jason_Frasor	12	11	3	2	0	0	1	1	3	0.273	0.333	0.455	0.788	0	0	0	0	0
Luke_Hochevar	12	9	2	1	0	0	0	3	1	0.222	0.417	0.333	0.75	0	0	0	0	1
Kevin_Jepsen	12	11	3	0	0	0	1	1	2	0.273	0.333	0.273	0.606	0	0	0	0	0
Mat_Latos	12	12	3	1	0	0	0	0	2	0.25	0.25	0.333	0.583	0	0	0	0	0
Lance_Lynn	12	10	2	0	0	0	1	2	3	0.2	0.333	0.2	0.533	0	0	0	0	0
Jason_Marquis	12	11	1	0	0	0	1	0	1	0.091	0.083	0.091	0.174	0	1	0	0	0
Daisuke_Matsuzaka	12	10	0	0	0	0	0	1	0	0	0.091	0	0.091	1	0	0	0	2
Brandon_McCarthy	12	12	5	1	0	3	5	0	2	0.417	0.417	1.25	1.667	0	0	0	0	0
Jamie_Moyer	12	10	2	1	0	0	2	2	0	0.2	0.333	0.3	0.633	0	0	0	0	0
Jake_Odorizzi	12	12	3	1	0	0	1	0	4	0.25	0.25	0.333	0.583	0	0	0	0	0
Glen_Perkins	12	12	5	0	0	0	3	0	1	0.417	0.417	0.417	0.833	0	0	0	0	1
Adam_Wainwright	12	11	1	0	0	0	0	1	0	0.091	0.167	0.091	0.258	0	0	0	0	0
Jamie_Walker	12	11	3	0	0	0	2	1	1	0.273	0.333	0.273	0.606	0	0	0	0	0
Craig_Breslow	11	9	2	0	0	0	0	2	5	0.222	0.364	0.222	0.586	0	0	0	0	0
Chris_Capuano	11	11	1	1	0	0	1	0	1	0.091	0.091	0.182	0.273	0	0	0	0	0
Jorge_De_La_Rosa	11	9	3	2	0	0	0	2	0	0.333	0.455	0.556	1.01	0	0	0	0	0
Felix_Doubront	11	10	4	2	0	1	4	1	0	0.4	0.455	0.9	1.355	0	0	0	0	0
Zach_Duke	11	11	3	0	0	0	0	0	2	0.273	0.273	0.273	0.545	0	0	0	0	0
Marco_Estrada	11	10	1	0	0	0	0	1	0	0.1	0.182	0.1	0.282	0	0	0	0	1
Tom_Gorzelanny	11	8	2	0	0	0	0	3	2	0.25	0.455	0.25	0.705	0	0	0	0	0
Luke_Gregerson	11	10	3	0	0	0	1	1	2	0.3	0.364	0.3	0.664	0	0	1	0	0
Joe_Kelly		11	11	4	3	0	0	2	0	2	0.364	0.364	0.636	1	0	0	0	0	0
Edward_Mujica	11	11	5	1	1	1	2	0	0	0.455	0.455	1	1.455	0	0	0	0	0
Hideki_Okajima	11	7	1	0	0	0	1	2	3	0.143	0.3	0.143	0.443	1	1	0	0	0
Jonathan_Papelbon	11	7	3	1	0	1	2	3	1	0.429	0.6	1	1.6	1	0	0	0	0
Brad_Penny	11	11	4	0	0	0	1	0	2	0.364	0.364	0.364	0.727	0	0	0	0	0
Joel_Peralta	11	9	2	2	0	0	1	2	2	0.222	0.364	0.444	0.808	0	0	1	0	0
Rafael_Perez	11	10	1	0	0	0	1	1	1	0.1	0.182	0.1	0.282	0	0	0	0	1
Garrett_Richards	11	8	2	0	0	0	0	2	1	0.25	0.4	0.25	0.65	1	0	0	0	2
Wandy_Rodriguez	11	9	3	2	0	0	2	2	3	0.333	0.455	0.556	1.01	0	0	0	0	0
Tyson_Ross	11	11	3	0	0	0	0	0	0	0.273	0.273	0.273	0.545	0	0	0	0	2
Danny_Salazar	11	10	2	0	0	0	0	1	2	0.2	0.273	0.2	0.473	0	0	0	0	0
Chris_Sale	11	11	1	0	0	1	1	0	4	0.091	0.091	0.364	0.455	0	0	0	0	1
Carlos_Silva	11	11	6	0	0	1	5	0	0	0.545	0.545	0.818	1.364	0	0	0	0	0
Hisanori_Takahashi	11	11	0	0	0	0	0	0	3	0	0	0	0	0	0	0	0	0
Yordano_Ventura	11	11	4	2	0	0	2	0	0	0.364	0.364	0.545	0.909	0	0	0	0	1
Randy_Wolf	11	9	4	0	1	0	0	2	0	0.444	0.545	0.667	1.212	0	0	0	0	0
Jeremy_Accardo	10	10	3	1	0	0	0	0	1	0.3	0.3	0.4	0.7	0	0	0	0	0
Brett_Cecil	10	9	3	1	0	1	2	0	3	0.333	0.4	0.778	1.178	0	0	0	1	0
Kevin_Correia	10	10	2	0	0	0	0	0	0	0.2	0.2	0.2	0.4	0	0	0	0	0
Scott_Downs	10	9	4	0	0	0	1	1	0	0.444	0.5	0.444	0.944	0	0	0	0	0
Scott_Feldman	10	10	2	0	0	0	0	0	0	0.2	0.2	0.2	0.4	0	0	0	0	2
Casey_Fossum	10	7	1	0	0	0	0	2	3	0.143	0.333	0.143	0.476	1	0	0	0	0
Gary_Glover	10	9	3	0	0	1	2	0	1	0.333	0.4	0.667	1.067	0	0	0	1	0
Justin_Grimm	10	9	0	0	0	0	1	1	3	0	0.1	0	0.1	0	0	0	0	0
Tim_Hudson	10	8	2	0	1	0	0	2	1	0.25	0.4	0.5	0.9	0	0	0	0	0
Hisashi_Iwakuma	10	10	2	0	0	0	0	0	3	0.2	0.2	0.2	0.4	0	0	0	0	0
Ian_Kennedy	10	10	4	1	0	1	2	0	2	0.4	0.4	0.8	1.2	0	0	0	0	0
Ted_Lilly		10	10	2	1	0	0	0	0	0	0.2	0.2	0.3	0.5	0	0	0	0	0
Trevor_May	10	10	3	0	0	0	2	0	1	0.3	0.3	0.3	0.6	0	0	0	0	0
Matt_Moore	10	10	5	1	0	0	0	0	0	0.5	0.5	0.6	1.1	0	0	0	0	0
Brandon_Morrow	10	7	1	0	0	0	2	2	1	0.143	0.3	0.143	0.443	0	1	0	0	0
Alexi_Ogando	10	10	5	2	0	0	0	0	2	0.5	0.5	0.7	1.2	0	0	0	0	0
Chris_Ray		10	8	3	0	0	0	1	2	1	0.375	0.5	0.375	0.875	0	0	0	0	0
Fernando_Rodney	10	10	4	0	0	0	0	0	3	0.4	0.4	0.4	0.8	0	0	0	0	0
Jae_Weong_Seo	10	9	1	0	0	0	0	1	0	0.111	0.2	0.111	0.311	0	0	0	0	0
Jeremy_Sowers	10	10	0	0	0	0	0	0	1	0	0	0	0	0	0	0	0	1
Ryan_Webb	10	9	3	2	0	0	3	1	0	0.333	0.4	0.556	0.956	0	0	1	0	0
Randy_Wells	10	9	3	0	0	0	0	1	1	0.333	0.4	0.333	0.733	0	0	0	0	0
Brett_Anderson	9	7	4	1	0	1	1	2	0	0.571	0.667	1.143	1.81	0	0	0	0	0
Cody_Anderson	9	9	4	0	0	1	2	0	1	0.444	0.444	0.778	1.222	0	0	0	0	0
Anthony_Bass	9	9	3	2	0	0	0	0	3	0.333	0.333	0.556	0.889	0	0	0	0	0
Boof_Bonser	9	9	5	0	0	0	1	0	1	0.556	0.556	0.556	1.111	0	0	0	0	0
Trevor_Cahill	9	8	2	1	0	0	1	1	1	0.25	0.333	0.375	0.708	0	0	0	0	0
Tyler_Chatwood	9	8	0	0	0	0	0	1	2	0	0.111	0	0.111	0	0	0	0	0
Rubby_De_La_Rosa	9	8	3	1	0	0	2	1	0	0.375	0.444	0.5	0.944	0	0	0	0	1
Jeff_Francis	9	7	4	1	0	1	2	2	0	0.571	0.667	1.143	1.81	0	0	0	0	0
Jaime_Garcia	9	8	1	0	0	0	0	1	0	0.125	0.222	0.125	0.347	0	0	0	0	0
Kevin_Gausman	9	8	2	0	0	0	1	1	1	0.25	0.333	0.25	0.583	0	0	0	0	0
Shawn_Kelley	9	7	0	0	0	0	0	2	1	0	0.222	0	0.222	0	0	1	0	0
Kyle_Kendrick	9	9	2	0	0	0	0	0	1	0.222	0.222	0.222	0.444	0	0	0	0	0
Mike_Leake	9	9	3	1	0	0	0	0	0	0.333	0.333	0.444	0.778	0	0	0	0	0
Tim_Lincecum	9	9	3	0	0	0	0	0	1	0.333	0.333	0.333	0.667	0	0	0	0	0
Jesse_Litsch	9	9	5	0	1	0	1	0	0	0.556	0.556	0.778	1.333	0	0	0	0	0
Ryan_Madson	9	9	2	0	0	0	0	0	0	0.222	0.222	0.222	0.444	0	0	0	0	1
Nick_Martinez	9	7	2	0	0	0	0	0	1	0.286	0.444	0.286	0.73	0	0	0	2	0
Pedro_Martinez	9	8	2	0	0	0	0	1	3	0.25	0.333	0.25	0.583	0	0	1	0	0
James_McDonald	9	8	2	1	0	0	0	1	1	0.25	0.333	0.375	0.708	0	0	0	0	1
Jake_McGee	9	9	1	0	0	1	3	0	1	0.111	0.111	0.444	0.556	0	0	0	0	0
Kris_Medlen	9	9	3	0	0	0	2	0	1	0.333	0.333	0.333	0.667	0	0	0	0	0
Wade_Miley	9	9	5	2	0	0	2	0	0	0.556	0.556	0.778	1.333	0	0	0	0	0
Franklin_Morales	9	8	1	0	0	0	1	0	1	0.125	0.111	0.125	0.236	0	1	0	0	0
Charlie_Morton	9	9	3	0	0	1	1	0	0	0.333	0.333	0.667	1	0	0	0	0	0
Joe_Nathan	9	8	2	0	0	0	2	0	2	0.25	0.25	0.25	0.5	1	0	0	0	0
Jeff_Niemann	9	7	3	0	0	0	0	2	0	0.429	0.556	0.429	0.984	0	0	0	0	0
Darren_O'Day	9	9	3	1	0	0	1	0	1	0.333	0.333	0.444	0.778	0	0	0	0	0
Will_Ohman	9	9	2	1	0	0	1	0	2	0.222	0.222	0.333	0.556	0	0	0	0	0
Cesar_Ramos	9	8	2	0	0	0	1	1	2	0.25	0.333	0.25	0.583	0	0	0	0	0
Marc_Rzepczynski	9	8	2	0	0	0	0	1	0	0.25	0.333	0.25	0.583	0	0	0	0	0
Bryan_Shaw	9	9	4	0	0	1	3	0	1	0.444	0.444	0.778	1.222	0	0	0	0	0
Zach_Stewart	9	9	3	0	0	0	1	0	1	0.333	0.333	0.333	0.667	0	0	0	0	1
Brian_Stokes	9	7	3	1	0	0	2	2	1	0.429	0.556	0.571	1.127	0	0	0	0	0
Huston_Street	9	8	2	0	0	0	0	1	3	0.25	0.333	0.25	0.583	0	0	0	0	0
Masahiro_Tanaka	9	8	3	1	0	1	1	1	2	0.375	0.444	0.875	1.319	0	0	0	0	0
Matt_Thornton	9	8	1	0	0	1	3	0	4	0.125	0.125	0.5	0.625	1	0	0	0	0
Steve_Trachsel	9	9	2	0	0	0	0	0	2	0.222	0.222	0.222	0.444	0	0	0	0	0
Chris_Young	9	8	4	2	1	0	1	1	1	0.5	0.556	1	1.556	0	0	0	0	0
Burke_Badenhop	8	7	4	1	0	0	1	1	0	0.571	0.625	0.714	1.339	0	0	0	0	0
Brian_Bannister	8	7	3	1	0	0	1	1	0	0.429	0.5	0.571	1.071	0	0	0	0	0
Matt_Belisle	8	8	2	1	0	0	2	0	0	0.25	0.25	0.375	0.625	0	0	0	0	2
Dellin_Betances	8	7	1	1	0	0	1	1	1	0.143	0.25	0.286	0.536	0	0	0	0	0
Rafael_Betancourt	8	7	2	1	0	0	0	0	2	0.286	0.286	0.429	0.714	1	0	0	0	0
Bartolo_Colon	8	8	5	1	1	0	0	0	0	0.625	0.625	1	1.625	0	0	0	0	0
Neal_Cotts	8	8	2	0	0	0	1	0	0	0.25	0.25	0.25	0.5	0	0	0	0	0
Jesse_Crain	8	7	1	0	0	0	1	0	1	0.143	0.125	0.143	0.268	0	1	0	0	0
Kyle_Davies	8	7	1	0	0	0	1	1	0	0.143	0.25	0.143	0.393	0	0	0	0	0
Kelvim_Escobar	8	6	1	0	0	0	0	2	2	0.167	0.375	0.167	0.542	0	0	0	0	0
Frank_Francisco	8	6	1	0	0	0	0	2	0	0.167	0.375	0.167	0.542	0	0	0	0	0
Chad_Gaudin	8	5	1	0	0	0	0	3	0	0.2	0.5	0.2	0.7	0	0	0	0	0
Sonny_Gray	8	7	2	1	0	0	0	1	0	0.286	0.375	0.429	0.804	0	0	0	0	1
Shane_Greene	8	6	3	1	0	0	0	2	0	0.5	0.625	0.667	1.292	0	0	0	0	0
J.A._Happ		8	7	2	0	0	1	2	0	1	0.286	0.286	0.714	1	1	0	0	0	0
Jim_Johnson	8	8	2	1	0	0	2	0	1	0.25	0.25	0.375	0.625	0	0	0	0	0
John_Lannan	8	7	1	0	0	0	1	1	2	0.143	0.25	0.143	0.393	0	0	0	0	0
Ron_Mahay	8	6	1	0	0	0	0	2	2	0.167	0.375	0.167	0.542	0	0	0	0	1
Scott_Olsen	8	6	0	0	0	0	0	2	0	0	0.25	0	0.25	0	0	1	0	0
Garrett_Olson	8	7	1	0	0	0	1	0	0	0.143	0.25	0.143	0.393	0	0	0	1	0
Manny_Parra	8	7	1	0	0	0	1	1	1	0.143	0.25	0.143	0.393	0	0	0	0	0
David_Robertson	8	7	2	0	0	0	2	1	2	0.286	0.375	0.286	0.661	0	0	0	0	0
Fernando_Rodriguez	8	6	3	0	0	0	3	2	0	0.5	0.625	0.5	1.125	0	0	1	0	0
Fernando_Salas	8	7	2	1	0	0	0	1	2	0.286	0.375	0.429	0.804	0	0	0	0	0
Jonathan_Sanchez	8	7	2	1	0	0	0	1	0	0.286	0.375	0.429	0.804	0	0	0	0	0
Hector_Santiago	8	8	1	1	0	0	2	0	1	0.125	0.125	0.25	0.375	0	0	0	0	0
Matt_Shoemaker	8	7	4	1	0	0	1	0	0	0.571	0.5	0.714	1.214	0	1	0	0	0
Kyle_Snyder	8	7	1	1	0	0	1	1	3	0.143	0.25	0.286	0.536	0	0	0	0	0
Mike_Timlin	8	8	3	0	0	0	1	0	0	0.375	0.375	0.375	0.75	0	0	0	0	0
Josh_Towers	8	8	5	2	1	0	2	0	1	0.625	0.625	1.125	1.75	0	0	0	0	0
Javier_Vazquez	8	7	3	1	1	0	1	1	0	0.429	0.5	0.857	1.357	0	0	0	0	0
Jose_Veras	8	6	0	0	0	0	0	2	3	0	0.25	0	0.25	0	0	0	0	0
Tom_Wilhelmsen	8	8	0	0	0	0	0	0	2	0	0	0	0	0	0	0	0	0
Jamey_Wright	8	6	1	0	0	0	0	1	2	0.167	0.375	0.167	0.542	0	0	0	1	0
Jeremy_Affeldt	7	7	2	0	0	0	1	0	0	0.286	0.286	0.286	0.571	0	0	0	0	1
Cody_Allen	7	7	1	0	0	0	1	0	0	0.143	0.143	0.143	0.286	0	0	0	0	0
Brian_Bass	7	7	1	0	0	0	0	0	0	0.143	0.143	0.143	0.286	0	0	0	0	1
Santiago_Casilla	7	7	3	1	0	0	0	0	1	0.429	0.429	0.571	1	0	0	0	0	0
Jesse_Chavez	7	7	4	0	0	0	1	0	1	0.571	0.571	0.571	1.143	0	0	0	0	0
Manny_Delcarmen	7	7	2	0	0	0	0	0	1	0.286	0.286	0.286	0.571	0	0	0	0	0
Dillon_Gee	7	7	3	0	0	0	0	0	1	0.429	0.429	0.429	0.857	0	0	0	0	0
Blaine_Hardy	7	6	3	1	0	0	1	1	0	0.5	0.571	0.667	1.238	0	0	0	0	0
David_Hernandez	7	7	2	0	0	0	0	0	1	0.286	0.286	0.286	0.571	0	0	0	0	0
Tommy_Hunter	7	7	3	0	0	0	0	0	0	0.429	0.429	0.429	0.857	0	0	0	0	1
Bobby_Jenks	7	5	2	0	0	0	1	1	0	0.4	0.429	0.4	0.829	0	1	0	0	0
Kameron_Loe	7	7	2	1	0	0	2	0	1	0.286	0.286	0.429	0.714	0	0	0	0	0
T.J._McFarland	7	7	2	0	0	0	1	0	0	0.286	0.286	0.286	0.571	0	0	0	0	0
Ramon_Ortiz	7	7	0	0	0	0	0	0	1	0	0	0	0	0	0	0	0	0
Vicente_Padilla	7	5	2	1	0	0	1	2	0	0.4	0.571	0.6	1.171	0	0	0	0	0
David_Pauley	7	6	0	0	0	0	0	1	0	0	0.143	0	0.143	0	0	0	0	1
Wily_Peralta	7	6	2	1	0	0	0	1	0	0.333	0.429	0.5	0.929	0	0	0	0	2
Odalis_Perez	7	6	1	1	0	0	0	1	0	0.167	0.286	0.333	0.619	0	0	0	0	1
J.J._Putz		7	6	0	0	0	0	0	1	1	0	0.143	0	0.143	0	0	0	0	0
Jose_Quintana	7	7	1	1	0	0	0	0	1	0.143	0.143	0.286	0.429	0	0	0	0	0
Dennys_Reyes	7	7	3	0	0	0	0	0	0	0.429	0.429	0.429	0.857	0	0	0	0	0
David_Riske	7	6	3	1	0	0	2	0	0	0.5	0.429	0.667	1.095	0	1	0	0	0
Robbie_Ross	7	7	0	0	0	0	0	0	2	0	0	0	0	0	0	0	0	0
Scot_Shields	7	6	1	0	0	0	0	1	0	0.167	0.286	0.167	0.452	0	0	0	0	0
Tony_Sipp	7	6	1	1	0	0	1	1	1	0.167	0.286	0.333	0.619	0	0	0	0	0
Tyler_Skaggs	7	7	2	0	0	0	0	0	0	0.286	0.286	0.286	0.571	0	0	0	0	0
Joakim_Soria	7	7	2	0	0	0	0	0	1	0.286	0.286	0.286	0.571	0	0	0	0	0
Craig_Stammen	7	6	2	2	0	0	4	0	0	0.333	0.286	0.667	0.952	0	1	0	0	0
Julian_Tavarez	7	5	2	0	0	0	3	2	0	0.4	0.571	0.4	0.971	0	0	0	0	0
Rob_Tejeda	7	6	1	0	0	0	0	1	0	0.167	0.286	0.167	0.452	0	0	0	0	0
Nick_Tepesch	7	7	4	0	0	1	2	0	0	0.571	0.571	1	1.571	0	0	0	0	0
David_Wells	7	6	2	0	0	0	0	0	1	0.333	0.333	0.333	0.667	1	0	0	0	0
Dylan_Axelrod	6	6	3	0	0	0	0	0	0	0.5	0.5	0.5	1	0	0	0	0	0
Danys_Baez	6	6	1	1	0	0	0	0	1	0.167	0.167	0.333	0.5	0	0	0	0	1
John_Bale	6	6	2	0	0	1	3	0	1	0.333	0.333	0.833	1.167	0	0	0	0	0
Joaquin_Benoit	6	6	1	0	0	0	0	0	2	0.167	0.167	0.167	0.333	0	0	0	0	0
Matt_Cain	6	6	1	0	0	0	2	0	1	0.167	0.167	0.167	0.333	0	0	0	0	0
Matt_Capps	6	3	1	0	0	0	0	1	0	0.333	0.5	0.333	0.833	2	0	0	0	0
Scott_Carroll	6	4	3	0	0	0	0	1	0	0.75	0.8	0.75	1.55	1	0	0	0	0
Gerrit_Cole	6	5	1	0	0	0	1	0	0	0.2	0.167	0.2	0.367	0	1	0	0	0
Doug_Davis	6	4	2	1	0	0	0	2	0	0.5	0.667	0.75	1.417	0	0	0	0	0
Justin_Duchscherer	6	5	0	0	0	0	0	1	1	0	0.167	0	0.167	0	0	0	0	0
Adam_Eaton	6	6	2	2	0	0	2	0	1	0.333	0.333	0.667	1	0	0	0	0	0
Scott_Elarton	6	6	0	0	0	0	0	0	0	0	0	0	0	0	0	0	0	0
Nathan_Eovaldi	6	6	3	0	0	0	2	0	0	0.5	0.5	0.5	1	0	0	0	0	0
Mike_Fiers	6	6	0	0	0	0	0	0	0	0	0	0	0	0	0	0	0	0
Luke_French	6	6	0	0	0	0	0	0	0	0	0	0	0	0	0	0	0	1
Jeanmar_Gomez	6	6	1	1	0	0	1	0	2	0.167	0.167	0.333	0.5	0	0	0	0	0
A.J._Griffin	6	6	0	0	0	0	0	0	0	0	0	0	0	0	0	0	0	0
Jason_Grilli	6	5	0	0	0	0	0	1	2	0	0.167	0	0.167	0	0	0	0	0
Matt_Guerrier	6	5	0	0	0	0	0	1	1	0	0.167	0	0.167	0	0	0	0	0
Lucas_Harrell	6	6	3	0	0	0	1	0	0	0.5	0.5	0.5	1	0	0	0	0	0
Matt_Harrison	6	6	1	0	0	0	0	0	0	0.167	0.167	0.167	0.333	0	0	0	0	1
Andrew_Heaney	6	6	0	0	0	0	0	0	1	0	0	0	0	0	0	0	0	0
Liam_Hendriks	6	6	2	0	0	0	1	0	0	0.333	0.333	0.333	0.667	0	0	0	0	0
Kelvin_Herrera	6	4	1	0	0	0	1	2	1	0.25	0.5	0.25	0.75	0	0	0	0	0
Daniel_Hudson	6	6	1	0	0	0	0	0	0	0.167	0.167	0.167	0.333	0	0	0	0	0
Drew_Hutchison	6	4	2	0	0	0	1	1	0	0.5	0.5	0.5	1	0	1	0	0	0
Joe_Kennedy	6	4	1	0	0	0	1	1	0	0.25	0.333	0.25	0.583	0	1	0	0	0
Brian_Matusz	6	3	2	0	0	0	1	3	0	0.667	0.833	0.667	1.5	0	0	0	0	0
Lance_McCullers	6	6	1	0	0	0	1	0	1	0.167	0.167	0.167	0.333	0	0	0	0	1
Collin_McHugh	6	5	1	0	0	0	0	1	0	0.2	0.333	0.2	0.533	0	0	0	0	0
Mike_Minor	6	6	1	0	0	1	1	0	2	0.167	0.167	0.667	0.833	0	0	0	0	0
Jimmy_Nelson	6	5	2	1	0	0	2	0	0	0.4	0.333	0.6	0.933	0	1	0	0	0
Pat_Neshek	6	5	0	0	0	0	0	1	2	0	0.167	0	0.167	0	0	0	0	0
Juan_Nicasio	6	6	0	0	0	0	0	0	0	0	0	0	0	0	0	0	0	0
Hector_Noesi	6	6	3	0	0	1	3	0	0	0.5	0.5	1	1.5	0	0	0	0	0
Brett_Oberholtzer	6	6	1	0	0	0	0	0	1	0.167	0.167	0.167	0.333	0	0	0	0	1
Matt_Palmer	6	6	4	1	0	0	2	0	0	0.667	0.667	0.833	1.5	0	0	0	0	0
John_Parrish	6	5	2	1	0	0	2	1	0	0.4	0.5	0.6	1.1	0	0	0	0	0
Drew_Pomeranz	6	5	2	0	0	0	0	1	0	0.4	0.5	0.4	0.9	0	0	0	0	0
Horacio_Ramirez	6	6	1	0	0	0	0	0	0	0.167	0.167	0.167	0.333	0	0	0	0	0
Josh_Roenicke	6	5	1	0	0	0	1	1	1	0.2	0.333	0.2	0.533	0	0	0	0	0
Kyle_Ryan	6	6	1	0	0	0	0	0	2	0.167	0.167	0.167	0.333	0	0	0	0	0
Jeff_Samardzija	6	6	1	0	0	0	1	0	1	0.167	0.167	0.167	0.333	0	0	0	0	0
Joe_Smith	6	6	1	0	0	0	0	0	1	0.167	0.167	0.167	0.333	0	0	0	0	0
John_Smoltz	6	6	2	0	0	1	3	0	1	0.333	0.333	0.833	1.167	0	0	0	0	0
Tim_Stauffer	6	6	1	1	0	0	0	0	0	0.167	0.167	0.333	0.5	0	0	0	0	0
Josh_Stinson	6	5	3	1	0	1	3	1	0	0.6	0.667	1.4	2.067	0	0	0	0	0
Drew_Storen	6	5	2	1	0	0	0	1	1	0.4	0.5	0.6	1.1	0	0	0	0	0
Koji_Uehara	6	6	0	0	0	0	0	0	3	0	0	0	0	0	0	0	0	0
Jordan_Walden	6	6	1	1	0	0	0	0	5	0.167	0.167	0.333	0.5	0	0	0	0	0
Taijuan_Walker	6	6	2	1	0	0	0	0	0	0.333	0.333	0.5	0.833	0	0	0	0	0
Adam_Warren	6	4	0	0	0	0	1	0	0	0	0	0	0	1	1	0	0	0
Dan_Wheeler	6	5	2	0	0	1	2	0	1	0.4	0.333	1	1.333	0	1	0	0	0
Chase_Whitley	6	5	3	1	0	0	1	1	0	0.6	0.667	0.8	1.467	0	0	0	0	0
Mike_Wright	6	6	3	1	0	0	0	0	1	0.5	0.5	0.667	1.167	0	0	0	0	0
Steven_Wright	6	5	1	0	0	0	0	1	3	0.2	0.333	0.2	0.533	0	0	0	0	0
Jordan_Zimmermann	6	6	1	1	0	0	0	0	2	0.167	0.167	0.333	0.5	0	0	0	0	0
David_Aardsma	5	4	2	0	0	0	0	0	1	0.5	0.5	0.5	1	1	0	0	0	0
Cha-Seung_Baek	5	5	2	1	0	0	1	0	1	0.4	0.4	0.6	1	0	0	0	0	1
Scott_Baker	5	5	1	0	0	0	0	0	1	0.2	0.2	0.2	0.4	0	0	0	0	0
Miguel_Batista	5	3	2	0	0	0	0	2	0	0.667	0.8	0.667	1.467	0	0	0	0	0
Ronald_Belisario	5	4	2	0	0	0	0	1	1	0.5	0.6	0.5	1.1	0	0	0	0	0
Heath_Bell	5	5	2	1	0	0	2	0	1	0.4	0.4	0.6	1	0	0	0	0	0
Kris_Benson	5	4	1	0	0	0	0	1	1	0.25	0.4	0.25	0.65	0	0	0	0	0
Brad_Bergesen	5	5	2	1	0	0	1	0	0	0.4	0.4	0.6	1	0	0	0	0	0
Aaron_Brooks	5	4	3	0	0	1	4	0	1	0.75	0.8	1.5	2.3	0	0	0	1	0
Fernando_Cabrera	5	4	2	1	0	0	1	1	0	0.5	0.6	0.75	1.35	0	0	1	0	0
Joba_Chamberlain	5	3	1	0	0	1	3	2	1	0.333	0.6	1.333	1.933	0	0	0	0	0
Phil_Coke	5	5	2	0	0	1	2	0	1	0.4	0.4	1	1.4	0	0	0	0	1
Francisco_Cordero	5	4	2	1	0	0	2	1	0	0.5	0.6	0.75	1.35	0	0	0	0	0
Lance_Cormier	5	5	1	0	0	0	0	0	0	0.2	0.2	0.2	0.4	0	0	0	0	0
Manny_Corpas	5	5	2	0	0	0	2	0	2	0.4	0.4	0.4	0.8	0	0	0	0	0
Ross_Detwiler	5	5	3	1	0	0	2	0	0	0.6	0.6	0.8	1.4	0	0	0	0	0
Scott_Dohmann	5	5	2	0	0	0	1	0	1	0.4	0.4	0.4	0.8	0	0	0	0	0
Tyler_Duffey	5	5	0	0	0	0	0	0	2	0	0	0	0	0	0	0	0	0
Aaron_Fultz	5	5	3	0	0	0	1	0	0	0.6	0.6	0.6	1.2	0	0	0	0	0
Sean_Gallagher	5	5	2	0	0	0	1	0	1	0.4	0.4	0.4	0.8	0	0	0	0	0
Yovani_Gallardo	5	5	3	0	0	0	0	0	1	0.6	0.6	0.6	1.2	0	0	0	0	0
Tom_Glavine	5	4	0	0	0	0	0	0	0	0	0	0	0	1	0	0	0	1
Joel_Hanrahan	5	4	1	0	0	0	0	1	2	0.25	0.4	0.25	0.65	0	0	0	0	0
Rich_Harden	5	5	2	0	0	0	0	0	1	0.4	0.4	0.4	0.8	0	0	0	0	1
Aaron_Heilman	5	4	2	0	0	0	0	1	0	0.5	0.6	0.5	1.1	0	0	0	0	0
Kyle_Hendricks	5	4	1	0	0	0	0	1	1	0.25	0.4	0.25	0.65	0	0	0	0	1
Mark_Hendrickson	5	5	0	0	0	0	0	0	0	0	0	0	0	0	0	0	0	0
Clay_Hensley	5	5	1	1	0	0	0	0	1	0.2	0.2	0.4	0.6	0	0	0	0	0
Orlando_Hernandez	5	5	1	0	0	0	0	0	1	0.2	0.2	0.2	0.4	0	0	0	0	0
Jim_Hoey		5	5	0	0	0	0	0	0	1	0	0	0	0	0	0	0	0	0
David_Huff	5	5	1	0	0	0	0	0	0	0.2	0.2	0.2	0.4	0	0	0	0	1
Philip_Humber	5	5	0	0	0	0	0	0	0	0	0	0	0	0	0	0	0	0
Casey_Janssen	5	5	0	0	0	0	0	0	0	0	0	0	0	0	0	0	0	0
Jason_Johnson	5	4	1	0	0	0	0	1	0	0.25	0.4	0.25	0.65	0	0	0	0	0
Nate_Karns	5	5	2	1	0	0	0	0	0	0.4	0.4	0.6	1	0	0	0	0	0
Aaron_Laffey	5	4	1	0	0	0	0	1	0	0.25	0.4	0.25	0.65	0	0	0	0	0
Wil_Ledezma	5	5	1	1	0	0	0	0	1	0.2	0.2	0.4	0.6	0	0	0	0	0
Matt_Lindstrom	5	5	2	1	0	0	2	0	1	0.4	0.4	0.6	1	0	0	0	0	0
Scott_Linebrink	5	5	2	0	1	0	0	0	0	0.4	0.4	0.8	1.2	0	0	0	0	0
Boone_Logan	5	5	3	0	0	0	0	0	0	0.6	0.6	0.6	1.2	0	0	0	0	0
Kyle_Lohse	5	5	2	0	0	0	0	0	0	0.4	0.4	0.4	0.8	0	0	0	0	0
Javier_Lopez	5	5	1	1	0	0	0	0	1	0.2	0.2	0.4	0.6	0	0	0	0	0
Brandon_Lyon	5	3	1	0	0	0	2	2	0	0.333	0.6	0.333	0.933	0	0	1	0	0
Jose_Mijares	5	3	2	0	0	0	0	1	0	0.667	0.75	0.667	1.417	1	0	0	0	0
Trever_Miller	5	4	0	0	0	0	1	0	3	0	0	0	0	0	1	0	0	0
Eric_O'Flaherty	5	5	1	0	0	0	1	0	1	0.2	0.2	0.2	0.4	0	0	0	0	0
Dan_Otero	5	5	0	0	0	0	0	0	0	0	0	0	0	0	0	0	0	1
Josh_Outman	5	5	2	1	0	0	2	0	0	0.4	0.4	0.6	1	0	0	0	0	0
Jarrod_Parker	5	5	2	0	0	0	0	0	0	0.4	0.4	0.4	0.8	0	0	0	0	0
Bobby_Parnell	5	4	3	0	0	0	0	1	1	0.75	0.8	0.75	1.55	0	0	0	0	0
Chris_Perez	5	5	3	1	0	0	4	0	2	0.6	0.6	0.8	1.4	0	0	0	0	0
Chad_Qualls	5	4	2	2	0	0	2	1	2	0.5	0.6	1	1.6	0	0	1	0	0
Erasmo_Ramirez	5	4	1	1	0	0	1	1	0	0.25	0.4	0.5	0.9	0	0	0	0	0
Arthur_Rhodes	5	5	1	0	0	0	1	0	1	0.2	0.2	0.2	0.4	0	0	0	0	0
Juan_Rincon	5	4	2	0	0	0	3	1	0	0.5	0.6	0.5	1.1	0	0	0	0	0
Takashi_Saito	5	5	1	0	0	0	0	0	1	0.2	0.2	0.2	0.4	0	0	0	0	1
Dennis_Sarfate	5	3	1	0	0	0	1	2	0	0.333	0.6	0.333	0.933	0	0	0	0	0
Scott_Schoeneweis	5	5	0	0	0	0	0	0	0	0	0	0	0	0	0	0	0	0
Luis_Severino	5	5	1	1	0	0	0	0	0	0.2	0.2	0.4	0.6	0	0	0	0	2
Greg_Smith	5	4	1	0	0	0	0	1	1	0.25	0.4	0.25	0.65	0	0	0	0	0
Ian_Snell		5	4	0	0	0	0	0	1	0	0	0.2	0	0.2	0	0	0	0	0
Justin_Speier	5	4	3	0	0	0	2	1	1	0.75	0.8	0.75	1.55	0	0	0	0	0
Jon_Switzer	5	4	0	0	0	0	0	1	0	0	0.2	0	0.2	0	0	0	0	0
Aaron_Thompson	5	5	1	0	0	0	0	0	1	0.2	0.2	0.2	0.4	0	0	0	0	0
Carlos_Villanueva	5	5	1	0	0	1	3	0	1	0.2	0.2	0.8	1	0	0	0	0	0
Chris_Volstad	5	4	1	0	0	0	1	0	0	0.25	0.2	0.25	0.45	0	1	0	0	0
Jeff_Weaver	5	4	1	0	0	0	1	1	0	0.25	0.4	0.25	0.65	0	0	0	0	0
Todd_Williams	5	4	0	0	0	0	0	1	0	0	0.2	0	0.2	0	0	0	0	1
Dontrelle_Willis	5	5	2	1	0	0	0	0	0	0.4	0.4	0.6	1	0	0	0	0	0
Tyler_Wilson	5	5	1	1	0	0	1	0	0	0.2	0.2	0.4	0.6	0	0	0	0	0
Brian_Wolfe	5	5	3	0	0	1	5	0	1	0.6	0.6	1.2	1.8	0	0	0	0	0
Vance_Worley	5	5	2	0	0	0	0	0	1	0.4	0.4	0.4	0.8	0	0	0	0	0
Carlos_Zambrano	5	4	1	0	0	0	0	1	1	0.25	0.4	0.25	0.65	0	0	0	0	0
Joel_Zumaya	5	4	1	0	0	0	0	1	0	0.25	0.4	0.25	0.65	0	0	0	0	0
Alfredo_Aceves	4	4	1	0	0	0	0	0	2	0.25	0.25	0.25	0.5	0	0	0	0	0
Manny_Acosta	4	3	1	1	0	0	0	1	0	0.333	0.5	0.667	1.167	0	0	0	0	0
Austin_Adams	4	4	1	0	0	0	1	0	1	0.25	0.25	0.25	0.5	0	0	0	0	0
Matt_Albers	4	3	1	0	0	0	1	1	1	0.333	0.5	0.333	0.833	0	0	0	0	1
Jose_Arredondo	4	4	1	0	0	0	1	0	2	0.25	0.25	0.25	0.5	0	0	0	0	0
Andrew_Bailey	4	3	1	0	0	0	1	1	1	0.333	0.5	0.333	0.833	0	0	0	0	0
Josh_Banks	4	3	0	0	0	0	0	1	1	0	0.25	0	0.25	0	0	0	0	0
Rob_Bell		4	4	2	1	0	0	2	0	0	0.5	0.5	0.75	1.25	0	0	0	0	0
Jason_Berken	4	4	1	1	0	0	0	0	0	0.25	0.25	0.5	0.75	0	0	0	0	0
Chris_Bootcheck	4	3	2	0	0	0	1	1	0	0.667	0.75	0.667	1.417	0	0	0	0	1
Dallas_Braden	4	3	1	0	0	0	0	1	0	0.333	0.5	0.333	0.833	0	0	0	0	0
Chad_Bradford	4	3	0	0	0	0	0	0	1	0	0.25	0	0.25	0	0	0	1	0
Ryan_Braun	4	4	4	1	0	0	2	0	0	1	1	1.25	2.25	0	0	0	0	0
Chris_Britton	4	3	1	0	0	0	0	1	1	0.333	0.5	0.333	0.833	0	0	1	0	0
Tim_Byrdak	4	3	2	0	0	0	0	1	0	0.667	0.75	0.667	1.417	0	0	0	0	0
Jesse_Carlson	4	4	1	0	0	0	0	0	1	0.25	0.25	0.25	0.5	0	0	0	0	0
Shawn_Chacon	4	3	1	0	0	0	1	1	0	0.333	0.5	0.333	0.833	0	0	0	0	0
Alex_Claudio	4	3	2	0	0	0	0	1	1	0.667	0.75	0.667	1.417	0	0	0	0	0
Tyler_Clippard	4	3	1	0	0	0	0	1	2	0.333	0.5	0.333	0.833	0	0	0	0	0
Alex_Colome	4	1	1	0	0	0	2	2	0	1	0.75	1	1.75	0	1	0	0	0
Brendan_Donnelly	4	3	2	0	0	0	1	1	0	0.667	0.75	0.667	1.417	0	0	0	0	0
Roenis_Elias	4	4	0	0	0	0	0	0	0	0	0	0	0	0	0	0	0	0
Kyle_Farnsworth	4	4	1	1	0	0	0	0	1	0.25	0.25	0.5	0.75	0	0	0	0	0
Neftali_Feliz	4	4	2	0	0	1	1	0	0	0.5	0.5	1.25	1.75	0	0	0	0	0
Keith_Foulke	4	3	2	0	0	1	1	1	0	0.667	0.75	1.667	2.417	0	0	0	0	0
Jimmy_Gobble	4	3	1	0	0	0	0	1	0	0.333	0.5	0.333	0.833	0	0	0	0	0
Brad_Halsey	4	3	1	0	0	0	0	1	1	0.333	0.5	0.333	0.833	0	0	0	0	0
Will_Harris	4	4	0	0	0	0	0	0	1	0	0	0	0	0	0	0	0	0
Jeremy_Hefner	4	4	1	0	0	0	1	0	0	0.25	0.25	0.25	0.5	0	0	0	0	0
Runelvys_Hernandez	4	3	1	0	0	0	1	1	1	0.333	0.5	0.333	0.833	0	0	0	0	0
Jair_Jurrjens	4	4	2	1	0	0	1	0	0	0.5	0.5	0.75	1.25	0	0	0	0	0
Josh_Lindblom	4	4	1	0	0	0	0	0	0	0.25	0.25	0.25	0.5	0	0	0	0	1
Kyle_Lobstein	4	4	1	0	0	0	0	0	0	0.25	0.25	0.25	0.5	0	0	0	0	0
Mark_Lowe	4	4	1	0	0	0	0	0	0	0.25	0.25	0.25	0.5	0	0	0	0	0
Ruddy_Lugo	4	3	0	0	0	0	0	0	2	0	0	0	0	1	0	0	0	0
Carlos_Marmol	4	4	0	0	0	0	0	0	3	0	0	0	0	0	0	0	0	0
Sean_Marshall	4	4	1	0	0	0	0	0	1	0.25	0.25	0.25	0.5	0	0	0	0	0
Nick_Masset	4	4	0	0	0	0	0	0	1	0	0	0	0	0	0	0	0	0
Zach_McAllister	4	4	2	0	0	0	1	0	0	0.5	0.5	0.5	1	0	0	0	0	0
Mark_Melancon	4	4	0	0	0	0	0	0	2	0	0	0	0	0	0	0	0	0
Shelby_Miller	4	4	2	1	0	0	0	0	1	0.5	0.5	0.75	1.25	0	0	0	0	0
Zach_Miner	4	3	0	0	0	0	0	1	0	0	0.25	0	0.25	0	0	0	0	0
Matt_Morris	4	4	2	0	1	0	0	0	0	0.5	0.5	1	1.5	0	0	0	0	0
Clayton_Mortensen	4	3	1	0	0	0	1	0	1	0.333	0.25	0.333	0.583	0	1	0	0	0
Joe_Nelson	4	3	1	0	0	0	0	1	1	0.333	0.5	0.333	0.833	0	0	0	0	0
Fernando_Nieve	4	4	1	0	0	0	0	0	0	0.25	0.25	0.25	0.5	0	0	0	0	0
Ryan_Perry	4	3	2	1	0	0	0	1	1	0.667	0.75	1	1.75	0	0	0	0	0
Matt_Reynolds	4	3	0	0	0	0	0	1	0	0	0.25	0	0.25	0	0	0	0	0
Scott_Richmond	4	3	1	1	0	0	1	0	2	0.333	0.25	0.667	0.917	0	1	0	0	0
Ryan_Rowland-Smith	4	4	1	0	0	0	0	0	0	0.25	0.25	0.25	0.5	0	0	0	0	0
James_Russell	4	3	0	0	0	0	0	1	1	0	0.25	0	0.25	0	0	0	0	0
Brian_Sanches	4	3	0	0	0	0	0	1	0	0	0.25	0	0.25	0	0	0	0	0
George_Sherrill	4	3	1	1	0	0	0	1	0	0.333	0.5	0.667	1.167	0	0	0	0	0
Drew_Smyly	4	4	1	0	0	0	0	0	0	0.25	0.25	0.25	0.5	0	0	0	0	1
Rafael_Soriano	4	4	1	1	0	0	1	0	0	0.25	0.25	0.5	0.75	0	0	0	0	0
Anthony_Swarzak	4	3	1	1	0	0	0	1	0	0.333	0.5	0.667	1.167	0	0	0	0	0
Billy_Wagner	4	2	1	0	0	0	0	1	0	0.5	0.75	0.5	1.25	0	0	0	1	0
Randy_Williams	4	4	1	1	0	0	1	0	1	0.25	0.25	0.5	0.75	0	0	0	0	0
Fernando_Abad	3	3	0	0	0	0	0	0	1	0	0	0	0	0	0	0	0	1
Jose_Alvarez	3	3	1	0	1	0	2	0	0	0.333	0.333	1	1.333	0	0	0	0	0
Matt_Andriese	3	3	2	0	0	0	0	0	0	0.667	0.667	0.667	1.333	0	0	0	0	0
Scott_Atchison	3	3	1	0	0	0	0	0	1	0.333	0.333	0.333	0.667	0	0	0	0	0
John_Axford	3	3	1	0	0	0	0	0	1	0.333	0.333	0.333	0.667	0	0	0	0	0
Homer_Bailey	3	3	0	0	0	0	0	0	2	0	0	0	0	0	0	0	0	0
Daniel_Bard	3	3	1	0	0	0	0	0	0	0.333	0.333	0.333	0.667	0	0	0	0	0
Chris_Bassitt	3	2	0	0	0	0	0	1	0	0	0.333	0	0.333	0	0	0	0	0
Blake_Beavan	3	3	1	0	1	0	0	0	1	0.333	0.333	1	1.333	0	0	0	0	0
Jerry_Blevins	3	3	2	1	0	0	0	0	0	0.667	0.667	1	1.667	0	0	0	0	0
Mitchell_Boggs	3	2	1	0	0	0	1	0	0	0.5	0.333	0.5	0.833	0	1	0	0	0
Joe_Borowski	3	3	0	0	0	0	0	0	0	0	0	0	0	0	0	0	0	0
Michael_Bowden	3	3	2	1	0	0	2	0	1	0.667	0.667	1	1.667	0	0	0	0	0
Blaine_Boyer	3	3	1	0	0	0	1	0	0	0.333	0.333	0.333	0.667	0	0	0	0	1
Brad_Brach	3	3	2	0	0	0	0	0	0	0.667	0.667	0.667	1.333	0	0	0	0	0
Rex_Brothers	3	3	0	0	0	0	0	0	2	0	0	0	0	0	0	0	0	0
Jake_Buchanan	3	3	0	0	0	0	0	0	0	0	0	0	0	0	0	0	0	1
Sean_Burnett	3	3	1	0	0	0	0	0	1	0.333	0.333	0.333	0.667	0	0	0	0	0
Jhoulys_Chacin	3	2	1	0	0	0	0	1	0	0.5	0.667	0.5	1.167	0	0	0	0	0
Bruce_Chen	3	3	2	0	0	0	0	0	0	0.667	0.667	0.667	1.333	0	0	0	0	0
Wei-Yin_Chen	3	2	2	1	0	0	0	1	0	1	1	1.5	2.5	0	0	0	0	0
Steve_Cishek	3	3	1	0	0	0	1	0	1	0.333	0.333	0.333	0.667	0	0	0	0	0
Matt_Clement	3	2	1	0	0	0	2	1	0	0.5	0.667	0.5	1.167	0	0	0	0	0
Mike_Clevinger	3	2	0	0	0	0	0	1	0	0	0.333	0	0.333	0	0	0	0	0
Josh_Collmenter	3	3	1	0	0	0	0	0	1	0.333	0.333	0.333	0.667	0	0	0	0	0
Patrick_Corbin	3	3	1	0	0	1	1	0	0	0.333	0.333	1.333	1.667	0	0	0	0	0
Tim_Corcoran	3	3	2	1	0	0	0	0	0	0.667	0.667	1	1.667	0	0	0	0	0
Jarred_Cosart	3	3	2	0	0	0	0	0	1	0.667	0.667	0.667	1.333	0	0	0	0	0
Elmer_Dessens	3	3	0	0	0	0	0	0	0	0	0	0	0	0	0	0	0	0
Lenny_DiNardo	3	3	0	0	0	0	0	0	0	0	0	0	0	0	0	0	0	0
Sean_Doolittle	3	3	0	0	0	0	0	0	1	0	0	0	0	0	0	0	0	0
Octavio_Dotel	3	1	1	0	0	0	2	2	0	1	1	1	2	0	0	0	0	0
Kyle_Drabek	3	3	1	0	0	0	0	0	0	0.333	0.333	0.333	0.667	0	0	0	0	0
Phil_Dumatrait	3	1	1	0	0	0	1	1	0	1	0.667	1	1.667	0	1	0	0	0
Edgmer_Escalona	3	2	1	0	1	0	0	1	0	0.5	0.667	1.5	2.167	0	0	0	0	0
Danny_Farquhar	3	2	0	0	0	0	0	1	0	0	0.333	0	0.333	0	0	1	0	0
Pedro_Feliciano	3	3	1	0	0	0	0	0	0	0.333	0.333	0.333	0.667	0	0	0	0	0
Stephen_Fife	3	3	1	0	0	0	0	0	0	0.333	0.333	0.333	0.667	0	0	0	0	0
Josh_Fogg	3	3	1	1	0	0	0	0	0	0.333	0.333	0.667	1	0	0	0	0	0
Christian_Friedrich	3	3	0	0	0	0	0	0	2	0	0	0	0	0	0	0	0	0
Brian_Fuentes	3	1	1	0	0	0	1	1	0	1	0.667	1	1.667	0	1	0	0	0
Charlie_Furbush	3	2	1	0	0	0	1	1	1	0.5	0.667	0.5	1.167	0	0	0	0	0
Eric_Gagne	3	3	0	0	0	0	0	0	0	0	0	0	0	0	0	0	0	0
Steve_Geltz	3	3	1	0	0	0	0	0	1	0.333	0.333	0.333	0.667	0	0	0	0	0
Brandon_Gomes	3	3	1	0	0	0	1	0	0	0.333	0.333	0.333	0.667	0	0	0	0	0
Enrique_Gonzalez	3	3	0	0	0	0	0	0	0	0	0	0	0	0	0	0	0	0
Mike_Gonzalez	3	3	0	0	0	0	0	0	0	0	0	0	0	0	0	0	0	0
John_Grabow	3	3	1	0	0	0	1	0	0	0.333	0.333	0.333	0.667	0	0	0	0	0
Kendall_Graveman	3	2	1	0	0	0	0	1	0	0.5	0.667	0.5	1.167	0	0	0	0	0
Sean_Green	3	3	2	0	0	0	0	0	1	0.667	0.667	0.667	1.333	0	0	0	0	0
J.C._Gutierrez	3	3	2	0	0	0	0	0	0	0.667	0.667	0.667	1.333	0	0	0	0	0
Charlie_Haeger	3	3	1	0	0	1	2	0	1	0.333	0.333	1.333	1.667	0	0	0	0	0
Jesse_Hahn	3	2	0	0	0	0	0	1	0	0	0.333	0	0.333	0	0	0	0	0
Craig_Hansen	3	2	1	0	0	0	1	0	1	0.5	0.5	0.5	1	1	0	0	0	0
Tommy_Hanson	3	2	1	1	0	0	0	1	0	0.5	0.667	1	1.667	0	0	0	0	0
Matt_Harvey	3	3	1	0	0	0	0	0	1	0.333	0.333	0.333	0.667	0	0	0	0	0
LaTroy_Hawkins	3	3	2	0	0	0	0	0	0	0.667	0.667	0.667	1.333	0	0	0	0	0
Rich_Hill		3	3	0	0	0	0	0	0	0	0	0	0	0	0	0	0	0	0
Shawn_Hill	3	2	0	0	0	0	1	0	0	0	0.333	0	0.333	0	0	0	1	0
Luke_Hudson	3	3	0	0	0	0	0	0	1	0	0	0	0	0	0	0	0	0
Kenley_Jansen	3	3	2	1	0	0	0	0	1	0.667	0.667	1	1.667	0	0	0	0	0
Kevin_Jarvis	3	2	0	0	0	0	0	1	1	0	0.333	0	0.333	0	0	0	0	0
Jorge_Julio	3	2	0	0	0	0	1	0	2	0	0	0	0	0	1	0	0	0
Brandon_Kintzler	3	2	1	0	0	0	0	1	0	0.5	0.667	0.5	1.167	0	0	0	0	0
Wade_LeBlanc	3	3	1	0	0	0	0	0	0	0.333	0.333	0.333	0.667	0	0	0	0	0
Jensen_Lewis	3	3	0	0	0	0	0	0	1	0	0	0	0	0	0	0	0	0
Brad_Lidge	3	3	2	0	0	0	2	0	1	0.667	0.667	0.667	1.333	0	0	0	0	0
Jeff_Locke	3	3	1	1	0	0	1	0	1	0.333	0.333	0.667	1	0	0	0	0	0
Wilton_Lopez	3	3	0	0	0	0	0	0	0	0	0	0	0	0	0	0	0	1
Michael_Lorenzen	3	3	0	0	0	0	0	0	0	0	0	0	0	0	0	0	0	0
Noah_Lowry	3	2	0	0	0	0	0	1	0	0	0.333	0	0.333	0	0	0	0	1
Cory_Luebke	3	3	1	1	0	0	0	0	0	0.333	0.333	0.667	1	0	0	0	0	0
Josh_Lueke	3	3	0	0	0	0	0	0	0	0	0	0	0	0	0	0	0	0
Jordan_Lyles	3	3	1	1	0	0	0	0	0	0.333	0.333	0.667	1	0	0	0	0	1
Seth_Maness	3	3	0	0	0	0	0	0	0	0	0	0	0	0	0	0	0	0
Jeff_Manship	3	3	0	0	0	0	0	0	1	0	0	0	0	0	0	0	0	2
J.D._Martin	3	3	0	0	0	0	0	0	0	0	0	0	0	0	0	0	0	0
Shairon_Martis	3	2	0	0	0	0	1	0	0	0	0	0	0	0	1	0	0	0
Tom_Mastny	3	3	0	0	0	0	0	0	0	0	0	0	0	0	0	0	0	0
Vin_Mazzaro	3	3	1	1	0	0	0	0	0	0.333	0.333	0.667	1	0	0	0	0	0
Brian_Meadows	3	3	0	0	0	0	0	0	1	0	0	0	0	0	0	0	0	0
Luis_Mendoza	3	3	1	0	0	0	0	0	0	0.333	0.333	0.333	0.667	0	0	0	0	0
Randy_Messenger	3	3	1	0	1	0	0	0	0	0.333	0.333	1	1.333	0	0	0	0	0
Pat_Misch	3	2	1	0	0	0	0	1	0	0.5	0.667	0.5	1.167	0	0	1	0	0
Bryan_Mitchell	3	2	0	0	0	0	0	1	0	0	0.333	0	0.333	0	0	0	0	0
Brian_Moehler	3	3	0	0	0	0	0	0	0	0	0	0	0	0	0	0	0	0
Mike_Morin	3	3	0	0	0	0	0	0	0	0	0	0	0	0	0	0	0	0
Dustin_Moseley	3	3	1	0	0	0	1	0	1	0.333	0.333	0.333	0.667	0	0	0	0	0
Guillermo_Mota	3	3	0	0	0	0	0	0	0	0	0	0	0	0	0	0	0	0
Chris_Narveson	3	3	1	0	1	0	0	0	1	0.333	0.333	1	1.333	0	0	0	0	0
Sean_Nolin	3	2	1	0	0	0	1	1	0	0.5	0.667	0.5	1.167	0	0	0	0	0
Vidal_Nuno	3	3	0	0	0	0	0	0	0	0	0	0	0	0	0	0	0	0
Mike_O'Connor	3	3	0	0	0	0	0	0	0	0	0	0	0	0	0	0	0	0
Edgar_Olmos	3	2	1	0	0	0	0	1	0	0.5	0.667	0.5	1.167	0	0	0	0	0
Logan_Ondrusek	3	2	0	0	0	0	0	0	0	0	0	0	0	1	0	0	0	0
Anthony_Ortega	3	3	1	0	0	0	0	0	0	0.333	0.333	0.333	0.667	0	0	0	0	1
Roy_Oswalt	3	3	0	0	0	0	0	0	2	0	0	0	0	0	0	0	0	0
Tony_Pena	3	3	1	0	0	0	1	0	1	0.333	0.333	0.333	0.667	0	0	0	0	0
Hayden_Penn	3	2	1	1	0	0	0	1	0	0.5	0.667	1	1.667	0	0	0	0	0
Martin_Perez	3	3	2	1	0	0	0	0	0	0.667	0.667	1	1.667	0	0	0	0	0
Andy_Pettitte	3	3	1	0	0	0	1	0	0	0.333	0.333	0.333	0.667	0	0	0	0	0
Sidney_Ponson	3	3	0	0	0	0	0	0	0	0	0	0	0	0	0	0	0	0
Ryan_Pressly	3	2	1	0	0	0	0	1	1	0.5	0.667	0.5	1.167	0	0	1	0	0
Clay_Rapada	3	3	1	0	0	1	1	0	1	0.333	0.333	1.333	1.667	0	0	0	0	0
Jon_Rauch	3	3	0	0	0	0	0	0	0	0	0	0	0	0	0	0	0	0
Chris_Resop	3	2	0	0	0	0	0	0	1	0	0	0	0	1	0	0	0	0
Greg_Reynolds	3	3	1	0	0	0	0	0	0	0.333	0.333	0.333	0.667	0	0	0	0	0
Kenny_Rogers	3	3	2	1	0	0	0	0	0	0.667	0.667	1	1.667	0	0	0	0	0
Josh_Rupe	3	2	0	0	0	0	0	1	0	0	0.333	0	0.333	0	0	0	0	0
B.J._Ryan		3	1	0	0	0	0	0	2	0	0	0.667	0	0.667	0	0	0	0	0
Hyun-jin_Ryu	3	3	2	0	0	0	1	0	0	0.667	0.667	0.667	1.333	0	0	0	0	0
Juan_Salas	3	3	1	0	0	0	1	0	0	0.333	0.333	0.333	0.667	0	0	0	0	0
Daniel_Schlereth	3	2	0	0	0	0	0	1	0	0	0.333	0	0.333	0	0	0	0	0
Brian_Shouse	3	3	1	1	0	0	0	0	0	0.333	0.333	0.667	1	0	0	0	0	0
Kevin_Siegrist	3	3	0	0	0	0	0	0	1	0	0	0	0	0	0	0	0	0
Will_Smith	3	2	0	0	0	0	0	1	0	0	0.333	0	0.333	0	0	1	0	0
Jorge_Sosa	3	2	1	0	0	1	1	1	0	0.5	0.667	2	2.667	0	0	1	0	0
Stephen_Strasburg	3	3	1	1	0	0	0	0	0	0.333	0.333	0.667	1	0	0	0	0	0
Marcus_Stroman	3	3	1	0	0	0	0	0	0	0.333	0.333	0.333	0.667	0	0	0	0	0
Eric_Surkamp	3	2	1	0	0	0	0	1	0	0.5	0.667	0.5	1.167	0	0	0	0	0
Brett_Tomko	3	3	0	0	0	0	0	0	0	0	0	0	0	0	0	0	0	0
Michael_Tonkin	3	3	2	1	0	0	0	0	0	0.667	0.667	1	1.667	0	0	0	0	0
Jacob_Turner	3	3	1	0	0	0	1	0	0	0.333	0.333	0.333	0.667	0	0	0	0	0
Jose_Valverde	3	1	0	0	0	0	0	2	0	0	0.667	0	0.667	0	0	1	0	0
Anthony_Vasquez	3	3	1	0	0	0	0	0	0	0.333	0.333	0.333	0.667	0	0	0	0	0
Oscar_Villarreal	3	3	0	0	0	0	1	0	0	0	0	0	0	0	0	0	0	0
Brandon_Webb	3	3	0	0	0	0	0	0	0	0	0	0	0	0	0	0	0	1
Todd_Wellemeyer	3	3	2	0	0	0	0	0	0	0.667	0.667	0.667	1.333	0	0	0	0	0
Alex_White	3	3	1	0	0	0	2	0	0	0.333	0.333	0.333	0.667	0	0	0	0	0
Sean_White	3	3	2	1	0	0	1	0	1	0.667	0.667	1	1.667	0	0	0	0	0
Jerome_Williams	3	3	2	0	0	0	0	0	1	0.667	0.667	0.667	1.333	0	0	0	0	0
Brian_Wilson	3	2	0	0	0	0	1	1	0	0	0.333	0	0.333	0	0	0	0	0
Mike_Wood	3	3	3	1	1	0	2	0	0	1	1	2	3	0	0	0	0	0
Travis_Wood	3	3	0	0	0	0	0	0	1	0	0	0	0	0	0	0	0	1
Brandon_Workman	3	2	0	0	0	0	0	1	0	0	0.333	0	0.333	0	0	0	0	0
Brad_Ziegler	3	3	1	1	0	0	1	0	1	0.333	0.333	0.667	1	0	0	0	0	0
Winston_Abreu	2	2	1	1	0	0	0	0	0	0.5	0.5	1	1.5	0	0	0	0	0
Mike_Adams	2	2	0	0	0	0	0	0	2	0	0	0	0	0	0	0	0	0
Al_Alburquerque	2	2	1	0	0	0	0	0	1	0.5	0.5	0.5	1	0	0	0	0	0
Luis_Atilano	2	2	0	0	0	0	0	0	0	0	0	0	0	0	0	0	0	0
Luis_Avilan	2	2	0	0	0	0	0	0	2	0	0	0	0	0	0	0	0	0
Luis_Ayala	2	1	1	0	0	0	0	1	0	1	1	1	2	0	0	1	0	0
Antonio_Bastardo	2	2	2	0	0	0	1	0	0	1	1	1	2	0	0	0	0	0
Jonah_Bayliss	2	2	0	0	0	0	0	0	2	0	0	0	0	0	0	0	0	0
Trevor_Bell	2	2	1	0	0	0	1	0	0	0.5	0.5	0.5	1	0	0	0	0	0
Duane_Below	2	2	1	1	0	0	1	0	0	0.5	0.5	1	1.5	0	0	0	0	1
Jeff_Bennett	2	2	1	0	0	0	1	0	0	0.5	0.5	0.5	1	0	0	0	0	0
Justin_Berg	2	2	0	0	0	0	1	0	0	0	0	0	0	0	0	0	0	0
Travis_Blackley	2	2	0	0	0	0	0	0	0	0	0	0	0	0	0	0	0	0
Brad_Boxberger	2	1	0	0	0	0	0	1	0	0	0.5	0	0.5	0	0	1	0	0
Bill_Bray		2	2	1	0	0	0	0	0	0	0.5	0.5	0.5	1	0	0	0	0	0
Andrew_Brown	2	2	0	0	0	0	0	0	0	0	0	0	0	0	0	0	0	0
Jonathan_Broxton	2	1	0	0	0	0	0	1	0	0	0.5	0	0.5	0	0	0	0	0
Ryan_Bukvich	2	2	0	0	0	0	0	0	0	0	0	0	0	0	0	0	0	0
Jason_Bulger	2	2	0	0	0	0	0	0	0	0	0	0	0	0	0	0	0	0
Alex_Burnett	2	2	0	0	0	0	0	0	0	0	0	0	0	0	0	0	0	0
Kiko_Calero	2	2	0	0	0	0	0	0	1	0	0	0	0	0	0	0	0	0
Buddy_Carlyle	2	1	0	0	0	0	0	1	1	0	0.5	0	0.5	0	0	0	0	0
David_Carpenter	2	1	1	0	0	0	0	1	0	1	1	1	2	0	0	0	0	0
D.J._Carrasco	2	2	0	0	0	0	0	0	0	0	0	0	0	0	0	0	0	0
Aroldis_Chapman	2	2	1	0	0	0	1	0	0	0.5	0.5	0.5	1	0	0	0	0	0
Vinnie_Chulk	2	2	0	0	0	0	0	0	0	0	0	0	0	0	0	0	0	0
Todd_Coffey	2	1	0	0	0	0	0	1	0	0	0.5	0	0.5	0	0	0	0	0
Tim_Collins	2	2	0	0	0	0	0	0	0	0	0	0	0	0	0	0	0	0
Roman_Colon	2	2	2	1	1	0	1	0	0	1	1	2.5	3.5	0	0	0	0	0
Chad_Cordero	2	2	0	0	0	0	0	0	0	0	0	0	0	0	0	0	0	0
Bryan_Corey	2	1	0	0	0	0	0	1	0	0	0.5	0	0.5	0	0	0	0	0
Kyle_Crockett	2	2	1	0	0	1	2	0	0	0.5	0.5	2	2.5	0	0	0	0	1
Francisco_Cruceta	2	2	0	0	0	0	0	0	1	0	0	0	0	0	0	0	0	0
Juan_Cruz	2	0	0	0	0	0	0	1	0	0	1	0	0	0	0	0	1	0
Rhiner_Cruz	2	2	0	0	0	0	0	0	0	0	0	0	0	0	0	0	0	1
Steve_Delabar	2	2	0	0	0	0	0	0	1	0	0	0	0	0	0	0	0	0
Joey_Devine	2	2	0	0	0	0	0	0	1	0	0	0	0	0	0	0	0	0
Ryan_Dull	2	2	0	0	0	0	0	0	0	0	0	0	0	0	0	0	0	0
Sam_Dyson	2	1	0	0	0	0	0	1	0	0	0.5	0	0.5	0	0	0	0	0
John_Ely		2	2	1	0	0	0	0	0	0	0.5	0.5	0.5	1	0	0	0	0	0
Dana_Eveland	2	2	0	0	0	0	0	0	0	0	0	0	0	0	0	0	0	0
Willie_Eyre	2	2	1	0	0	0	1	0	0	0.5	0.5	0.5	1	0	0	0	0	0
Josh_Fields	2	2	2	1	0	0	0	0	0	1	1	1.5	2.5	0	0	0	0	0
Casey_Fien	2	2	1	0	0	0	0	0	1	0.5	0.5	0.5	1	0	0	0	0	0
Sam_Freeman	2	2	1	1	0	0	0	0	0	0.5	0.5	1	1.5	0	0	0	0	0
Jeff_Fulchino	2	2	0	0	0	0	0	0	2	0	0	0	0	0	0	0	0	0
Luis_Garcia	2	2	1	1	0	0	2	0	0	0.5	0.5	1	1.5	0	0	0	0	0
Geoff_Geary	2	1	1	0	0	0	0	1	0	1	1	1	2	0	0	1	0	0
Dan_Giese	2	2	1	0	0	1	2	0	1	0.5	0.5	2	2.5	0	0	0	0	0
Geremi_Gonzalez	2	1	1	0	0	0	0	1	0	1	1	1	2	0	0	1	0	0
Javy_Guerra	2	2	0	0	0	0	0	0	0	0	0	0	0	0	0	0	0	0
Marcus_Gwyn	2	2	0	0	0	0	0	0	1	0	0	0	0	0	0	0	0	0
Nick_Hagadone	2	1	0	0	0	0	0	1	0	0	0.5	0	0.5	0	0	0	0	0
Chad_Harville	2	2	0	0	0	0	0	0	0	0	0	0	0	0	0	0	0	0
Blake_Hawksworth	2	2	0	0	0	0	0	0	1	0	0	0	0	0	0	0	0	0
Heath_Hembree	2	2	1	0	0	0	0	0	0	0.5	0.5	0.5	1	0	0	0	0	0
David_Herndon	2	1	0	0	0	0	1	1	0	0	0.5	0	0.5	0	0	0	0	0
Frank_Herrmann	2	1	0	0	0	0	0	1	0	0	0.5	0	0.5	0	0	0	0	0
Jared_Hughes	2	2	1	0	0	0	0	0	0	0.5	0.5	0.5	1	0	0	0	0	0
Jason_Jennings	2	1	0	0	0	0	0	0	0	0	0	0	0	1	0	0	0	0
Nate_Jones	2	2	1	0	0	0	0	0	1	0.5	0.5	0.5	1	0	0	0	0	0
Todd_Jones	2	2	0	0	0	0	0	0	0	0	0	0	0	0	0	0	0	0
Michael_Kirkman	2	0	0	0	0	0	0	2	0	0	1	0	0	0	0	0	0	0
Masahide_Kobayashi	2	2	1	0	0	0	0	0	0	0.5	0.5	0.5	1	0	0	0	0	0
John_Koronka	2	2	1	0	0	0	0	0	0	0.5	0.5	0.5	1	0	0	0	0	1
Ian_Krol		2	2	0	0	0	0	0	0	0	0	0	0	0	0	0	0	0	0
Jon_Leicester	2	2	0	0	0	0	0	0	0	0	0	0	0	0	0	0	0	0
Arnold_Leon	2	2	1	0	0	0	1	0	0	0.5	0.5	0.5	1	0	0	0	0	0
Wes_Littleton	2	1	0	0	0	0	0	1	0	0	0.5	0	0.5	0	0	0	0	0
Radhames_Liz	2	1	0	0	0	0	0	1	0	0	0.5	0	0.5	0	0	0	0	0
Mike_MacDougal	2	1	0	0	0	0	0	1	0	0	0.5	0	0.5	0	0	0	0	0
Jean_Machi	2	2	0	0	0	0	0	0	0	0	0	0	0	0	0	0	0	0
John_Maine	2	2	0	0	0	0	0	0	0	0	0	0	0	0	0	0	0	0
Gary_Majewski	2	1	1	0	0	0	1	1	0	1	1	1	2	0	0	0	0	0
Julio_Manon	2	1	1	0	0	0	0	1	0	1	1	1	2	0	0	0	0	0
Jay_Marshall	2	1	0	0	0	0	0	0	0	0	0.5	0	0.5	0	0	0	1	0
Luis_Marte	2	2	1	1	0	0	0	0	0	0.5	0.5	1	1.5	0	0	0	0	0
Cody_Martin	2	0	0	0	0	0	0	2	0	0	1	0	0	0	0	0	0	0
Yunesky_Maya	2	2	1	0	0	0	0	0	0	0.5	0.5	0.5	1	0	0	0	0	0
Kyle_McClellan	2	2	0	0	0	0	0	0	0	0	0	0	0	0	0	0	0	0
Pat_McCoy	2	0	0	0	0	0	0	2	0	0	1	0	0	0	0	1	0	0
Bob_McCrory	2	2	1	1	0	0	2	0	0	0.5	0.5	1	1.5	0	0	0	0	0
Yoervis_Medina	2	2	0	0	0	0	0	0	1	0	0	0	0	0	0	0	0	0
Evan_Meek	2	2	0	0	0	0	0	0	0	0	0	0	0	0	0	0	0	0
Cla_Meredith	2	2	1	0	0	0	0	0	0	0.5	0.5	0.5	1	0	0	0	0	0
Dan_Miceli	2	2	0	0	0	0	0	0	1	0	0	0	0	0	0	0	0	0
Diego_Moreno	2	2	2	0	0	1	3	0	0	1	1	2.5	3.5	0	0	0	0	0
Fu-Te_Ni		2	2	1	0	0	0	0	0	0	0.5	0.5	0.5	1	0	0	0	0	0
Dustin_Nippert	2	1	1	0	0	0	0	1	0	1	1	1	2	0	0	0	0	0
Hideo_Nomo	2	2	0	0	0	0	0	0	0	0	0	0	0	0	0	0	0	0
Daniel_Norris	2	2	0	0	0	0	0	0	2	0	0	0	0	0	0	0	0	0
Andy_Oliver	2	2	1	0	0	0	1	0	0	0.5	0.5	0.5	1	0	0	0	0	0
Franquelis_Osoria	2	2	1	0	0	0	0	0	0	0.5	0.5	0.5	1	0	0	0	0	1
Adam_Ottavino	2	2	0	0	0	0	0	0	0	0	0	0	0	0	0	0	0	0
Juan_Carlos_Oviedo	2	2	1	0	0	1	1	0	0	0.5	0.5	2	2.5	0	0	0	0	0
Henry_Owens	2	2	0	0	0	0	0	0	0	0	0	0	0	0	0	0	0	0
Vinnie_Pestano	2	2	0	0	0	0	0	0	0	0	0	0	0	0	0	0	0	0
Jake_Petricka	2	2	0	0	0	0	0	0	0	0	0	0	0	0	0	0	0	0
Renyel_Pinto	2	1	0	0	0	0	0	1	0	0	0.5	0	0.5	0	0	1	0	0
Aaron_Poreda	2	2	0	0	0	0	1	0	0	0	0	0	0	0	0	0	0	0
Zach_Putnam	2	2	1	0	0	0	0	0	0	0.5	0.5	0.5	1	0	0	0	0	0
Tim_Redding	2	2	0	0	0	0	0	0	1	0	0	0	0	0	0	0	0	0
Anthony_Reyes	2	2	1	0	0	1	1	0	0	0.5	0.5	2	2.5	0	0	0	0	0
John_Rheinecker	2	2	1	0	0	0	0	0	0	0.5	0.5	0.5	1	0	0	0	0	0
Esmil_Rogers	2	2	2	1	0	0	1	0	0	1	1	1.5	2.5	0	0	0	0	0
Davis_Romero	2	1	1	0	0	0	0	1	0	1	1	1	2	0	0	0	0	0
J.C._Romero	2	2	2	2	0	0	0	0	0	1	1	2	3	0	0	0	0	0
Sergio_Romo	2	2	0	0	0	0	0	0	0	0	0	0	0	0	0	0	0	0
Jae_Kuk_Ryu	2	1	0	0	0	0	0	1	0	0	0.5	0	0.5	0	0	0	0	0
Kirk_Saarloos	2	2	0	0	0	0	0	0	1	0	0	0	0	0	0	0	0	0
Casey_Sadler	2	2	1	0	0	0	0	0	0	0.5	0.5	0.5	1	0	0	0	0	0
Alex_Sanabia	2	2	0	0	0	0	0	0	1	0	0	0	0	0	0	0	0	0
Amauri_Sanit	2	2	0	0	0	0	0	0	0	0	0	0	0	0	0	0	0	0
Rudy_Seanez	2	2	0	0	0	0	0	0	0	0	0	0	0	0	0	0	0	0
Bobby_Seay	2	1	0	0	0	0	0	1	0	0	0.5	0	0.5	0	0	0	0	0
Andy_Sisco	2	2	1	0	0	1	1	0	1	0.5	0.5	2	2.5	0	0	0	0	0
Carson_Smith	2	2	1	0	0	0	0	0	0	0.5	0.5	0.5	1	0	0	0	0	0
Alay_Soler	2	2	1	1	0	0	1	0	0	0.5	0.5	1	1.5	0	0	0	0	0
Ryan_Tepera	2	1	0	0	0	0	0	1	0	0	0.5	0	0.5	0	0	0	0	0
Joe_Thatcher	2	2	1	0	0	0	0	0	0	0.5	0.5	0.5	1	0	0	0	0	0
Caleb_Thielbar	2	2	0	0	0	0	0	0	0	0	0	0	0	0	0	0	0	0
Daryl_Thompson	2	2	0	0	0	0	0	0	1	0	0	0	0	0	0	0	0	0
Shawn_Tolleson	2	2	0	0	0	0	0	0	0	0	0	0	0	0	0	0	0	0
Billy_Traber	2	2	1	0	0	0	0	0	0	0.5	0.5	0.5	1	0	0	0	0	0
Nick_Tropeano	2	1	0	0	0	0	0	1	0	0	0.5	0	0.5	0	0	0	0	0
Jermaine_Van_Buren	2	2	1	1	0	0	2	0	0	0.5	0.5	1	1.5	0	0	0	0	0
Anthony_Varvaro	2	2	2	0	0	0	1	0	0	1	1	1	2	0	0	0	0	0
Vincent_Velasquez	2	1	0	0	0	0	0	1	1	0	0.5	0	0.5	0	0	0	0	0
Ryan_Vogelsong	2	2	1	1	0	0	0	0	0	0.5	0.5	1	1.5	0	0	0	0	0
Michael_Wacha	2	1	0	0	0	0	1	0	0	0	0	0	0	0	1	0	0	0
Daniel_Webb	2	2	0	0	0	0	0	0	1	0	0	0	0	0	0	0	0	0
Allen_Webster	2	1	1	0	0	0	0	1	0	1	1	1	2	0	0	0	0	0
Sean_West	2	2	1	0	0	1	1	0	0	0.5	0.5	2	2.5	0	0	0	0	0
Alex_Wilson	2	2	0	0	0	0	0	0	0	0	0	0	0	0	0	0	0	0
Jay_Witasick	2	2	1	0	0	0	0	0	0	0.5	0.5	0.5	1	0	0	0	0	0
Blake_Wood	2	2	1	0	0	0	1	0	1	0.5	0.5	0.5	1	0	0	0	0	0
Tim_Wood	2	2	0	0	0	0	0	0	0	0	0	0	0	0	0	0	0	0
Wesley_Wright	2	2	0	0	0	0	0	0	0	0	0	0	0	0	0	0	0	0
Scott_Alexander	1	1	1	0	0	0	1	0	0	1	1	1	2	0	0	0	0	0
R.J._Alvarez	1	0	0	0	0	0	0	1	0	0	1	0	0	0	0	0	0	0
Greg_Aquino	1	1	0	0	0	0	0	0	0	0	0	0	0	0	0	0	0	0
Tony_Armas	1	1	1	0	0	0	0	0	0	1	1	1	2	0	0	0	0	0
Kevin_Barry	1	1	1	0	0	0	0	0	0	1	1	1	2	0	0	0	0	0
Denny_Bautista	1	0	0	0	0	0	0	1	0	0	1	0	0	0	0	0	0	0
T.J._Beam		1	0	0	0	0	0	0	1	0	0	1	0	0	0	0	0	0	0
Cam_Bedrosian	1	1	0	0	0	0	0	0	0	0	0	0	0	0	0	0	0	0
Joe_Beimel	1	0	0	0	0	0	0	1	0	0	1	0	0	0	0	0	0	0
Jeff_Beliveau	1	1	0	0	0	0	0	0	0	0	0	0	0	0	0	0	0	0
Armando_Benitez	1	1	0	0	0	0	0	0	1	0	0	0	0	0	0	0	0	0
Joe_Biagini	1	1	0	0	0	0	0	0	0	0	0	0	0	0	0	0	0	0
Randor_Bierd	1	1	1	0	0	0	0	0	0	1	1	1	2	0	0	0	0	0
Joe_Bisenius	1	1	0	0	0	0	0	0	1	0	0	0	0	0	0	0	0	0
Michael_Blazek	1	1	0	0	0	0	0	0	0	0	0	0	0	0	0	0	0	0
Eddie_Bonine	1	1	0	0	0	0	0	0	0	0	0	0	0	0	0	0	0	0
Zach_Braddock	1	1	0	0	0	0	0	0	0	0	0	0	0	0	0	0	0	0
Barret_Browning	1	1	0	0	0	0	0	0	0	0	0	0	0	0	0	0	0	0
Jay_Buente	1	1	0	0	0	0	0	0	0	0	0	0	0	0	0	0	0	0
Dylan_Bundy	1	1	0	0	0	0	0	0	0	0	0	0	0	0	0	0	0	0
Ambiorix_Burgos	1	1	0	0	0	0	0	0	0	0	0	0	0	0	0	0	0	0
Jared_Burton	1	0	0	0	0	0	0	1	0	0	1	0	0	0	0	0	0	0
Dave_Bush	1	1	1	0	0	1	1	0	0	1	1	4	5	0	0	0	0	0
Esmailin_Caridad	1	1	0	0	0	0	0	0	0	0	0	0	0	0	0	0	0	0
Chris_Carpenter	1	1	0	0	0	0	0	0	0	0	0	0	0	0	0	0	0	0
David_Carpenter	1	1	0	0	0	0	0	0	0	0	0	0	0	0	0	0	0	0
Hector_Carrasco	1	1	0	0	0	0	0	0	0	0	0	0	0	0	0	0	0	0
Joel_Carreno	1	1	1	0	0	0	0	0	0	1	1	1	2	0	0	0	0	0
Andrew_Cashner	1	1	0	0	0	0	0	0	0	0	0	0	0	0	0	0	0	0
Alberto_Castillo	1	1	0	0	0	0	0	0	0	0	0	0	0	0	0	0	0	0
Xavier_Cedeno	1	1	0	0	0	0	0	0	0	0	0	0	0	0	0	0	0	0
Gustavo_Chacin	1	1	0	0	0	0	0	0	0	0	0	0	0	0	0	0	0	0
Kevin_Chapman	1	1	1	0	0	1	2	0	0	1	1	4	5	0	0	0	0	0
Rocky_Cherry	1	0	0	0	0	0	1	0	0	0	0	0	0	0	1	0	0	0
Tony_Cingrani	1	1	0	0	0	0	0	0	0	0	0	0	0	0	0	0	0	0
Preston_Claiborne	1	1	1	0	0	0	0	0	0	1	1	1	2	0	0	0	0	0
Casey_Coleman	1	1	0	0	0	0	0	0	0	0	0	0	0	0	0	0	0	0
Louis_Coleman	1	1	0	0	0	0	0	0	1	0	0	0	0	0	0	0	0	0
Clay_Condrey	1	1	0	0	0	0	0	0	0	0	0	0	0	0	0	0	0	0
Daniel_Coulombe	1	1	0	0	0	0	0	0	0	0	0	0	0	0	0	0	0	1
Aaron_Crow	1	1	0	0	0	0	0	0	0	0	0	0	0	0	0	0	0	0
Jason_Davis	1	1	0	0	0	0	0	0	0	0	0	0	0	0	0	0	0	0
Jose_De_La_Torre	1	1	1	1	0	0	0	0	0	1	1	2	3	0	0	0	0	0
Sam_Deduno	1	1	0	0	0	0	0	0	0	0	0	0	0	0	0	0	0	0
Jose_Diaz		1	0	0	0	0	0	0	1	0	0	1	0	0	0	0	0	0	0
Jumbo_Diaz	1	1	0	0	0	0	0	0	0	0	0	0	0	0	0	0	0	0
Darin_Downs	1	1	1	0	0	0	0	0	0	1	1	1	2	0	0	0	0	0
Cory_Doyne	1	1	1	0	0	0	1	0	0	1	1	1	2	0	0	0	0	0
Brandon_Duckworth	1	1	0	0	0	0	0	0	0	0	0	0	0	0	0	0	0	0
Mike_Dunn	1	1	1	1	0	0	2	0	0	1	1	2	3	0	0	0	0	0
Jon_Edwards	1	1	0	0	0	0	0	0	1	0	0	0	0	0	0	0	0	0
Mike_Ekstrom	1	1	1	1	0	0	2	0	0	1	1	2	3	0	0	0	0	0
Scott_Elbert	1	1	0	0	0	0	0	0	1	0	0	0	0	0	0	0	0	0
Alan_Embree	1	1	0	0	0	0	0	0	0	0	0	0	0	0	0	0	0	0
Cody_Eppley	1	1	0	0	0	0	0	0	0	0	0	0	0	0	0	0	0	0
Robbie_Erlin	1	1	0	0	0	0	0	0	0	0	0	0	0	0	0	0	0	0
Ryan_Feierabend	1	1	1	0	0	0	0	0	0	1	1	1	2	0	0	0	0	0
Michael_Feliz	1	1	0	0	0	0	0	0	0	0	0	0	0	0	0	0	0	0
Pedro_Figueroa	1	0	0	0	0	0	0	1	0	0	1	0	0	0	0	0	0	0
Brandon_Finnegan	1	1	0	0	0	0	0	0	0	0	0	0	0	0	0	0	0	0
Mike_Foltynewicz	1	1	0	0	0	0	0	0	0	0	0	0	0	0	0	0	0	0
Ryan_Franklin	1	1	0	0	0	0	0	0	0	0	0	0	0	0	0	0	0	0
Ernesto_Frieri	1	1	0	0	0	0	0	0	0	0	0	0	0	0	0	0	0	0
Justin_Germano	1	1	0	0	0	0	0	0	0	0	0	0	0	0	0	0	0	0
Mychal_Givens	1	1	0	0	0	0	0	0	0	0	0	0	0	0	0	0	0	0
Nick_Goody	1	1	0	0	0	0	0	0	0	0	0	0	0	0	0	0	0	0
Tom_Gordon	1	1	0	0	0	0	0	0	1	0	0	0	0	0	0	0	0	0
J.R._Graham	1	1	0	0	0	0	0	0	0	0	0	0	0	0	0	0	0	0
Jeff_Gray		1	1	0	0	0	0	0	0	0	0	0	0	0	0	0	0	0	0
Kevin_Gregg	1	0	0	0	0	0	0	0	0	0	0	0	0	1	0	0	0	0
Mayckol_Guaipe	1	1	1	0	0	1	1	0	0	1	1	4	5	0	0	0	0	0
Eddie_Guardado	1	1	0	0	0	0	0	0	0	0	0	0	0	0	0	0	0	0
Carlos_Guevara	1	1	0	0	0	0	0	0	0	0	0	0	0	0	0	0	0	0
Justin_Hampson	1	1	0	0	0	0	0	0	0	0	0	0	0	0	0	0	0	0
Devern_Hansack	1	1	1	0	0	0	0	0	0	1	1	1	2	0	0	0	0	0
Marcus_Hatley	1	1	0	0	0	0	1	0	0	0	0	0	0	0	0	0	0	0
Brad_Hennessey	1	1	0	0	0	0	0	0	1	0	0	0	0	0	0	0	0	0
Matt_Herges	1	1	0	0	0	0	0	0	0	0	0	0	0	0	0	0	0	0
Roberto_Hernandez	1	1	0	0	0	0	0	0	0	0	0	0	0	0	0	0	0	0
Trevor_Hoffman	1	1	0	0	0	0	0	0	1	0	0	0	0	0	0	0	0	0
Greg_Holland	1	1	0	0	0	0	0	0	0	0	0	0	0	0	0	0	0	0
Mario_Hollands	1	1	0	0	0	0	0	0	1	0	0	0	0	0	0	0	0	0
Mike_Holtz	1	0	0	0	0	0	0	0	0	0	0	0	0	1	0	0	0	0
Jeremy_Horst	1	1	0	0	0	0	0	0	0	0	0	0	0	0	0	0	0	0
Bob_Howry	1	1	0	0	0	0	0	0	0	0	0	0	0	0	0	0	0	0
Dusty_Hughes	1	1	1	0	0	0	0	0	0	1	1	1	2	0	0	0	0	0
Ryota_Igarashi	1	1	1	1	0	0	1	0	0	1	1	2	3	0	0	0	0	0
Steven_Jackson	1	1	0	0	0	0	0	0	0	0	0	0	0	0	0	0	0	0
Zach_Jackson	1	1	0	0	0	0	0	0	0	0	0	0	0	0	0	0	0	0
Chris_Jakubauskas	1	1	0	0	0	0	0	0	1	0	0	0	0	0	0	0	0	0
Waldis_Joaquin	1	1	0	0	0	0	0	0	1	0	0	0	0	0	0	0	0	0
Steve_Johnson	1	1	0	0	0	0	0	0	0	0	0	0	0	0	0	0	0	0
Hunter_Jones	1	1	0	0	0	0	0	0	1	0	0	0	0	0	0	0	0	0
Josh_Judy	1	1	0	0	0	0	0	0	0	0	0	0	0	0	0	0	0	0
Randy_Keisler	1	1	1	0	0	0	0	0	0	1	1	1	2	0	0	0	0	0
Logan_Kensing	1	1	0	0	0	0	0	0	0	0	0	0	0	0	0	0	0	0
Bobby_Keppel	1	1	0	0	0	0	0	0	0	0	0	0	0	0	0	0	0	0
Josh_Kinney	1	1	1	0	0	0	0	0	0	1	1	1	2	0	0	0	0	0
Phil_Klein		1	1	0	0	0	0	0	0	1	0	0	0	0	0	0	0	0	0
Steve_Kline	1	1	0	0	0	0	0	0	0	0	0	0	0	0	0	0	0	0
Corey_Knebel	1	1	0	0	0	0	0	0	0	0	0	0	0	0	0	0	0	0
George_Kontos	1	1	1	1	0	0	1	0	0	1	1	2	3	0	0	0	0	0
Hung-Chih_Kuo	1	1	0	0	0	0	0	0	0	0	0	0	0	0	0	0	0	0
Masumi_Kuwata	1	1	0	0	0	0	0	0	0	0	0	0	0	0	0	0	0	0
Tommy_Layne	1	1	0	0	0	0	0	0	1	0	0	0	0	0	0	0	0	0
Sam_LeCure	1	0	0	0	0	0	0	1	0	0	1	0	0	0	0	0	0	0
Chris_Leroux	1	0	0	0	0	0	1	1	0	0	1	0	0	0	0	0	0	0
Aaron_Loup	1	1	0	0	0	0	1	0	0	0	0	0	0	0	0	0	0	0
Warner_Madrigal	1	1	1	0	0	0	0	0	0	1	1	1	2	0	0	0	0	0
Michael_Mariot	1	1	0	0	0	0	0	0	0	0	0	0	0	0	0	0	0	0
Victor_Marte	1	1	0	0	0	0	0	0	0	0	0	0	0	0	0	0	0	0
Carlos_Martinez	1	1	0	0	0	0	0	0	0	0	0	0	0	0	0	0	0	0
Cristhian_Martinez	1	1	0	0	0	0	0	0	1	0	0	0	0	0	0	0	0	0
Julio_Mateo	1	1	1	0	0	1	1	0	0	1	1	4	5	0	0	0	0	0
Brandon_Maurer	1	1	1	0	0	0	0	0	0	1	1	1	2	0	0	0	0	0
Seth_McClung	1	0	0	0	0	0	0	1	0	0	1	0	0	0	0	0	0	0
Daniel_McCutchen	1	1	1	0	0	0	0	0	0	1	1	1	2	0	0	0	0	0
Jenrry_Mejia	1	1	1	0	0	0	0	0	0	1	1	1	2	0	0	0	0	0
Dan_Meyer	1	1	1	0	0	0	1	0	0	1	1	1	2	0	0	0	0	0
Jim_Miller	1	1	0	0	0	0	0	0	0	0	0	0	0	0	0	0	0	0
Justin_Miller	1	1	0	0	0	0	0	0	0	0	0	0	0	0	0	0	0	0
Carlos_Monasterios	1	1	1	0	0	0	0	0	0	1	1	1	2	0	0	0	0	0
Jason_Motte	1	1	1	0	0	0	0	0	0	1	1	1	2	0	0	0	0	0
Peter_Moylan	1	0	0	0	0	0	0	1	0	0	1	0	0	0	0	0	0	0
Carlos_Muniz	1	1	0	0	0	0	0	0	0	0	0	0	0	0	0	0	0	0
Bill_Murphy	1	1	0	0	0	0	0	0	0	0	0	0	0	0	0	0	0	0
Neal_Musser	1	1	0	0	0	0	0	0	1	0	0	0	0	0	0	0	0	0
Jordan_Norberto	1	1	0	0	0	0	0	0	0	0	0	0	0	0	0	0	0	0
Ryan_O'Rourke	1	1	1	0	0	0	0	0	0	1	1	1	2	0	0	0	0	0
Akinori_Otsuka	1	1	0	0	0	0	0	0	0	0	0	0	0	0	0	0	0	0
Micah_Owings	1	1	0	0	0	0	0	0	0	0	0	0	0	0	0	0	0	0
Blake_Parker	1	1	0	0	0	0	0	0	0	0	0	0	0	0	0	0	0	0
Chad_Paronto	1	0	0	0	0	0	0	1	0	0	1	0	0	0	0	0	0	0
Troy_Patton	1	0	0	0	0	0	0	1	0	0	1	0	0	0	0	0	0	0
Jailen_Peguero	1	1	0	0	0	0	0	0	0	0	0	0	0	0	0	0	0	0
Troy_Percival	1	1	0	0	0	0	0	0	0	0	0	0	0	0	0	0	0	0
Juan_Perez	1	0	0	0	0	0	0	1	0	0	1	0	0	0	0	1	0	0
Luis_Perez	1	1	1	0	0	0	1	0	0	1	1	1	2	0	0	0	0	0
Branden_Pinder	1	1	1	0	0	0	0	0	0	1	1	1	2	0	0	0	0	0
Cliff_Politte	1	1	0	0	0	0	0	0	0	0	0	0	0	0	0	0	0	0
David_Purcey	1	1	1	1	0	0	1	0	0	1	1	2	3	0	0	0	0	0
Jose_Ramirez	1	1	1	1	0	0	0	0	0	1	1	2	3	0	0	0	0	0
Neil_Ramirez	1	0	0	0	0	0	0	1	0	0	1	0	0	0	0	0	0	0
Anthony_Ranaudo	1	0	0	0	0	0	1	1	0	0	1	0	0	0	0	0	0	0
Cory_Rasmus	1	1	1	1	0	0	0	0	0	1	1	2	3	0	0	0	0	0
Addison_Reed	1	1	0	0	0	0	0	0	0	0	0	0	0	0	0	0	0	0
Evan_Reed	1	1	1	0	0	0	1	0	0	1	1	1	2	0	0	0	0	0
Alberto_Reyes	1	1	0	0	0	0	0	0	0	0	0	0	0	0	0	0	0	0
Jo-Jo_Reyes	1	1	0	0	0	0	0	0	0	0	0	0	0	0	0	0	0	0
Andre_Rienzo	1	1	0	0	0	0	1	0	0	0	0	0	0	0	0	0	0	0
Sendy_Rleal	1	1	0	0	0	0	0	0	0	0	0	0	0	0	0	0	0	0
Henry_Rodriguez	1	1	0	0	0	0	0	0	0	0	0	0	0	0	0	0	0	0
Chaz_Roe	1	1	0	0	0	0	0	0	1	0	0	0	0	0	0	0	0	0
David_Rollins	1	1	1	1	0	0	0	0	0	1	1	2	3	0	0	0	0	0
Bruce_Rondon	1	1	0	0	0	0	0	0	0	0	0	0	0	0	0	0	0	0
Hector_Rondon	1	1	0	0	0	0	0	0	0	0	0	0	0	0	0	0	0	0
Carlos_Rosa	1	1	1	0	0	0	0	0	0	1	1	1	2	0	0	0	0	0
Dan_Runzler	1	1	0	0	0	0	0	0	0	0	0	0	0	0	0	0	0	0
Duaner_Sanchez	1	1	0	0	0	0	0	0	0	0	0	0	0	0	0	0	0	0
Eduardo_Sanchez	1	1	0	0	0	0	0	0	0	0	0	0	0	0	0	0	0	0
Sergio_Santos	1	1	0	0	0	0	0	0	0	0	0	0	0	0	0	0	0	0
Victor_Santos	1	1	0	0	0	0	0	0	0	0	0	0	0	0	0	0	0	0
Rob_Scahill	1	1	1	0	0	0	1	0	0	1	1	1	2	0	0	0	0	0
Tanner_Scheppers	1	1	0	0	0	0	0	0	1	0	0	0	0	0	0	0	0	0
Bo_Schultz	1	1	0	0	0	0	0	0	1	0	0	0	0	0	0	0	0	0
Michael_Schwimer	1	1	0	0	0	0	0	0	0	0	0	0	0	0	0	0	0	0
Aaron_Sele	1	1	0	0	0	0	0	0	0	0	0	0	0	0	0	0	0	0
Chasen_Shreve	1	1	0	0	0	0	0	0	0	0	0	0	0	0	0	0	0	0
Paul_Shuey	1	1	1	0	0	0	0	0	0	1	1	1	2	0	0	0	0	0
Doug_Slaten	1	0	0	0	0	0	0	0	0	0	1	0	0	0	0	0	1	0
Chris_Smith	1	1	0	0	0	0	0	0	0	0	0	0	0	0	0	0	0	0
Jordan_Smith	1	1	0	0	0	0	0	0	1	0	0	0	0	0	0	0	0	0
Josh_Spence	1	1	0	0	0	0	0	0	0	0	0	0	0	0	0	0	0	0
Russ_Springer	1	1	0	0	0	0	0	0	1	0	0	0	0	0	0	0	0	0
Chris_Spurling	1	1	1	0	0	0	1	0	0	1	1	1	2	0	0	0	0	0
Mike_Stanton	1	1	0	0	0	0	0	0	0	0	0	0	0	0	0	0	0	0
Pedro_Strop	1	1	0	0	0	0	0	0	1	0	0	0	0	0	0	0	0	0
Eric_Stults	1	1	1	0	0	0	0	0	0	1	1	1	2	0	0	0	0	0
Michael_Stutes	1	1	0	0	0	0	0	0	1	0	0	0	0	0	0	0	0	0
Jeff_Suppan	1	1	1	0	0	0	0	0	0	1	1	1	2	0	0	0	0	0
Ken_Takahashi	1	0	0	0	0	0	0	1	0	0	1	0	0	0	0	0	0	0
Yoshinori_Tateyama	1	1	0	0	0	0	0	0	0	0	0	0	0	0	0	0	0	0
Kanekoa_Texeira	1	1	1	0	0	0	0	0	0	1	1	1	2	0	0	0	0	0
Dale_Thayer	1	1	0	0	0	0	0	0	0	0	0	0	0	0	0	0	0	0
Brad_Thomas	1	1	0	0	0	0	0	0	0	0	0	0	0	0	0	0	0	0
Justin_Thomas	1	1	0	0	0	0	0	0	0	0	0	0	0	0	0	0	0	0
Rich_Thompson	1	1	0	0	0	0	0	0	0	0	0	0	0	0	0	0	0	0
Alex_Torres	1	1	1	0	0	0	0	0	0	1	1	1	2	0	0	0	0	0
Carlos_Torres	1	1	1	0	0	0	0	0	0	1	1	1	2	0	0	0	0	0
Ramon_Troncoso	1	1	0	0	0	0	0	0	0	0	0	0	0	0	0	0	0	0
Sam_Tuivailala	1	1	0	0	0	0	0	0	1	0	0	0	0	0	0	0	0	0
Raul_Valdes	1	1	1	0	0	1	1	0	0	1	1	4	5	0	0	0	0	0
Cesar_Valdez	1	0	0	0	0	0	0	1	0	0	1	0	0	0	0	1	0	0
Claudio_Vargas	1	1	0	0	0	0	0	0	0	0	0	0	0	0	0	0	0	0
Pat_Venditte	1	1	1	1	0	0	2	0	0	1	1	2	3	0	0	0	0	0
Drew_VerHagen	1	1	0	0	0	0	0	0	0	0	0	0	0	0	0	0	0	0
Brayan_Villarreal	1	1	1	0	0	0	0	0	0	1	1	1	2	0	0	0	0	0
Pedro_Villarreal	1	1	1	0	0	0	1	0	0	1	1	1	2	0	0	0	0	0
Nick_Vincent	1	1	1	0	0	0	0	0	0	1	1	1	2	0	0	0	0	0
Luis_Vizcaino	1	0	0	0	0	0	0	1	0	0	1	0	0	0	0	0	0	0
Tyler_Walker	1	1	0	0	0	0	0	0	0	0	0	0	0	0	0	0	0	0
John_Wasdin	1	1	0	0	0	0	0	0	0	0	0	0	0	0	0	0	0	0
Chris_Waters	1	1	0	0	0	0	0	0	0	0	0	0	0	0	0	0	0	0
Tony_Watson	1	1	1	0	0	0	0	0	0	1	1	1	2	0	0	0	0	0
Robbie_Weinhardt	1	1	0	0	0	0	0	0	1	0	0	0	0	0	0	0	0	0
Matt_West	1	1	1	0	0	0	2	0	0	1	1	1	2	0	0	0	0	0
Bob_Wickman	1	0	0	0	0	0	0	1	0	0	1	0	0	0	0	0	0	0
Adam_Wilk	1	1	1	0	0	0	1	0	0	1	1	1	2	0	0	0	0	0
Rob_Wooten	1	1	1	0	1	0	1	0	0	1	1	3	4	0	0	0	0	0
Michael_Wuertz	1	1	0	0	0	0	0	0	1	0	0	0	0	0	0	0	0	0
Kirby_Yates	1	0	0	0	0	0	0	1	0	0	1	0	0	0	0	0	0	0
Mike_Zagurski	1	1	1	0	0	0	0	0	0	1	1	1	2	0	0	0	0	0
Victor_Zambrano	1	1	0	0	0	0	0	0	0	0	0	0	0	0	0	0	0	0
Josh_Zeid	1	1	1	0	0	0	0	0	0	1	1	1	2	0	0	0	0	0
