Johan_Santana	64	64	9	4	0	1	2	0	20	0.141	0.141	0.25	0.391	0	0	0	0	1
Cliff_Lee	59	56	15	2	1	2	7	2	15	0.268	0.288	0.446	0.735	0	1	1	0	0
CC_Sabathia	50	49	9	0	2	1	3	1	19	0.184	0.2	0.327	0.527	0	0	0	0	1
Nate_Robertson	46	43	13	1	1	2	9	3	6	0.302	0.348	0.512	0.859	0	0	1	0	1
Jorge_De_La_Rosa	44	39	11	1	0	1	3	4	9	0.282	0.364	0.385	0.748	0	0	1	1	1
Miguel_Batista	43	33	10	4	0	0	3	7	4	0.303	0.439	0.424	0.863	2	0	0	1	0
Tim_Lincecum	42	37	11	4	0	2	5	3	10	0.297	0.381	0.568	0.949	0	0	0	2	2
Madison_Bumgarner	40	39	12	1	0	2	5	1	10	0.308	0.325	0.487	0.812	0	0	1	0	0
Carlos_Silva	40	40	20	1	0	5	10	0	1	0.5	0.5	0.9	1.4	0	0	0	0	1
Carlos_Zambrano	35	30	6	1	0	1	5	2	9	0.2	0.294	0.333	0.627	1	0	0	2	1
Kenny_Rogers	34	34	9	1	0	1	2	0	4	0.265	0.265	0.382	0.647	0	0	0	0	1
Jake_Westbrook	34	33	6	0	0	2	4	1	4	0.182	0.206	0.364	0.57	0	0	0	0	0
Clayton_Richard	33	30	12	1	1	3	6	3	4	0.4	0.455	0.8	1.255	0	0	0	0	2
Curt_Schilling	31	30	8	1	1	1	3	1	3	0.267	0.29	0.467	0.757	0	0	0	0	0
Kyle_Lohse	30	27	5	0	0	0	2	0	4	0.185	0.233	0.185	0.419	0	1	0	2	1
Roy_Oswalt	30	26	11	1	0	1	6	1	5	0.423	0.433	0.577	1.01	0	2	0	1	0
Livan_Hernandez	29	29	6	0	0	0	3	0	8	0.207	0.207	0.207	0.414	0	0	0	0	1
Ian_Kennedy	29	26	6	1	0	0	1	3	6	0.231	0.31	0.269	0.58	0	0	0	0	1
Jason_Marquis	29	27	7	2	0	1	3	1	4	0.259	0.276	0.444	0.72	0	1	0	0	0
Odalis_Perez	29	28	6	1	0	0	1	0	5	0.214	0.214	0.25	0.464	1	0	0	0	1
Randy_Johnson	28	27	7	0	2	1	4	0	7	0.259	0.25	0.519	0.769	0	1	0	0	0
John_Lackey	28	28	7	4	0	0	1	0	4	0.25	0.25	0.393	0.643	0	0	0	0	2
Andrew_Cashner	27	26	9	2	0	1	3	1	2	0.346	0.37	0.538	0.909	0	0	0	0	1
Brian_Lawrence	27	26	9	3	2	0	4	0	4	0.346	0.37	0.615	0.986	0	0	0	1	2
Wade_Miley	27	26	8	3	0	0	5	1	4	0.308	0.333	0.423	0.756	0	0	0	0	2
Kevin_Millwood	27	24	4	0	0	0	0	3	7	0.167	0.259	0.167	0.426	0	0	0	0	0
Russ_Ortiz	27	24	6	2	0	1	6	3	6	0.25	0.333	0.458	0.792	0	0	0	0	0
Jarrod_Washburn	27	22	7	2	0	1	4	3	1	0.318	0.37	0.545	0.916	0	2	0	0	0
Barry_Zito	27	24	2	0	0	0	0	2	7	0.083	0.154	0.083	0.237	1	0	0	0	1
Brian_Anderson	26	23	6	2	0	0	3	1	4	0.261	0.308	0.348	0.656	0	1	0	1	0
Rafael_Betancourt	26	24	9	2	0	0	2	2	2	0.375	0.423	0.458	0.881	0	0	1	0	0
Jeremy_Bonderman	26	21	4	0	0	2	3	3	2	0.19	0.32	0.476	0.796	1	0	0	1	0
Scott_Elarton	24	23	6	1	0	2	2	1	1	0.261	0.292	0.565	0.857	0	0	0	0	1
Roy_Halladay	24	24	5	1	0	0	1	0	7	0.208	0.208	0.25	0.458	0	0	0	0	0
Mike_Mussina	24	23	4	0	0	1	4	0	4	0.174	0.167	0.304	0.471	0	1	0	0	0
Tim_Stauffer	24	20	5	0	0	1	3	2	3	0.25	0.348	0.4	0.748	1	0	0	1	1
Chad_Billingsley	23	23	7	1	0	1	3	0	1	0.304	0.304	0.478	0.783	0	0	0	0	2
Kevin_Correia	23	22	9	1	0	1	2	1	2	0.409	0.435	0.591	1.026	0	0	0	0	0
Brad_Radke	23	20	4	0	0	1	1	1	1	0.2	0.238	0.35	0.588	2	0	0	0	0
Ervin_Santana	23	17	1	0	0	0	0	3	5	0.059	0.238	0.059	0.297	2	0	0	1	0
Justin_Verlander	23	21	3	1	0	1	4	2	6	0.143	0.217	0.333	0.551	0	0	0	0	1
Ryan_Vogelsong	23	23	9	2	1	0	3	0	2	0.391	0.391	0.565	0.957	0	0	0	0	2
Zack_Greinke	22	20	5	1	0	1	2	1	5	0.25	0.286	0.45	0.736	1	0	0	0	1
Paul_Byrd	21	17	6	1	0	3	4	2	1	0.353	0.421	0.941	1.362	2	0	0	0	0
Adam_Eaton	21	18	3	0	0	1	4	3	6	0.167	0.286	0.333	0.619	0	0	2	0	0
Rodrigo_Lopez	21	21	9	3	0	3	7	0	1	0.429	0.429	1	1.429	0	0	0	0	0
Jamie_Moyer	21	19	2	0	0	1	1	1	5	0.105	0.15	0.263	0.413	1	0	0	0	0
Erik_Bedard	20	18	2	1	0	1	2	2	5	0.111	0.2	0.333	0.533	0	0	0	0	0
Paul_Maholm	20	19	3	0	1	0	3	1	2	0.158	0.2	0.263	0.463	0	0	0	0	3
Brett_Myers	20	20	4	2	0	0	2	0	4	0.2	0.2	0.3	0.5	0	0	0	0	2
Mark_Redman	20	19	6	3	0	0	2	0	5	0.316	0.3	0.474	0.774	0	1	0	0	0
Adam_Wainwright	20	20	5	0	0	0	0	0	6	0.25	0.25	0.25	0.5	0	0	0	0	4
Joe_Blanton	19	16	2	0	0	0	2	0	4	0.125	0.111	0.125	0.236	1	2	0	0	0
A.J._Burnett	19	17	2	0	0	0	0	2	8	0.118	0.211	0.118	0.328	0	0	0	0	0
Aaron_Harang	19	18	2	2	0	0	0	1	4	0.111	0.158	0.222	0.38	0	0	0	0	0
Joe_Kelly	19	19	8	2	0	0	4	0	3	0.421	0.421	0.526	0.947	0	0	0	0	1
Mat_Latos	19	19	4	1	0	0	0	0	1	0.211	0.211	0.263	0.474	0	0	0	0	0
Ted_Lilly	19	18	4	0	0	2	5	0	3	0.222	0.211	0.556	0.766	0	1	0	0	0
Gio_Gonzalez	18	13	3	0	0	1	2	5	6	0.231	0.444	0.462	0.906	0	0	0	0	0
Ubaldo_Jimenez	18	16	5	2	0	0	3	2	2	0.313	0.389	0.438	0.826	0	0	0	0	0
Charlie_Morton	18	16	4	0	0	1	2	2	4	0.25	0.333	0.438	0.771	0	0	0	0	0
Juan_Nicasio	18	17	3	1	0	0	2	0	4	0.176	0.222	0.235	0.458	0	0	0	1	0
Jake_Peavy	18	17	4	1	0	1	4	1	3	0.235	0.278	0.471	0.748	0	0	0	0	0
Joel_Pineiro	18	17	6	0	0	2	10	0	2	0.353	0.333	0.706	1.039	0	1	0	0	0
Juan_Rincon	18	17	5	1	0	0	1	0	5	0.294	0.294	0.353	0.647	1	0	0	0	0
David_Riske	18	17	3	1	0	0	1	1	3	0.176	0.222	0.235	0.458	0	0	1	0	0
James_Shields	18	15	4	0	1	0	0	2	1	0.267	0.353	0.4	0.753	1	0	0	0	0
Tim_Wakefield	18	18	6	1	0	2	4	0	2	0.333	0.333	0.722	1.056	0	0	0	0	0
Randy_Wolf	18	15	4	0	0	0	0	3	3	0.267	0.389	0.267	0.656	0	0	0	0	0
Daniel_Cabrera	17	15	3	1	0	0	1	0	3	0.2	0.2	0.267	0.467	2	0	0	0	0
Trevor_Cahill	17	15	2	0	0	0	0	2	5	0.133	0.235	0.133	0.369	0	0	0	0	0
Bartolo_Colon	17	17	7	4	0	0	1	0	3	0.412	0.412	0.647	1.059	0	0	0	0	0
Brandon_Duckworth	17	16	4	1	0	0	2	0	3	0.25	0.25	0.313	0.563	1	0	0	0	0
Jason_Grilli	17	14	0	0	0	0	1	1	4	0	0.067	0	0.067	2	0	0	0	0
Cole_Hamels	17	16	1	0	0	0	2	0	4	0.063	0.059	0.063	0.121	0	1	0	0	0
Jason_Hammel	17	17	2	1	0	0	0	0	3	0.118	0.118	0.176	0.294	0	0	0	0	0
Edwin_Jackson	17	16	4	0	0	1	2	1	2	0.25	0.294	0.438	0.732	0	0	0	0	1
Vicente_Padilla	17	14	4	0	0	0	2	2	1	0.286	0.375	0.286	0.661	1	0	0	0	1
Jeremy_Affeldt	16	13	6	1	0	0	5	2	0	0.462	0.563	0.538	1.101	0	0	0	1	0
Scott_Baker	16	14	3	1	0	0	1	1	1	0.214	0.25	0.286	0.536	0	1	0	0	0
Boof_Bonser	16	15	3	1	0	0	0	0	3	0.2	0.2	0.267	0.467	1	0	0	0	0
Matt_Cain	16	15	5	1	1	0	5	1	3	0.333	0.375	0.533	0.908	0	0	0	0	0
Jhoulys_Chacin	16	15	0	0	0	0	0	1	6	0	0.063	0	0.063	0	0	0	0	1
Felix_Hernandez	16	15	1	0	0	0	0	1	4	0.067	0.125	0.067	0.192	0	0	0	0	1
Roberto_Hernandez	16	13	5	2	0	2	7	1	0	0.385	0.4	1	1.4	1	1	0	0	0
Kazuhisa_Ishii	16	15	6	0	0	0	1	1	5	0.4	0.438	0.4	0.838	0	0	0	0	0
Ryan_Jensen	16	14	2	0	0	1	3	1	4	0.143	0.188	0.357	0.545	0	1	0	0	1
Wandy_Rodriguez	16	13	2	0	0	1	2	3	3	0.154	0.313	0.385	0.697	0	0	0	0	2
Kirk_Rueter	16	15	4	1	1	1	5	0	1	0.267	0.267	0.667	0.933	1	0	0	0	0
Max_Scherzer	16	16	4	2	0	0	0	0	3	0.25	0.25	0.375	0.625	0	0	0	0	0
Edinson_Volquez	16	12	3	1	0	0	0	4	3	0.25	0.438	0.333	0.771	0	0	0	0	0
Bronson_Arroyo	15	12	3	2	0	0	1	1	2	0.25	0.333	0.417	0.75	0	1	0	1	1
Brian_Bannister	15	14	6	2	0	1	6	1	1	0.429	0.467	0.786	1.252	0	0	0	0	0
Nick_Blackburn	15	14	5	1	0	0	1	0	1	0.357	0.357	0.429	0.786	1	0	0	0	0
Santiago_Casilla	15	15	4	0	0	0	0	0	3	0.267	0.267	0.267	0.533	0	0	0	0	2
Josh_Collmenter	15	14	3	1	0	0	1	1	4	0.214	0.267	0.286	0.552	0	0	0	0	0
Ryan_Dempster	15	15	5	1	0	1	2	0	2	0.333	0.333	0.6	0.933	0	0	0	0	0
Yovani_Gallardo	15	14	3	0	0	1	1	1	4	0.214	0.267	0.429	0.695	0	0	0	0	0
Matt_Guerrier	15	14	3	1	0	0	0	1	2	0.214	0.267	0.286	0.552	0	0	0	0	0
Dan_Haren	15	14	2	0	0	1	1	0	1	0.143	0.2	0.357	0.557	0	0	0	1	0
Runelvys_Hernandez	15	13	4	1	0	0	2	1	2	0.308	0.333	0.385	0.718	0	1	0	0	0
Jason_Johnson	15	15	8	1	0	1	3	0	0	0.533	0.533	0.8	1.333	0	0	0	0	0
Derek_Lowe	15	12	5	1	0	0	7	3	2	0.417	0.533	0.5	1.033	0	0	1	0	0
Shaun_Marcum	15	13	3	1	0	0	0	2	2	0.231	0.333	0.308	0.641	0	0	0	0	0
Gil_Meche	15	13	3	1	0	1	3	1	3	0.231	0.267	0.538	0.805	0	1	0	0	0
Zach_Miner	15	13	5	2	0	0	1	1	1	0.385	0.429	0.538	0.967	1	0	0	0	0
Homer_Bailey	14	13	3	0	0	1	1	1	0	0.231	0.286	0.462	0.747	0	0	0	0	0
Heath_Bell	14	14	5	2	0	2	3	0	3	0.357	0.357	0.929	1.286	0	0	0	0	1
Jesse_Crain	14	12	4	0	0	2	6	1	2	0.333	0.385	0.833	1.218	1	0	0	0	0
Chad_Durbin	14	11	4	0	0	1	2	2	1	0.364	0.5	0.636	1.136	0	0	0	1	0
Luke_Gregerson	14	13	3	1	0	1	2	0	3	0.231	0.286	0.538	0.824	0	0	0	1	0
Matt_Herges	14	13	2	0	0	0	2	1	3	0.154	0.214	0.154	0.368	0	0	0	0	0
Tim_Hudson	14	14	2	0	0	0	0	0	0	0.143	0.143	0.143	0.286	0	0	0	0	3
Jair_Jurrjens	14	12	6	2	0	1	2	2	3	0.5	0.571	0.917	1.488	0	0	0	0	1
Wil_Ledezma	14	13	7	0	0	2	4	1	2	0.538	0.571	1	1.571	0	0	0	0	0
Chan_Ho_Park	14	14	4	1	0	0	1	0	4	0.286	0.286	0.357	0.643	0	0	0	0	0
Andy_Pettitte	14	13	4	1	0	2	5	1	2	0.308	0.357	0.846	1.203	0	0	0	0	0
Chad_Qualls	14	12	1	1	0	0	0	2	2	0.083	0.214	0.167	0.381	0	0	0	0	0
Joe_Saunders	14	13	0	0	0	0	0	1	3	0	0.071	0	0.071	0	0	1	0	0
Ben_Sheets	14	10	4	1	0	0	3	3	1	0.4	0.538	0.5	1.038	1	0	0	0	0
Craig_Stammen	14	11	5	1	0	0	4	1	0	0.455	0.462	0.545	1.007	1	1	0	0	1
Jeff_Weaver	14	13	3	1	1	0	2	0	3	0.231	0.214	0.462	0.676	0	1	0	0	1
Terry_Adams	13	13	4	1	0	0	0	0	4	0.308	0.308	0.385	0.692	0	0	0	0	0
Matt_Belisle	13	13	2	1	0	0	2	0	3	0.154	0.154	0.231	0.385	0	0	0	0	0
Shawn_Camp	13	13	3	0	0	0	0	0	5	0.231	0.231	0.231	0.462	0	0	0	0	0
Aaron_Cook	13	13	1	0	0	0	2	0	1	0.077	0.077	0.077	0.154	0	0	0	0	0
Jason_Davis	13	10	3	2	0	1	1	1	0	0.3	0.364	0.8	1.164	2	0	0	0	0
R.A._Dickey	13	13	3	1	0	1	3	0	2	0.231	0.231	0.538	0.769	0	0	0	0	0
Jon_Garland	13	10	3	2	0	1	3	3	0	0.3	0.462	0.8	1.262	0	0	1	0	0
Scott_Kazmir	13	12	4	0	0	0	1	0	4	0.333	0.308	0.333	0.641	0	1	0	0	0
Al_Leiter	13	13	1	0	0	0	1	0	3	0.077	0.077	0.077	0.154	0	0	0	0	1
Guillermo_Mota	13	13	5	0	0	1	3	0	2	0.385	0.385	0.615	1	0	0	0	0	0
Ricky_Nolasco	13	12	3	1	0	1	2	1	1	0.25	0.308	0.583	0.891	0	0	0	0	0
Hideo_Nomo	13	12	3	1	0	1	1	1	3	0.25	0.308	0.583	0.891	0	0	0	0	0
Oliver_Perez	13	11	1	0	0	0	0	2	3	0.091	0.231	0.091	0.322	0	0	0	0	0
Francisco_Rodriguez	13	11	2	0	0	0	0	2	4	0.182	0.308	0.182	0.49	0	0	1	0	0
Tyson_Ross	13	12	3	0	0	0	0	1	3	0.25	0.308	0.25	0.558	0	0	0	0	1
Kevin_Slowey	13	11	6	2	0	1	5	1	1	0.545	0.538	1	1.538	0	1	0	0	0
C.J._Wilson	13	13	4	1	0	0	1	0	1	0.308	0.308	0.385	0.692	0	0	0	0	1
James_Baldwin	12	11	5	0	0	1	1	0	1	0.455	0.5	0.727	1.227	0	0	0	1	0
Joaquin_Benoit	12	11	2	0	0	0	0	0	2	0.182	0.182	0.182	0.364	1	0	0	0	0
Billy_Buckner	12	12	7	2	0	2	4	0	1	0.583	0.583	1.25	1.833	0	0	0	0	0
Jeff_D'Amico	12	12	5	1	0	2	2	0	2	0.417	0.417	1	1.417	0	0	0	0	1
Doug_Davis	12	9	2	0	0	1	1	3	2	0.222	0.417	0.556	0.972	0	0	0	0	0
Kelvim_Escobar	12	11	0	0	0	0	0	1	2	0	0.083	0	0.083	0	0	0	0	0
Josh_Fogg	12	11	4	1	0	0	0	0	2	0.364	0.364	0.455	0.818	1	0	0	0	0
Freddy_Garcia	12	11	2	2	0	0	0	0	3	0.182	0.182	0.364	0.545	1	0	0	0	0
Dillon_Gee	12	10	3	1	0	0	2	1	3	0.3	0.417	0.4	0.817	0	0	0	1	0
Tom_Glavine	12	12	3	0	0	0	2	0	1	0.25	0.25	0.25	0.5	0	0	0	0	0
J.P._Howell	12	12	4	0	0	1	2	0	4	0.333	0.333	0.583	0.917	0	0	0	0	0
Bobby_Jones	12	12	4	0	0	0	0	0	2	0.333	0.333	0.333	0.667	0	0	0	0	0
Wade_LeBlanc	12	11	1	0	1	0	1	1	2	0.091	0.167	0.273	0.439	0	0	0	0	1
Jon_Lester	12	10	2	0	0	0	0	1	2	0.2	0.273	0.2	0.473	1	0	0	0	0
Kameron_Loe	12	12	1	0	0	0	1	0	2	0.083	0.083	0.083	0.167	0	0	0	0	0
Greg_Maddux	12	12	1	0	0	0	0	0	0	0.083	0.083	0.083	0.167	0	0	0	0	1
Mike_Maroth	12	11	3	1	1	0	0	0	0	0.273	0.273	0.545	0.818	1	0	0	0	0
Joe_Nathan	12	12	1	0	0	0	0	0	5	0.083	0.083	0.083	0.167	0	0	0	0	0
Jon_Niese	12	11	0	0	0	0	3	0	2	0	0	0	0	0	1	0	0	1
Esmil_Rogers	12	9	4	0	0	2	5	2	0	0.444	0.5	1.111	1.611	0	1	1	0	1
Jason_Schmidt	12	12	1	0	0	0	0	0	5	0.083	0.083	0.083	0.167	0	0	0	0	0
Huston_Street	12	12	2	0	0	0	0	0	6	0.167	0.167	0.167	0.333	0	0	0	0	0
Julian_Tavarez	12	11	1	0	0	0	0	0	1	0.091	0.091	0.091	0.182	1	0	0	0	1
Brett_Tomko	12	12	0	0	0	0	0	0	0	0	0	0	0	0	0	0	0	0
Javier_Vazquez	12	11	3	0	0	0	2	0	3	0.273	0.25	0.273	0.523	0	1	0	0	0
Chris_Young	12	11	2	1	0	0	0	1	3	0.182	0.25	0.273	0.523	0	0	0	0	0
Clay_Buchholz	11	11	2	0	0	0	0	0	0	0.182	0.182	0.182	0.364	0	0	0	0	0
Bruce_Chen	11	11	4	2	0	1	1	0	4	0.364	0.364	0.818	1.182	0	0	0	0	0
Randall_Delgado	11	11	6	0	0	2	4	0	3	0.545	0.545	1.091	1.636	0	0	0	0	0
Zach_Duke	11	11	5	2	0	1	4	0	1	0.455	0.455	0.909	1.364	0	0	0	0	0
Barry_Enright	11	11	1	0	0	0	0	0	1	0.091	0.091	0.091	0.182	0	0	0	0	1
Jeff_Francis	11	11	2	0	0	0	0	0	0	0.182	0.182	0.182	0.364	0	0	0	0	0
Ryan_Franklin	11	11	2	1	0	0	0	0	1	0.182	0.182	0.273	0.455	0	0	0	0	0
Ernesto_Frieri	11	10	3	2	0	0	0	0	1	0.3	0.364	0.5	0.864	0	0	0	1	0
Chad_Gaudin	11	11	3	0	0	1	2	0	5	0.273	0.273	0.545	0.818	0	0	0	0	0
Daniel_Hudson	11	10	2	0	0	0	0	1	0	0.2	0.273	0.2	0.473	0	0	0	0	1
Kevin_Jarvis	11	10	6	1	2	0	4	1	3	0.6	0.636	1.1	1.736	0	0	0	0	0
Clayton_Kershaw	11	11	3	1	0	1	1	0	3	0.273	0.273	0.636	0.909	0	0	0	0	0
Hiroki_Kuroda	11	9	2	1	0	1	2	2	1	0.222	0.364	0.667	1.03	0	0	2	0	0
Lance_Lynn	11	10	2	2	0	0	0	1	3	0.2	0.273	0.4	0.673	0	0	0	0	0
Jean_Machi	11	11	4	1	0	1	3	0	5	0.364	0.364	0.727	1.091	0	0	0	0	1
Shelby_Miller	11	9	2	0	0	0	1	0	2	0.222	0.273	0.222	0.495	0	1	0	1	0
Mike_Minor	11	11	3	0	0	0	0	0	4	0.273	0.273	0.273	0.545	0	0	0	0	1
Ramon_Ortiz	11	10	2	0	1	0	2	1	0	0.2	0.273	0.4	0.673	0	0	0	0	0
Carl_Pavano	11	9	2	1	0	0	1	0	2	0.222	0.273	0.333	0.606	0	1	0	1	0
Mike_Pelfrey	11	11	4	1	0	0	1	0	0	0.364	0.364	0.455	0.818	0	0	0	0	0
Brad_Penny	11	10	3	0	0	1	1	1	3	0.3	0.364	0.6	0.964	0	0	0	0	0
J.J._Putz	11	7	1	0	0	0	1	4	0	0.143	0.455	0.143	0.597	0	0	0	0	0
Stephen_Strasburg	11	10	2	0	0	0	0	0	3	0.2	0.273	0.2	0.473	0	0	0	1	1
Ron_Villone	11	10	4	2	1	0	2	0	3	0.4	0.455	0.8	1.255	0	0	0	1	0
Jay_Witasick	11	11	2	0	0	0	0	0	3	0.182	0.182	0.182	0.364	0	0	0	0	0
Jamey_Wright	11	11	5	0	1	0	2	0	0	0.455	0.455	0.636	1.091	0	0	0	0	1
Andy_Ashby	10	9	0	0	0	0	0	1	0	0	0.1	0	0.1	0	0	0	0	1
Josh_Beckett	10	10	3	1	0	0	0	0	3	0.3	0.3	0.4	0.7	0	0	0	0	0
Chad_Bettis	10	10	2	0	0	0	1	0	2	0.2	0.2	0.2	0.4	0	0	0	0	0
D.J._Carrasco	10	10	2	0	0	0	0	0	3	0.2	0.2	0.2	0.4	0	0	0	0	0
Matt_Clement	10	9	3	2	0	1	3	1	3	0.333	0.4	0.889	1.289	0	0	0	0	1
Brendan_Donnelly	10	10	3	0	0	0	1	0	1	0.3	0.3	0.3	0.6	0	0	0	0	0
LaTroy_Hawkins	10	10	1	0	0	0	1	0	0	0.1	0.1	0.1	0.2	0	0	0	0	0
Kyle_Kendrick	10	10	5	1	0	1	2	0	1	0.5	0.5	0.9	1.4	0	0	0	0	2
Byung-Hyun_Kim	10	10	2	1	0	0	4	0	5	0.2	0.2	0.3	0.5	0	0	0	0	0
Jeff_Locke	10	10	0	0	0	0	0	0	1	0	0	0	0	0	0	0	0	0
Sean_Marshall	10	10	4	1	0	0	3	0	2	0.4	0.4	0.5	0.9	0	0	0	0	0
Darrell_May	10	8	1	0	0	1	2	1	1	0.125	0.2	0.5	0.7	0	1	0	0	0
John_Patterson	10	10	2	0	0	0	0	0	2	0.2	0.2	0.2	0.4	0	0	0	0	0
Sidney_Ponson	10	10	3	0	0	0	1	0	0	0.3	0.3	0.3	0.6	0	0	0	0	0
Fernando_Rodney	10	7	2	0	0	0	2	1	2	0.286	0.333	0.286	0.619	1	1	0	0	0
Kirk_Saarloos	10	10	3	1	0	0	2	0	0	0.3	0.3	0.4	0.7	0	0	0	0	0
Anibal_Sanchez	10	9	1	0	0	0	0	1	1	0.111	0.2	0.111	0.311	0	0	0	0	0
Andy_Sonnanstine	10	10	1	0	0	0	0	0	1	0.1	0.1	0.1	0.2	0	0	0	0	0
Eric_Stults	10	10	0	0	0	0	0	0	2	0	0	0	0	0	0	0	0	0
Travis_Wood	10	8	2	0	0	0	1	2	2	0.25	0.4	0.25	0.65	0	0	0	0	0
Esteban_Yan	10	6	1	1	0	0	0	2	1	0.167	0.375	0.333	0.708	2	0	0	0	1
Jordan_Zimmermann	10	10	2	0	0	0	1	0	3	0.2	0.2	0.2	0.4	0	0	0	0	0
Wilson_Alvarez	9	7	2	0	0	0	0	1	0	0.286	0.444	0.286	0.73	0	0	0	1	0
Denny_Bautista	9	7	1	1	0	0	0	2	2	0.143	0.333	0.286	0.619	0	0	0	0	1
Chris_Carpenter	9	9	2	0	1	0	1	0	5	0.222	0.222	0.444	0.667	0	0	0	0	0
Kyle_Davies	9	9	2	0	0	0	0	0	5	0.222	0.222	0.222	0.444	0	0	0	0	0
Elmer_Dessens	9	9	2	0	0	0	2	0	0	0.222	0.222	0.222	0.444	0	0	0	0	0
Justin_Duchscherer	9	9	0	0	0	0	0	0	5	0	0	0	0	0	0	0	0	1
Jaime_Garcia	9	8	1	1	0	0	1	1	1	0.125	0.222	0.25	0.472	0	0	0	0	1
Jeremy_Guthrie	9	8	1	0	0	1	1	1	3	0.125	0.222	0.5	0.722	0	0	0	0	1
Matt_Harvey	9	8	3	0	0	0	1	1	1	0.375	0.444	0.375	0.819	0	0	0	0	0
Josh_Johnson	9	7	1	0	0	1	2	1	2	0.143	0.333	0.571	0.905	0	0	1	1	0
Jeff_Karstens	9	8	2	0	0	0	2	1	1	0.25	0.333	0.25	0.583	0	0	0	0	0
Seth_Maness	9	9	3	2	0	0	1	0	1	0.333	0.333	0.556	0.889	0	0	0	0	2
Carlos_Martinez	9	9	2	0	0	0	1	0	2	0.222	0.222	0.222	0.444	0	0	0	0	1
Joe_Mays	9	9	2	1	0	0	0	0	0	0.222	0.222	0.333	0.556	0	0	0	0	0
Kris_Medlen	9	8	1	0	0	0	0	1	2	0.125	0.222	0.125	0.347	0	0	0	0	0
Matt_Miller	9	7	0	0	0	0	1	0	2	0	0.111	0	0.111	0	1	0	1	1
Mark_Mulder	9	8	1	0	0	0	1	1	2	0.125	0.222	0.125	0.347	0	0	0	0	0
Terry_Mulholland	9	8	1	0	0	0	0	1	1	0.125	0.222	0.125	0.347	0	0	0	0	0
Adam_Ottavino	9	9	1	0	0	0	0	0	2	0.111	0.111	0.111	0.222	0	0	0	0	1
Joel_Peralta	9	7	2	1	0	0	1	2	2	0.286	0.444	0.429	0.873	0	0	0	0	0
Yusmeiro_Petit	9	8	2	0	0	0	0	1	3	0.25	0.333	0.25	0.583	0	0	0	0	0
Mark_Prior	9	9	1	0	0	0	0	0	2	0.111	0.111	0.111	0.222	0	0	0	0	0
Glendon_Rusch	9	8	2	0	0	0	2	1	1	0.25	0.333	0.25	0.583	0	0	0	0	1
Chris_Rusin	9	8	2	0	0	1	1	1	3	0.25	0.333	0.625	0.958	0	0	0	0	0
Scot_Shields	9	8	2	0	0	0	0	1	0	0.25	0.333	0.25	0.583	0	0	0	0	3
Brian_Tollberg	9	9	6	1	1	1	2	0	0	0.667	0.667	1.333	2	0	0	0	0	0
Chien-Ming_Wang	9	9	4	1	0	0	3	0	2	0.444	0.444	0.556	1	0	0	0	0	0
Jered_Weaver	9	9	1	1	0	0	0	0	2	0.111	0.111	0.222	0.333	0	0	0	0	0
Brandon_Webb	9	8	3	0	0	0	0	1	1	0.375	0.444	0.375	0.819	0	0	0	0	0
Ryan_Webb	9	8	4	1	0	0	1	1	0	0.5	0.556	0.625	1.181	0	0	0	0	0
Randy_Wells	9	9	4	0	0	0	2	0	1	0.444	0.444	0.444	0.889	0	0	0	0	0
Jake_Woods	9	8	4	2	0	0	3	1	1	0.5	0.556	0.75	1.306	0	0	0	0	0
Chase_Anderson	8	8	3	0	0	0	0	0	1	0.375	0.375	0.375	0.75	0	0	0	0	1
Kevin_Brown	8	7	3	0	0	0	0	0	0	0.429	0.429	0.429	0.857	1	0	0	0	0
Patrick_Corbin	8	5	3	1	0	1	3	2	1	0.6	0.625	1.4	2.025	0	1	0	0	0
Mike_DeJean	8	7	3	2	0	0	0	1	1	0.429	0.5	0.714	1.214	0	0	0	0	0
Ryan_Drese	8	7	3	1	0	1	4	0	1	0.429	0.375	1	1.375	0	1	0	0	0
Kyle_Farnsworth	8	7	2	0	0	0	2	1	0	0.286	0.375	0.286	0.661	0	0	0	0	0
Mike_Fiers	8	7	1	0	0	0	0	1	3	0.143	0.25	0.143	0.393	0	0	0	0	0
Doug_Fister	8	8	2	0	0	2	3	0	2	0.25	0.25	1	1.25	0	0	0	0	0
Aaron_Fultz	8	7	2	0	0	1	3	1	0	0.286	0.375	0.714	1.089	0	0	0	0	0
Tom_Gorzelanny	8	8	4	0	0	0	1	0	3	0.5	0.5	0.5	1	0	0	0	0	0
Tommy_Hanson	8	8	1	0	1	0	0	0	2	0.125	0.125	0.375	0.5	0	0	0	0	0
Will_Harris	8	8	3	1	0	1	1	0	4	0.375	0.375	0.875	1.25	0	0	0	0	1
Mark_Hendrickson	8	8	3	2	0	0	1	0	0	0.375	0.375	0.625	1	0	0	0	0	0
Bob_Howry	8	5	0	0	0	0	2	0	0	0	0.125	0	0.125	0	2	0	1	0
Joe_Kennedy	8	8	3	0	0	0	2	0	0	0.375	0.375	0.375	0.75	0	0	0	0	0
Francisco_Liriano	8	6	3	0	0	1	1	2	0	0.5	0.625	1	1.625	0	0	0	0	0
Jordan_Lyles	8	7	2	0	0	0	0	1	1	0.286	0.375	0.286	0.661	0	0	0	0	1
Mike_MacDougal	8	7	1	0	0	0	0	1	3	0.143	0.25	0.143	0.393	0	0	0	0	1
Carlos_Marmol	8	7	0	0	0	0	0	1	5	0	0.125	0	0.125	0	0	0	0	0
Franklin_Morales	8	6	4	1	0	0	3	2	2	0.667	0.75	0.833	1.583	0	0	1	0	0
Pat_Neshek	8	8	0	0	0	0	0	0	1	0	0	0	0	0	0	0	0	0
Rick_Porcello	8	8	4	2	0	0	0	0	0	0.5	0.5	0.75	1.25	0	0	0	0	1
Felix_Rodriguez	8	8	1	0	0	0	0	0	4	0.125	0.125	0.125	0.25	0	0	0	0	0
Chris_Sale	8	7	3	1	0	0	2	1	1	0.429	0.5	0.571	1.071	0	0	0	0	0
Mike_Wood	8	7	2	1	1	0	1	0	1	0.286	0.375	0.714	1.089	0	0	0	1	1
Tim_Worrell	8	8	2	1	0	0	0	0	1	0.25	0.25	0.375	0.625	0	0	0	0	0
Victor_Zambrano	8	8	3	0	1	0	1	0	1	0.375	0.375	0.625	1	0	0	0	0	0
Tony_Armas	7	6	1	0	0	1	3	1	2	0.167	0.286	0.667	0.952	0	0	0	0	0
Grant_Balfour	7	6	1	0	0	0	0	1	2	0.167	0.286	0.167	0.452	0	0	0	0	0
Andy_Benes	7	6	4	0	0	1	1	1	0	0.667	0.714	1.167	1.881	0	0	0	0	0
Jim_Brower	7	7	3	0	1	0	3	0	2	0.429	0.429	0.714	1.143	0	0	0	0	0
Dave_Bush	7	7	2	1	0	0	0	0	1	0.286	0.286	0.429	0.714	0	0	0	0	0
Matt_Capps	7	6	1	0	0	0	0	0	1	0.167	0.167	0.167	0.333	1	0	0	0	0
Omar_Daal	7	7	1	0	0	0	1	0	1	0.143	0.143	0.143	0.286	0	0	0	0	0
Zach_Day	7	7	1	1	0	0	0	0	1	0.143	0.143	0.286	0.429	0	0	0	0	2
Manny_Delcarmen	7	7	2	1	0	0	0	0	3	0.286	0.286	0.429	0.714	0	0	0	0	0
Sean_Douglass	7	6	2	0	0	1	3	1	0	0.333	0.429	0.833	1.262	0	0	0	0	1
Jose_Fernandez	7	6	4	1	0	0	1	1	1	0.667	0.714	0.833	1.548	0	0	1	0	0
Jeremy_Fikac	7	7	3	0	0	1	4	0	3	0.429	0.429	0.857	1.286	0	0	0	0	0
Franklyn_German	7	5	2	0	0	0	0	2	0	0.4	0.571	0.4	0.971	0	0	0	0	0
Jimmy_Gobble	7	7	3	0	0	1	3	0	0	0.429	0.429	0.857	1.286	0	0	0	0	0
Danny_Graves	7	7	3	1	0	0	1	0	0	0.429	0.429	0.571	1	0	0	0	0	0
Kevin_Gregg	7	7	1	0	0	0	0	0	1	0.143	0.143	0.143	0.286	0	0	0	0	0
J.C._Gutierrez	7	7	1	1	0	0	0	0	1	0.143	0.143	0.286	0.429	0	0	0	0	0
Rich_Harden	7	6	2	0	0	0	1	1	2	0.333	0.429	0.333	0.762	0	0	0	0	0
Jimmy_Haynes	7	6	3	1	0	0	2	1	1	0.5	0.571	0.667	1.238	0	0	0	0	1
Luke_Hochevar	7	7	2	0	0	0	1	0	1	0.286	0.286	0.286	0.571	0	0	0	0	0
Casey_Janssen	7	6	2	1	0	0	1	1	1	0.333	0.429	0.5	0.929	0	0	1	0	0
Kenshin_Kawakami	7	6	1	0	0	0	1	1	0	0.167	0.286	0.167	0.452	0	0	0	0	0
Mike_Leake	7	6	2	1	0	1	2	1	1	0.333	0.429	1	1.429	0	0	0	0	1
Nick_Masset	7	6	3	1	0	0	1	1	0	0.5	0.571	0.667	1.238	0	0	0	0	0
Vin_Mazzaro	7	7	3	0	0	1	2	0	0	0.429	0.429	0.857	1.286	0	0	0	0	0
Dustin_McGowan	7	7	3	0	0	0	1	0	0	0.429	0.429	0.429	0.857	0	0	0	0	0
Andrew_Miller	7	7	2	0	0	1	4	0	3	0.286	0.286	0.714	1	0	0	0	0	0
Dustin_Moseley	7	7	1	0	0	1	2	0	0	0.143	0.143	0.571	0.714	0	0	0	0	1
Damian_Moss	7	6	0	0	0	0	0	1	2	0	0.143	0	0.143	0	0	0	0	0
Peter_Moylan	7	6	1	0	0	0	1	0	1	0.167	0.167	0.167	0.333	1	0	0	0	0
Edward_Mujica	7	7	1	0	0	1	3	0	1	0.143	0.143	0.571	0.714	0	0	0	0	0
Juan_Carlos_Oviedo	7	7	1	0	0	0	0	0	1	0.143	0.143	0.143	0.286	0	0	0	0	0
Steve_Reed	7	5	0	0	0	0	0	0	2	0	0	0	0	2	0	0	0	0
Arthur_Rhodes	7	5	1	1	0	0	0	2	3	0.2	0.429	0.4	0.829	0	0	0	0	0
J.C._Romero	7	7	2	1	0	0	0	0	1	0.286	0.286	0.429	0.714	0	0	0	0	0
Aaron_Sele	7	6	1	0	0	0	0	1	0	0.167	0.286	0.167	0.452	0	0	0	0	0
Joakim_Soria	7	7	2	2	0	0	1	0	2	0.286	0.286	0.571	0.857	0	0	0	0	0
Jeff_Suppan	7	6	0	0	0	0	0	1	2	0	0.143	0	0.143	0	0	0	0	0
Jacob_Turner	7	7	4	0	0	0	1	0	0	0.571	0.571	0.571	1.143	0	0	0	0	1
Esmerling_Vasquez	7	6	1	1	0	0	0	1	0	0.167	0.286	0.333	0.619	0	0	0	0	0
Jordan_Walden	7	6	1	0	0	0	1	1	2	0.167	0.286	0.167	0.452	0	0	0	0	0
Burke_Badenhop	6	6	1	0	0	0	0	0	2	0.167	0.167	0.167	0.333	0	0	0	0	0
Kris_Benson	6	6	1	0	0	0	1	0	1	0.167	0.167	0.167	0.333	0	0	0	0	0
Blaine_Boyer	6	6	2	1	0	0	0	0	0	0.333	0.333	0.5	0.833	0	0	0	0	0
Brian_Burres	6	5	1	1	0	0	1	1	0	0.2	0.333	0.4	0.733	0	0	0	0	0
Fernando_Cabrera	6	5	0	0	0	0	0	1	3	0	0.167	0	0.167	0	0	0	0	0
Shawn_Chacon	6	4	1	0	0	0	0	2	2	0.25	0.5	0.25	0.75	0	0	0	0	0
Tyler_Chatwood	6	6	1	0	0	1	2	0	0	0.167	0.167	0.667	0.833	0	0	0	0	0
Manny_Corpas	6	6	2	0	0	0	1	0	1	0.333	0.333	0.333	0.667	0	0	0	0	0
Johnny_Cueto	6	6	2	1	0	0	2	0	2	0.333	0.333	0.5	0.833	0	0	0	0	0
Ross_Detwiler	6	6	1	0	0	0	1	0	0	0.167	0.167	0.167	0.333	0	0	0	0	1
Jerad_Eickhoff	6	5	1	0	0	0	1	1	1	0.2	0.333	0.2	0.533	0	0	0	0	0
Nelson_Figueroa	6	6	2	0	0	0	0	0	0	0.333	0.333	0.333	0.667	0	0	0	0	0
Casey_Fossum	6	5	2	0	0	0	1	0	1	0.4	0.333	0.4	0.733	0	1	0	0	0
Kason_Gabbard	6	6	0	0	0	0	0	0	2	0	0	0	0	0	0	0	0	1
Eric_Gagne	6	6	0	0	0	0	0	0	4	0	0	0	0	0	0	0	0	1
Chris_George	6	6	4	0	0	1	4	0	0	0.667	0.667	1.167	1.833	0	0	0	0	1
Geremi_Gonzalez	6	5	1	0	0	0	1	0	0	0.2	0.2	0.2	0.4	1	0	0	0	1
David_Hale	6	6	0	0	0	0	0	0	3	0	0	0	0	0	0	0	0	0
J.A._Happ	6	6	3	0	0	1	2	0	1	0.5	0.5	1	1.5	0	0	0	0	0
Craig_Kimbrel	6	6	0	0	0	0	0	0	5	0	0	0	0	0	0	0	0	0
Gary_Knotts	6	5	1	0	0	0	0	1	1	0.2	0.333	0.2	0.533	0	0	0	0	0
George_Kontos	6	5	1	1	0	0	0	1	0	0.2	0.333	0.4	0.733	0	0	0	0	0
Brad_Lidge	6	5	0	0	0	0	0	1	2	0	0.167	0	0.167	0	0	0	0	0
Jesse_Litsch	6	6	1	0	0	0	0	0	2	0.167	0.167	0.167	0.333	0	0	0	0	0
Aquilino_Lopez	6	6	0	0	0	0	0	0	1	0	0	0	0	0	0	0	0	0
Daisuke_Matsuzaka	6	5	1	0	0	0	0	1	2	0.2	0.333	0.2	0.533	0	0	0	0	0
James_McDonald	6	6	1	0	0	0	0	0	3	0.167	0.167	0.167	0.333	0	0	0	0	1
Eric_Milton	6	6	0	0	0	0	0	0	1	0	0	0	0	0	0	0	0	0
Matt_Morris	6	6	2	0	0	0	0	0	2	0.333	0.333	0.333	0.667	0	0	0	0	0
Kevin_Mulvey	6	6	2	1	0	1	3	0	1	0.333	0.333	1	1.333	0	0	0	0	0
Jimmy_Nelson	6	6	2	0	0	0	0	0	2	0.333	0.333	0.333	0.667	0	0	0	0	1
Garrett_Olson	6	6	2	0	0	0	0	0	1	0.333	0.333	0.333	0.667	0	0	0	0	0
Bobby_Parnell	6	6	3	0	0	0	2	0	0	0.5	0.5	0.5	1	0	0	0	0	0
Paul_Quantrill	6	6	2	1	0	0	0	0	1	0.333	0.333	0.5	0.833	0	0	0	0	1
Ruben_Quevedo	6	5	1	0	0	1	1	1	3	0.2	0.333	0.8	1.133	0	0	0	0	0
Jose_Quintana	6	5	1	1	0	0	1	0	1	0.2	0.167	0.4	0.567	0	1	0	0	0
Cesar_Ramos	6	6	3	1	0	0	1	0	1	0.5	0.5	0.667	1.167	0	0	0	0	1
Addison_Reed	6	6	3	1	0	1	1	0	2	0.5	0.5	1.167	1.667	0	0	0	0	0
Chris_Reitsma	6	6	2	0	0	0	0	0	0	0.333	0.333	0.333	0.667	0	0	0	0	0
Trevor_Rosenthal	6	5	0	0	0	0	0	1	3	0	0.167	0	0.167	0	0	0	0	0
James_Russell	6	6	1	1	0	0	1	0	0	0.167	0.167	0.333	0.5	0	0	0	0	0
B.J._Ryan	6	6	2	0	1	0	2	0	0	0.333	0.333	0.667	1	0	0	0	0	0
Bobby_Seay	6	4	1	1	0	0	1	0	1	0.25	0.25	0.5	0.75	2	0	0	0	0
Paul_Shuey	6	5	1	1	0	0	0	1	1	0.2	0.333	0.4	0.733	0	0	0	0	0
Andy_Sisco	6	5	2	0	0	0	2	1	1	0.4	0.5	0.4	0.9	0	0	0	0	0
Kazuhito_Tadano	6	5	1	0	0	0	1	1	0	0.2	0.333	0.2	0.533	0	0	0	0	0
Brian_Tallet	6	5	2	1	0	0	2	1	2	0.4	0.5	0.6	1.1	0	0	0	0	0
Mike_Timlin	6	4	0	0	0	0	1	1	1	0	0.2	0	0.2	1	0	0	0	0
Carlos_Torres	6	6	1	0	0	0	0	0	3	0.167	0.167	0.167	0.333	0	0	0	0	0
Steve_Trachsel	6	6	0	0	0	0	0	0	2	0	0	0	0	0	0	0	0	0
David_Weathers	6	5	1	0	0	0	0	0	0	0.2	0.333	0.2	0.533	0	0	0	1	1
Sean_West	6	5	1	1	0	0	0	1	0	0.2	0.333	0.4	0.733	0	0	0	0	0
Dan_Wheeler	6	5	1	1	0	0	0	0	1	0.2	0.2	0.4	0.6	1	0	0	0	0
Rick_White	6	6	3	1	0	1	1	0	0	0.5	0.5	1.167	1.667	0	0	0	0	0
Woody_Williams	6	6	2	0	0	0	0	0	0	0.333	0.333	0.333	0.667	0	0	0	0	0
Joel_Zumaya	6	4	0	0	0	0	1	2	2	0	0.333	0	0.333	0	0	0	0	1
Jose_Acevedo	5	5	1	0	1	0	2	0	2	0.2	0.2	0.6	0.8	0	0	0	0	0
Antonio_Alfonseca	5	4	3	0	0	0	0	1	0	0.75	0.8	0.75	1.55	0	0	0	0	0
Pedro_Astacio	5	5	4	0	0	0	0	0	0	0.8	0.8	0.8	1.6	0	0	0	0	0
Antonio_Bastardo	5	5	1	0	0	0	0	0	2	0.2	0.2	0.2	0.4	0	0	0	0	0
Brandon_Beachy	5	4	0	0	0	0	0	1	2	0	0.2	0	0.2	0	0	0	0	0
Joe_Borowski	5	5	1	0	0	1	2	0	1	0.2	0.2	0.8	1	0	0	0	0	0
Chad_Bradford	5	5	1	0	0	0	0	0	2	0.2	0.2	0.2	0.4	0	0	0	0	0
Chris_Britton	5	5	0	0	0	0	0	0	2	0	0	0	0	0	0	0	0	0
Ambiorix_Burgos	5	5	1	0	0	0	0	0	1	0.2	0.2	0.2	0.4	0	0	0	0	1
Giovanni_Carrara	5	3	2	1	0	0	0	1	0	0.667	0.8	1	1.8	0	0	1	1	0
Tyler_Clippard	5	4	2	0	0	0	0	1	0	0.5	0.6	0.5	1.1	0	0	0	0	0
Odrisamer_Despaigne	5	5	1	0	0	1	1	0	2	0.2	0.2	0.8	1	0	0	0	0	0
Craig_Dingman	5	2	0	0	0	0	1	2	0	0	0.4	0	0.4	0	1	0	0	0
Jason_Frasor	5	4	1	0	0	0	1	1	0	0.25	0.4	0.25	0.65	0	0	0	0	1
Matt_Garza	5	5	3	0	0	0	1	0	1	0.6	0.6	0.6	1.2	0	0	0	0	0
Andrew_Good	5	5	2	0	0	0	0	0	0	0.4	0.4	0.4	0.8	0	0	0	0	0
Joey_Hamilton	5	5	1	1	0	0	0	0	1	0.2	0.2	0.4	0.6	0	0	0	0	0
David_Hernandez	5	4	0	0	0	0	0	1	1	0	0.2	0	0.2	0	0	0	0	0
Trevor_Hoffman	5	5	0	0	0	0	0	0	1	0	0	0	0	0	0	0	0	0
Luke_Hudson	5	5	1	0	0	1	1	0	2	0.2	0.2	0.8	1	0	0	0	0	0
Philip_Humber	5	5	0	0	0	0	0	0	1	0	0	0	0	0	0	0	0	0
Jorge_Julio	5	5	0	0	0	0	0	0	3	0	0	0	0	0	0	0	0	0
Tommy_Kahnle	5	5	2	1	0	0	0	0	0	0.4	0.4	0.6	1	0	0	0	0	0
Sam_LeCure	5	5	2	1	0	1	1	0	2	0.4	0.4	1.2	1.6	0	0	0	0	0
Allen_Levrault	5	5	3	0	0	1	4	0	0	0.6	0.6	1.2	1.8	0	0	0	0	0
Colby_Lewis	5	4	0	0	0	0	0	1	0	0	0.2	0	0.2	0	0	0	0	0
Jensen_Lewis	5	5	0	0	0	0	0	0	3	0	0	0	0	0	0	0	0	0
Jose_Lima	5	3	1	0	0	1	1	1	0	0.333	0.6	1.333	1.933	0	0	0	1	0
Matt_Lindstrom	5	5	1	1	0	0	1	0	2	0.2	0.2	0.4	0.6	0	0	0	0	0
Adam_Loewen	5	5	0	0	0	0	0	0	2	0	0	0	0	0	0	0	0	0
Javier_Lopez	5	5	1	1	0	0	1	0	0	0.2	0.2	0.4	0.6	0	0	0	0	0
Wilton_Lopez	5	5	0	0	0	0	0	0	1	0	0	0	0	0	0	0	0	2
Ryan_Madson	5	5	3	0	0	2	3	0	0	0.6	0.6	1.8	2.4	0	0	0	0	1
Brandon_McCarthy	5	5	0	0	0	0	0	0	1	0	0	0	0	0	0	0	0	1
Seth_McClung	5	5	1	0	0	0	1	0	2	0.2	0.2	0.2	0.4	0	0	0	0	0
Brian_Meadows	5	5	1	1	0	0	0	0	1	0.2	0.2	0.4	0.6	0	0	0	0	0
Justin_Miller	5	4	0	0	0	0	1	0	2	0	0	0	0	0	1	0	0	0
Tommy_Milone	5	5	2	1	0	0	1	0	1	0.4	0.4	0.6	1	0	0	0	0	0
Brian_Moehler	5	5	1	1	0	0	0	0	0	0.2	0.2	0.4	0.6	0	0	0	0	0
Adam_Morgan	5	4	1	0	0	1	1	1	0	0.25	0.4	1	1.4	0	0	1	0	1
Mike_Morgan	5	5	2	0	0	0	0	0	0	0.4	0.4	0.4	0.8	0	0	0	0	0
Chris_Narveson	5	5	0	0	0	0	0	0	1	0	0	0	0	0	0	0	0	0
Darren_O'Day	5	5	1	0	0	1	3	0	1	0.2	0.2	0.8	1	0	0	0	0	0
Eric_O'Flaherty	5	4	2	0	0	0	0	1	1	0.5	0.6	0.5	1.1	0	0	0	0	0
Tomo_Ohka	5	5	0	0	0	0	0	0	1	0	0	0	0	0	0	0	0	0
Ross_Ohlendorf	5	4	1	1	0	0	1	0	0	0.25	0.2	0.5	0.7	0	1	0	0	0
Eddie_Oropesa	5	4	2	0	0	0	1	1	0	0.5	0.6	0.5	1.1	0	0	0	0	0
Felipe_Paulino	5	5	1	0	0	0	0	0	2	0.2	0.2	0.2	0.4	0	0	0	0	0
Wily_Peralta	5	4	2	0	0	0	0	1	0	0.5	0.6	0.5	1.1	0	0	1	0	0
David_Price	5	5	2	1	0	0	0	0	1	0.4	0.4	0.6	1	0	0	0	0	0
Kevin_Quackenbush	5	4	2	0	0	0	0	1	0	0.5	0.6	0.5	1.1	0	0	0	0	0
A.J._Ramos	5	4	2	0	0	0	1	1	1	0.5	0.6	0.5	1.1	0	0	0	0	0
Britt_Reames	5	5	1	1	0	0	0	0	2	0.2	0.2	0.4	0.6	0	0	0	0	0
John_Rheinecker	5	5	2	1	0	1	2	0	1	0.4	0.4	1.2	1.6	0	0	0	0	0
Mariano_Rivera	5	4	1	0	1	0	1	0	1	0.25	0.2	0.75	0.95	0	1	0	0	0
Sergio_Romo	5	5	0	0	0	0	0	0	3	0	0	0	0	0	0	0	0	0
Chris_Sampson	5	5	1	0	0	0	0	0	0	0.2	0.2	0.2	0.4	0	0	0	0	0
Daniel_Schlereth	5	3	0	0	0	0	0	2	2	0	0.4	0	0.4	0	0	0	0	0
John_Smoltz	5	5	1	0	0	0	0	0	1	0.2	0.2	0.2	0.4	0	0	0	0	0
Rafael_Soriano	5	5	1	0	0	0	1	0	2	0.2	0.2	0.2	0.4	0	0	0	0	0
Dennis_Tankersley	5	4	0	0	0	0	0	1	1	0	0.2	0	0.2	0	0	0	0	0
Julio_Teheran	5	5	1	0	0	0	0	0	2	0.2	0.2	0.2	0.4	0	0	0	0	0
Dale_Thayer	5	5	0	0	0	0	0	0	3	0	0	0	0	0	0	0	0	0
Matt_Thornton	5	4	1	1	0	0	0	1	0	0.25	0.4	0.5	0.9	0	0	0	0	0
Chris_Tillman	5	5	0	0	0	0	0	0	0	0	0	0	0	0	0	0	0	1
Josh_Towers	5	5	1	0	0	0	0	0	1	0.2	0.2	0.2	0.4	0	0	0	0	0
Jose_Veras	5	5	1	0	0	0	0	0	0	0.2	0.2	0.2	0.4	0	0	0	0	0
Carlos_Villanueva	5	5	0	0	0	0	0	0	2	0	0	0	0	0	0	0	0	0
Michael_Wacha	5	5	0	0	0	0	0	0	3	0	0	0	0	0	0	0	0	0
Tsuyoshi_Wada	5	4	2	1	0	0	0	1	0	0.5	0.6	0.75	1.35	0	0	0	0	0
Pete_Walker	5	4	0	0	0	0	1	0	1	0	0	0	0	0	1	0	0	0
David_Wells	5	5	2	0	0	0	0	0	0	0.4	0.4	0.4	0.8	0	0	0	0	0
David_Williams	5	3	2	0	0	0	1	1	0	0.667	0.6	0.667	1.267	0	1	0	0	1
Alex_Wood	5	5	2	0	0	1	2	0	1	0.4	0.4	1	1.4	0	0	0	0	0
Vance_Worley	5	5	2	0	0	0	1	0	1	0.4	0.4	0.4	0.8	0	0	0	0	0
Jaret_Wright	5	5	1	0	0	0	0	0	0	0.2	0.2	0.2	0.4	0	0	0	0	1
Brad_Ziegler	5	5	0	0	0	0	0	0	2	0	0	0	0	0	0	0	0	0
Scott_Atchison	4	4	1	1	0	0	1	0	0	0.25	0.25	0.5	0.75	0	0	0	0	0
John_Axford	4	4	0	0	0	0	0	0	1	0	0	0	0	0	0	0	0	0
Luis_Ayala	4	3	0	0	0	0	0	0	0	0	0	0	0	1	0	0	0	1
Aaron_Barrett	4	4	0	0	0	0	0	0	3	0	0	0	0	0	0	0	0	0
Anthony_Bass	4	4	0	0	0	0	0	0	0	0	0	0	0	0	0	0	0	0
Rick_Bauer	4	4	1	0	0	0	0	0	0	0.25	0.25	0.25	0.5	0	0	0	0	0
Joe_Beimel	4	4	1	0	0	0	2	0	1	0.25	0.25	0.25	0.5	0	0	0	0	0
Ronald_Belisario	4	4	1	0	0	0	0	0	1	0.25	0.25	0.25	0.5	0	0	0	0	0
Armando_Benitez	4	4	0	0	0	0	0	0	2	0	0	0	0	0	0	0	0	0
Justin_Berg	4	4	1	0	0	0	0	0	0	0.25	0.25	0.25	0.5	0	0	0	0	0
Christian_Bergman	4	3	2	0	0	0	0	1	0	0.667	0.75	0.667	1.417	0	0	0	0	0
Travis_Blackley	4	4	0	0	0	0	0	0	2	0	0	0	0	0	0	0	0	0
Mitchell_Boggs	4	3	1	1	0	0	1	1	2	0.333	0.5	0.667	1.167	0	0	0	0	0
Rex_Brothers	4	3	0	0	0	0	0	1	1	0	0.25	0	0.25	0	0	0	0	0
Eddie_Butler	4	4	1	1	0	0	1	0	0	0.25	0.25	0.5	0.75	0	0	0	0	1
Tim_Byrdak	4	3	0	0	0	0	0	1	1	0	0.25	0	0.25	0	0	1	0	0
Arquimedes_Caminero	4	4	1	0	0	0	1	0	2	0.25	0.25	0.25	0.5	0	0	0	0	0
David_Carpenter	4	4	2	0	0	2	3	0	0	0.5	0.5	2	2.5	0	0	0	0	0
Lance_Carter	4	3	1	0	0	0	2	1	0	0.333	0.5	0.333	0.833	0	0	0	0	0
Joba_Chamberlain	4	4	0	0	0	0	0	0	3	0	0	0	0	0	0	0	0	0
Roger_Clemens	4	4	3	1	0	0	2	0	0	0.75	0.75	1	1.75	0	0	0	0	0
Dave_Coggin	4	4	1	0	0	1	1	0	1	0.25	0.25	1	1.25	0	0	0	0	0
Adam_Conley	4	4	0	0	0	0	0	0	0	0	0	0	0	0	0	0	0	0
Francisco_Cordero	4	3	2	1	0	0	1	0	0	0.667	0.5	1	1.5	0	1	0	0	0
Neal_Cotts	4	4	2	0	0	0	0	0	1	0.5	0.5	0.5	1	0	0	0	0	0
Juan_Cruz	4	4	1	0	0	0	0	0	3	0.25	0.25	0.25	0.5	0	0	0	0	0
Sam_Deduno	4	4	1	1	0	0	1	0	1	0.25	0.25	0.5	0.75	0	0	0	0	0
Brian_Duensing	4	2	0	0	0	0	0	1	0	0	0.5	0	0.5	0	0	0	1	0
Robert_Ellis	4	4	2	0	0	0	2	0	0	0.5	0.5	0.5	1	0	0	0	0	0
Alan_Embree	4	4	2	2	0	0	1	0	1	0.5	0.5	1	1.5	0	0	0	0	0
Jeurys_Familia	4	3	2	0	0	0	1	1	1	0.667	0.75	0.667	1.417	0	0	0	0	0
Jesse_Foppert	4	4	1	0	0	1	3	0	1	0.25	0.25	1	1.25	0	0	0	0	0
Frank_Francisco	4	3	0	0	0	0	0	0	2	0	0	0	0	1	0	0	0	0
Tom_Gordon	4	4	0	0	0	0	0	0	3	0	0	0	0	0	0	0	0	0
Jason_Grimsley	4	3	0	0	0	0	0	1	1	0	0.25	0	0.25	0	0	0	0	0
Jesse_Hahn	4	4	1	1	0	0	1	0	2	0.25	0.25	0.5	0.75	0	0	0	0	0
Brad_Hand	4	3	1	0	0	0	0	1	1	0.333	0.5	0.333	0.833	0	0	0	0	0
Shigetoshi_Hasegawa	4	4	0	0	0	0	0	0	0	0	0	0	0	0	0	0	0	0
Jeremy_Hefner	4	0	0	0	0	0	0	4	0	0	1	0	0	0	0	0	0	0
Aaron_Heilman	4	4	1	0	0	0	0	0	3	0.25	0.25	0.25	0.5	0	0	0	0	0
Clay_Hensley	4	4	2	1	0	0	0	0	1	0.5	0.5	0.75	1.25	0	0	0	0	0
Rich_Hill	4	3	0	0	0	0	0	1	0	0	0.25	0	0.25	0	0	0	0	0
Ben_Howard	4	3	2	1	0	1	2	1	1	0.667	0.75	2	2.75	0	0	0	0	0
Jared_Hughes	4	4	2	0	0	0	0	0	1	0.5	0.5	0.5	1	0	0	0	0	0
Tommy_Hunter	4	4	0	0	0	0	0	0	0	0	0	0	0	0	0	0	0	0
Dan_Jennings	4	4	0	0	0	0	0	0	0	0	0	0	0	0	0	0	0	0
Steve_Kline	4	4	2	0	0	0	0	0	1	0.5	0.5	0.5	1	0	0	0	0	0
John_Koronka	4	4	2	0	0	0	0	0	1	0.5	0.5	0.5	1	0	0	0	0	0
John_Lannan	4	4	0	0	0	0	1	0	0	0	0	0	0	0	0	0	0	0
Scott_Linebrink	4	3	1	0	0	0	0	0	0	0.333	0.333	0.333	0.667	1	0	0	0	0
Braden_Looper	4	4	1	0	0	0	0	0	1	0.25	0.25	0.25	0.5	0	0	0	0	0
Cory_Luebke	4	4	0	0	0	0	0	0	2	0	0	0	0	0	0	0	0	0
Ruddy_Lugo	4	3	1	0	0	0	1	0	0	0.333	0.333	0.333	0.667	1	0	0	0	0
Matt_Mantei	4	4	0	0	0	0	0	0	4	0	0	0	0	0	0	0	0	0
Justin_Masterson	4	3	0	0	0	0	1	1	2	0	0.25	0	0.25	0	0	0	0	0
Tom_Mastny	4	4	0	0	0	0	0	0	1	0	0	0	0	0	0	0	0	0
Brandon_Maurer	4	3	0	0	0	0	0	1	0	0	0.25	0	0.25	0	0	0	0	0
Kyle_McClellan	4	4	0	0	0	0	0	0	1	0	0	0	0	0	0	0	0	0
Mark_Melancon	4	4	0	0	0	0	0	0	1	0	0	0	0	0	0	0	0	0
Ramiro_Mendoza	4	4	1	0	0	0	0	0	0	0.25	0.25	0.25	0.5	0	0	0	0	0
Jason_Middlebrook	4	2	0	0	0	0	0	2	0	0	0.5	0	0.5	0	0	0	0	0
Dave_Mlicki	4	4	1	0	1	0	0	0	0	0.25	0.25	0.75	1	0	0	0	0	0
Carlos_Monasterios	4	3	1	0	0	1	2	0	1	0.333	0.25	1.333	1.583	0	1	0	0	0
Brandon_Morrow	4	3	0	0	0	0	0	0	1	0	0.25	0	0.25	0	0	0	1	1
Mike_Myers	4	4	0	0	0	0	0	0	1	0	0	0	0	0	0	0	0	0
Rodney_Myers	4	2	0	0	0	0	0	1	0	0	0.5	0	0.5	0	0	0	1	0
Dustin_Nippert	4	4	1	1	0	0	0	0	0	0.25	0.25	0.5	0.75	0	0	0	0	0
Roberto_Novoa	4	4	2	0	0	1	2	0	1	0.5	0.5	1.25	1.75	0	0	0	0	0
Darren_Oliver	4	4	2	0	0	1	3	0	0	0.5	0.5	1.25	1.75	0	0	0	0	0
Logan_Ondrusek	4	4	2	0	0	1	3	0	0	0.5	0.5	1.25	1.75	0	0	0	0	0
Glen_Perkins	4	4	1	0	0	0	0	0	2	0.25	0.25	0.25	0.5	0	0	0	0	0
Dennys_Reyes	4	3	1	0	0	1	1	1	1	0.333	0.5	1.333	1.833	0	0	0	0	0
Joe_Roa	4	3	0	0	0	0	0	1	0	0	0.25	0	0.25	0	0	0	0	1
Ricardo_Rodriguez	4	4	2	0	0	2	4	0	0	0.5	0.5	2	2.5	0	0	0	0	0
Matt_Roney	4	4	0	0	0	0	0	0	0	0	0	0	0	0	0	0	0	0
Greg_Smith	4	4	1	1	0	0	1	0	2	0.25	0.25	0.5	0.75	0	0	0	0	0
Drew_Smyly	4	3	1	0	0	0	0	1	1	0.333	0.5	0.333	0.833	0	0	0	0	0
Kyle_Snyder	4	3	1	1	0	0	1	0	1	0.333	0.25	0.667	0.917	0	1	0	0	0
Jeremy_Sowers	4	3	0	0	0	0	0	1	1	0	0.25	0	0.25	0	0	0	0	0
Chris_Spurling	4	4	2	0	0	2	2	0	1	0.5	0.5	2	2.5	0	0	0	0	0
Garrett_Stephenson	4	3	0	0	0	0	0	1	2	0	0.25	0	0.25	0	0	0	0	1
Scott_Stewart	4	3	0	0	0	0	0	1	2	0	0.25	0	0.25	0	0	0	0	0
Drew_Storen	4	4	2	0	0	0	2	0	1	0.5	0.5	0.5	1	0	0	0	0	0
Mike_Thurman	4	4	1	1	0	0	0	0	1	0.25	0.25	0.5	0.75	0	0	0	0	0
Ramon_Troncoso	4	4	1	1	0	0	0	0	1	0.25	0.25	0.5	0.75	0	0	0	0	0
Oscar_Villarreal	4	3	0	0	0	0	0	0	3	0	0	0	0	1	0	0	0	0
Luis_Vizcaino	4	4	1	0	0	0	0	0	1	0.25	0.25	0.25	0.5	0	0	0	0	0
Taijuan_Walker	4	4	2	1	0	0	0	0	1	0.5	0.5	0.75	1.25	0	0	0	0	0
John_Wasdin	4	4	0	0	0	0	0	0	0	0	0	0	0	0	0	0	0	0
Todd_Wellemeyer	4	4	1	0	0	0	0	0	0	0.25	0.25	0.25	0.5	0	0	0	0	1
Jerome_Williams	4	4	0	0	0	0	0	0	1	0	0	0	0	0	0	0	0	0
Todd_Williams	4	4	2	0	0	0	0	0	1	0.5	0.5	0.5	1	0	0	0	0	0
Michael_Wuertz	4	4	2	0	0	0	1	0	1	0.5	0.5	0.5	1	0	0	0	0	0
Chad_Zerbe	4	3	1	0	0	0	0	1	0	0.333	0.5	0.333	0.833	0	0	0	0	0
Paul_Abbott	3	3	0	0	0	0	0	0	1	0	0	0	0	0	0	0	0	0
Mike_Adams	3	3	0	0	0	0	0	0	0	0	0	0	0	0	0	0	0	0
Kurt_Ainsworth	3	2	0	0	0	0	0	1	0	0	0.333	0	0.333	0	0	0	0	0
Henderson_Alvarez	3	1	0	0	0	0	0	2	0	0	0.667	0	0.667	0	0	0	0	0
Kevin_Appier	3	2	0	0	0	0	0	1	1	0	0.333	0	0.333	0	0	0	0	0
Chris_Archer	3	2	0	0	0	0	0	1	1	0	0.333	0	0.333	0	0	0	0	0
Jake_Arrieta	3	3	0	0	0	0	0	0	0	0	0	0	0	0	0	0	0	0
Brandon_Backe	3	3	0	0	0	0	0	0	2	0	0	0	0	0	0	0	0	0
Danys_Baez	3	3	0	0	0	0	0	0	2	0	0	0	0	0	0	0	0	0
Matt_Barnes	3	2	0	0	0	0	0	1	0	0	0.333	0	0.333	0	0	0	0	0
Brian_Bass	3	2	0	0	0	0	0	1	0	0	0.333	0	0.333	0	0	0	0	0
Rob_Bell	3	3	0	0	0	0	0	0	1	0	0	0	0	0	0	0	0	0
Francis_Beltran	3	3	1	0	0	0	2	0	1	0.333	0.333	0.333	0.667	0	0	0	0	0
Adam_Bernero	3	3	0	0	0	0	0	0	1	0	0	0	0	0	0	0	0	0
Rocky_Biddle	3	3	1	0	0	0	0	0	0	0.333	0.333	0.333	0.667	0	0	0	0	0
Kurt_Birkins	3	3	2	0	0	1	3	0	0	0.667	0.667	1.667	2.333	0	0	0	0	0
Michael_Blazek	3	2	0	0	0	0	0	1	0	0	0.333	0	0.333	0	0	0	0	0
Dallas_Braden	3	3	0	0	0	0	0	0	1	0	0	0	0	0	0	0	0	0
Archie_Bradley	3	2	0	0	0	0	0	0	0	0	0.333	0	0.333	0	0	0	1	1
Dewon_Brazelton	3	2	0	0	0	0	0	1	0	0	0.333	0	0.333	0	0	0	0	0
Troy_Brohawn	3	3	1	1	0	0	1	0	2	0.333	0.333	0.667	1	0	0	0	0	0
Jonathan_Broxton	3	3	2	0	0	1	2	0	0	0.667	0.667	1.667	2.333	0	0	0	0	0
Taylor_Buchholz	3	3	0	0	0	0	0	0	1	0	0	0	0	0	0	0	0	0
Dave_Burba	3	2	0	0	0	0	0	1	1	0	0.333	0	0.333	0	0	0	0	0
Hiram_Burgos	3	2	0	0	0	0	0	1	0	0	0.333	0	0.333	0	0	0	0	0
John_Burkett	3	3	2	2	0	0	1	0	0	0.667	0.667	1.333	2	0	0	0	0	0
Jose_Cabrera	3	3	1	0	0	0	0	0	0	0.333	0.333	0.333	0.667	0	0	0	0	0
Kiko_Calero	3	3	0	0	0	0	0	0	1	0	0	0	0	0	0	0	0	0
Chris_Capuano	3	3	1	0	0	0	0	0	0	0.333	0.333	0.333	0.667	0	0	0	0	0
Frank_Castillo	3	3	1	1	0	0	0	0	1	0.333	0.333	0.667	1	0	0	0	0	0
Jaime_Cerda	3	3	1	0	0	0	1	0	0	0.333	0.333	0.333	0.667	0	0	0	0	0
Gustavo_Chacin	3	3	1	0	0	1	1	0	0	0.333	0.333	1.333	1.667	0	0	0	0	0
Todd_Coffey	3	3	1	0	0	0	1	0	0	0.333	0.333	0.333	0.667	0	0	0	0	0
Gerrit_Cole	3	3	2	1	0	0	0	0	0	0.667	0.667	1	1.667	0	0	0	0	0
Clay_Condrey	3	3	1	0	0	0	0	0	0	0.333	0.333	0.333	0.667	0	0	0	0	0
Tim_Corcoran	3	2	1	0	0	0	1	0	1	0.5	0.333	0.5	0.833	0	1	0	0	0
Rheal_Cormier	3	3	1	0	0	0	0	0	0	0.333	0.333	0.333	0.667	0	0	0	0	0
Nate_Cornejo	3	3	1	0	0	0	0	0	0	0.333	0.333	0.333	0.667	0	0	0	0	0
Tyler_Cravy	3	3	1	0	0	0	0	0	0	0.333	0.333	0.333	0.667	0	0	0	0	0
Matt_DeSalvo	3	3	1	0	0	0	0	0	2	0.333	0.333	0.333	0.667	0	0	0	0	0
Chris_Devenski	3	3	0	0	0	0	1	0	1	0	0	0	0	0	0	0	0	1
Lenny_DiNardo	3	3	1	0	0	0	1	0	0	0.333	0.333	0.333	0.667	0	0	0	0	0
Scott_Dohmann	3	3	0	0	0	0	0	0	1	0	0	0	0	0	0	0	0	0
Juan_Dominguez	3	3	2	0	0	0	0	0	0	0.667	0.667	0.667	1.333	0	0	0	0	0
Octavio_Dotel	3	3	1	0	1	0	0	0	0	0.333	0.333	1	1.333	0	0	0	0	0
Scott_Downs	3	3	0	0	0	0	0	0	0	0	0	0	0	0	0	0	0	0
Eric_DuBose	3	2	1	0	0	0	0	1	1	0.5	0.667	0.5	1.167	0	0	0	0	0
Tyler_Duffey	3	3	0	0	0	0	0	0	0	0	0	0	0	0	0	0	0	0
John_Ely	3	3	1	0	0	0	0	0	1	0.333	0.333	0.333	0.667	0	0	0	0	0
John_Ennis	3	3	0	0	0	0	0	0	1	0	0	0	0	0	0	0	0	0
Shawn_Estes	3	3	2	1	0	0	0	0	0	0.667	0.667	1	1.667	0	0	0	0	0
Scott_Eyre	3	3	1	1	0	0	0	0	0	0.333	0.333	0.667	1	0	0	0	0	0
Ryan_Feierabend	3	3	0	0	0	0	0	0	2	0	0	0	0	0	0	0	0	1
Mike_Fetters	3	3	0	0	0	0	0	0	2	0	0	0	0	0	0	0	0	0
Chuck_Finley	3	3	1	0	0	0	1	0	0	0.333	0.333	0.333	0.667	0	0	0	0	0
Wayne_Franklin	3	2	0	0	0	0	0	1	0	0	0.333	0	0.333	0	0	0	0	0
Christian_Friedrich	3	2	0	0	0	0	0	1	0	0	0.333	0	0.333	0	0	0	0	1
Brian_Fuentes	3	3	1	0	0	0	0	0	2	0.333	0.333	0.333	0.667	0	0	0	0	0
Jeff_Fulchino	3	3	1	1	0	0	1	0	1	0.333	0.333	0.667	1	0	0	0	0	0
Michael_Fulmer	3	2	1	0	0	0	0	1	0	0.5	0.667	0.5	1.167	0	0	0	0	0
Luis_Garcia	3	3	1	0	0	1	3	0	2	0.333	0.333	1.333	1.667	0	0	0	0	0
Kyle_Gibson	3	3	0	0	0	0	0	0	0	0	0	0	0	0	0	0	0	0
Gary_Glover	3	3	0	0	0	0	0	0	0	0	0	0	0	0	0	0	0	0
John_Grabow	3	3	1	0	0	1	1	0	0	0.333	0.333	1.333	1.667	0	0	0	0	0
Sean_Green	3	3	0	0	0	0	0	0	2	0	0	0	0	0	0	0	0	0
Seth_Greisinger	3	2	2	0	0	0	0	1	0	1	1	1	2	0	0	0	0	0
Eddie_Guardado	3	2	1	1	0	0	1	0	1	0.5	0.333	1	1.333	0	1	0	0	0
Luther_Hackman	3	3	0	0	0	0	0	0	1	0	0	0	0	0	0	0	0	0
Mike_Hampton	3	3	1	0	0	0	0	0	0	0.333	0.333	0.333	0.667	0	0	0	0	0
Joel_Hanrahan	3	3	1	0	0	0	0	0	0	0.333	0.333	0.333	0.667	0	0	0	0	0
Jeff_Harris	3	2	0	0	0	0	0	0	0	0	0.333	0	0.333	0	0	0	1	0
Rick_Helling	3	3	1	0	0	0	1	0	1	0.333	0.333	0.333	0.667	0	0	0	0	0
Heath_Hembree	3	3	0	0	0	0	0	0	1	0	0	0	0	0	0	0	0	0
Kyle_Hendricks	3	3	0	0	0	0	0	0	0	0	0	0	0	0	0	0	0	0
Pat_Hentgen	3	3	1	0	0	0	0	0	1	0.333	0.333	0.333	0.667	0	0	0	0	0
Chris_Heston	3	3	1	0	0	0	0	0	0	0.333	0.333	0.333	0.667	0	0	0	0	0
Derek_Holland	3	3	1	0	0	0	0	0	0	0.333	0.333	0.333	0.667	0	0	0	0	0
D.J._Houlton	3	3	0	0	0	0	0	0	1	0	0	0	0	0	0	0	0	0
Kenley_Jansen	3	3	1	0	0	0	1	0	1	0.333	0.333	0.333	0.667	0	0	0	0	0
Jason_Jennings	3	3	0	0	0	0	0	0	1	0	0	0	0	0	0	0	0	0
Erik_Johnson	3	2	1	0	0	1	1	1	0	0.5	0.667	2	2.667	0	0	0	0	0
Jim_Johnson	3	3	3	1	0	0	1	0	0	1	1	1.333	2.333	0	0	0	0	0
Todd_Jones	3	2	0	0	0	0	0	1	1	0	0.333	0	0.333	0	0	0	0	0
Nate_Karns	3	3	0	0	0	0	0	0	2	0	0	0	0	0	0	0	0	0
Steve_Karsay	3	3	2	0	0	0	2	0	0	0.667	0.667	0.667	1.333	0	0	0	0	0
Corey_Kluber	3	3	0	0	0	0	0	0	1	0	0	0	0	0	0	0	0	0
Tom_Koehler	3	3	0	0	0	0	0	0	1	0	0	0	0	0	0	0	0	0
David_Lee	3	2	0	0	0	0	0	0	0	0	0.333	0	0.333	0	0	0	1	0
Wes_Littleton	3	3	1	0	0	0	0	0	0	0.333	0.333	0.333	0.667	0	0	0	0	0
Boone_Logan	3	3	1	0	0	0	0	0	1	0.333	0.333	0.333	0.667	0	0	0	0	0
Albie_Lopez	3	3	2	0	0	0	2	0	0	0.667	0.667	0.667	1.333	0	0	0	0	0
Sean_Lowe	3	3	0	0	0	0	0	0	0	0	0	0	0	0	0	0	0	1
Bobby_Madritsch	3	2	1	0	0	1	1	0	0	0.5	0.5	2	2.5	1	0	0	0	0
Ron_Mahay	3	3	0	0	0	0	0	0	1	0	0	0	0	0	0	0	0	0
Josias_Manzanillo	3	3	1	0	0	0	0	0	0	0.333	0.333	0.333	0.667	0	0	0	0	0
Evan_Marshall	3	3	1	0	0	0	0	0	1	0.333	0.333	0.333	0.667	0	0	0	0	0
Pedro_Martinez	3	3	1	1	0	0	0	0	1	0.333	0.333	0.667	1	0	0	0	0	0
Tyler_Matzek	3	3	1	1	0	0	0	0	2	0.333	0.333	0.667	1	0	0	0	0	0
Jenrry_Mejia	3	3	1	0	0	0	0	0	1	0.333	0.333	0.333	0.667	0	0	0	0	0
Jose_Mesa	3	3	2	0	0	0	0	0	0	0.667	0.667	0.667	1.333	0	0	0	0	0
Justin_Miller	3	3	0	0	0	0	1	0	0	0	0	0	0	0	0	0	0	1
Wade_Miller	3	2	0	0	0	0	0	0	0	0	0	0	0	1	0	0	0	1
Sergio_Mitre	3	3	3	0	0	0	0	0	0	1	1	1	2	0	0	0	0	0
Matt_Moore	3	3	0	0	0	0	0	0	1	0	0	0	0	0	0	0	0	0
Bryan_Morris	3	2	0	0	0	0	0	1	1	0	0.333	0	0.333	0	0	0	0	0
Jason_Motte	3	2	1	0	0	0	0	1	1	0.5	0.667	0.5	1.167	0	0	0	0	0
Jeff_Nelson	3	3	1	0	0	0	0	0	1	0.333	0.333	0.333	0.667	0	0	0	0	0
Robb_Nen	3	2	0	0	0	0	0	1	1	0	0.333	0	0.333	0	0	0	0	0
Justin_Nicolino	3	3	1	1	0	0	0	0	0	0.333	0.333	0.667	1	0	0	0	0	0
Fernando_Nieve	3	2	1	0	0	0	0	0	0	0.5	0.667	0.5	1.167	0	0	0	1	0
Bud_Norris	3	3	0	0	0	0	0	0	0	0	0	0	0	0	0	0	0	0
Vladimir_Nunez	3	3	2	1	1	0	3	0	0	0.667	0.667	1.667	2.333	0	0	0	0	0
Vidal_Nuno	3	3	0	0	0	0	0	0	0	0	0	0	0	0	0	0	0	0
Jake_Odorizzi	3	3	1	0	0	1	1	0	0	0.333	0.333	1.333	1.667	0	0	0	0	0
Will_Ohman	3	2	1	0	0	0	0	1	0	0.5	0.667	0.5	1.167	0	0	0	0	0
Chad_Orvella	3	2	0	0	0	0	1	0	0	0	0	0	0	0	1	0	0	0
Akinori_Otsuka	3	1	0	0	0	0	1	2	0	0	0.667	0	0.667	0	0	0	0	0
Josh_Outman	3	3	0	0	0	0	0	0	1	0	0	0	0	0	0	0	0	0
Jonathan_Papelbon	3	3	2	0	0	0	0	0	1	0.667	0.667	0.667	1.333	0	0	0	0	0
Danny_Patterson	3	3	0	0	0	0	0	0	0	0	0	0	0	0	0	0	0	0
Rafael_Perez	3	3	0	0	0	0	0	0	0	0	0	0	0	0	0	0	0	0
Robert_Person	3	3	0	0	0	0	0	0	0	0	0	0	0	0	0	0	0	0
David_Phelps	3	3	1	0	0	1	3	0	0	0.333	0.333	1.333	1.667	0	0	0	0	0
Scott_Proctor	3	3	1	0	0	0	0	0	1	0.333	0.333	0.333	0.667	0	0	0	0	0
Ramon_Ramirez	3	3	0	0	0	0	0	0	0	0	0	0	0	0	0	0	0	1
Steve_Randolph	3	3	0	0	0	0	0	0	2	0	0	0	0	0	0	0	0	0
Jon_Rauch	3	3	1	0	0	0	0	0	1	0.333	0.333	0.333	0.667	0	0	0	0	0
Mike_Remlinger	3	3	0	0	0	0	0	0	2	0	0	0	0	0	0	0	0	0
Shane_Reynolds	3	3	1	1	0	0	0	0	0	0.333	0.333	0.667	1	0	0	0	0	0
Armando_Reynoso	3	3	1	0	0	0	0	0	0	0.333	0.333	0.333	0.667	0	0	0	0	0
Garrett_Richards	3	3	1	0	0	0	0	0	0	0.333	0.333	0.333	0.667	0	0	0	0	0
Todd_Ritchie	3	3	1	0	1	0	0	0	0	0.333	0.333	1	1.333	0	0	0	0	0
Felipe_Rivero	3	2	0	0	0	0	0	1	0	0	0.333	0	0.333	0	0	0	0	0
Adam_Russell	3	3	0	0	0	0	0	0	1	0	0	0	0	0	0	0	0	0
Takashi_Saito	3	3	0	0	0	0	0	0	1	0	0	0	0	0	0	0	0	0
Brian_Sanches	3	3	2	1	0	1	1	0	0	0.667	0.667	2	2.667	0	0	0	0	0
Jonathan_Sanchez	3	2	0	0	0	0	0	1	2	0	0.333	0	0.333	0	0	0	0	0
Hector_Santiago	3	3	1	0	0	1	3	0	1	0.333	0.333	1.333	1.667	0	0	0	0	0
Brian_Schlitter	3	3	2	0	0	0	1	0	0	0.667	0.667	0.667	1.333	0	0	0	0	0
Jason_Simontacchi	3	3	1	1	0	0	0	0	1	0.333	0.333	0.667	1	0	0	0	0	0
Doug_Slaten	3	3	1	1	0	0	2	0	0	0.333	0.333	0.667	1	0	0	0	0	0
Aaron_Small	3	3	0	0	0	0	0	0	3	0	0	0	0	0	0	0	0	0
Burch_Smith	3	3	1	0	0	0	0	0	1	0.333	0.333	0.333	0.667	0	0	0	0	0
Travis_Smith	3	3	2	2	0	0	2	0	0	0.667	0.667	1.333	2	0	0	0	0	0
Justin_Speier	3	3	0	0	0	0	0	0	0	0	0	0	0	0	0	0	0	0
Mike_Stanton	3	3	1	0	0	0	0	0	1	0.333	0.333	0.333	0.667	0	0	0	0	0
Jeff_Stevens	3	2	1	0	0	1	3	0	0	0.5	0.333	2	2.333	0	1	0	0	0
Ricky_Stone	3	3	0	0	0	0	0	0	2	0	0	0	0	0	0	0	0	0
Todd_Stottlemyre	3	3	1	0	0	0	0	0	0	0.333	0.333	0.333	0.667	0	0	0	0	1
Pedro_Strop	3	3	0	0	0	0	0	0	1	0	0	0	0	0	0	0	0	0
Anthony_Swarzak	3	3	2	0	0	0	2	0	0	0.667	0.667	0.667	1.333	0	0	0	0	0
Hisanori_Takahashi	3	3	2	1	0	0	1	0	1	0.667	0.667	1	1.667	0	0	0	0	0
Kevin_Tapani	3	3	1	1	0	0	1	0	0	0.333	0.333	0.667	1	0	0	0	0	0
Junichi_Tazawa	3	1	0	0	0	0	0	2	0	0	0.667	0	0.667	0	0	0	0	0
Rob_Tejeda	3	2	1	0	0	1	1	1	1	0.5	0.667	2	2.667	0	0	0	0	0
Brad_Thompson	3	3	1	0	0	1	2	0	0	0.333	0.333	1.333	1.667	0	0	0	0	0
John_Thomson	3	3	1	1	0	0	3	0	1	0.333	0.333	0.667	1	0	0	0	0	0
Billy_Traber	3	3	0	0	0	0	0	0	1	0	0	0	0	0	0	0	0	0
Blake_Treinen	3	3	0	0	0	0	0	0	1	0	0	0	0	0	0	0	0	1
Ugueth_Urbina	3	3	0	0	0	0	0	0	1	0	0	0	0	0	0	0	0	0
Raul_Valdes	3	0	0	0	0	0	1	2	0	0	1	0	0	0	0	0	1	0
Chris_Volstad	3	3	0	0	0	0	0	0	1	0	0	0	0	0	0	0	0	0
Doug_Waechter	3	3	0	0	0	0	0	0	1	0	0	0	0	0	0	0	0	0
Jamie_Walker	3	2	0	0	0	0	0	1	0	0	0.333	0	0.333	0	0	0	0	0
Chris_Waters	3	3	0	0	0	0	0	0	0	0	0	0	0	0	0	0	0	0
Ryan_Weber	3	3	1	0	0	0	0	0	1	0.333	0.333	0.333	0.667	0	0	0	0	0
Scott_Williamson	3	2	0	0	0	0	0	1	1	0	0.333	0	0.333	0	0	0	0	0
Paul_Wilson	3	3	1	0	0	0	0	0	0	0.333	0.333	0.333	0.667	0	0	0	0	0
Kerry_Wood	3	3	1	0	0	1	1	0	2	0.333	0.333	1.333	1.667	0	0	0	0	0
Jeremy_Accardo	2	1	0	0	0	0	0	1	0	0	0.5	0	0.5	0	0	0	0	0
Alfredo_Aceves	2	2	1	1	0	0	0	0	1	0.5	0.5	1	1.5	0	0	0	0	0
Nick_Adenhart	2	2	2	0	0	0	2	0	0	1	1	1	2	0	0	0	0	0
Tim_Adleman	2	2	0	0	0	0	0	0	0	0	0	0	0	0	0	0	0	0
Matt_Albers	2	2	0	0	0	0	0	0	0	0	0	0	0	0	0	0	0	1
Armando_Almanza	2	2	0	0	0	0	0	0	0	0	0	0	0	0	0	0	0	0
Brett_Anderson	2	2	1	1	0	0	0	0	0	0.5	0.5	1	1.5	0	0	0	0	0
Jimmy_Anderson	2	2	1	0	0	0	2	0	0	0.5	0.5	0.5	1	0	0	0	0	0
Matt_Anderson	2	1	1	0	0	0	2	1	0	1	1	1	2	0	0	0	0	0
Elvis_Araujo	2	1	0	0	0	0	0	1	1	0	0.5	0	0.5	0	0	0	0	0
Jose_Arredondo	2	2	0	0	0	0	1	0	1	0	0	0	0	0	0	0	0	0
Jairo_Asencio	2	2	1	0	0	0	0	0	1	0.5	0.5	0.5	1	0	0	0	0	0
Luis_Atilano	2	2	1	0	0	1	1	0	0	0.5	0.5	2	2.5	0	0	0	0	0
Andrew_Bailey	2	1	0	0	0	0	0	1	0	0	0.5	0	0.5	0	0	0	0	0
John_Bale	2	2	0	0	0	0	0	0	0	0	0	0	0	0	0	0	0	0
Josh_Banks	2	2	1	0	0	0	1	0	0	0.5	0.5	0.5	1	0	0	0	0	0
Kyle_Barraclough	2	2	0	0	0	0	0	0	1	0	0	0	0	0	0	0	0	0
Kevin_Beirne	2	2	2	1	1	0	2	0	0	1	1	2.5	3.5	0	0	0	0	0
Brian_Boehringer	2	2	0	0	0	0	0	0	1	0	0	0	0	0	0	0	0	0
Mike_Bolsinger	2	2	0	0	0	0	0	0	1	0	0	0	0	0	0	0	0	0
Chris_Bootcheck	2	1	1	1	0	0	0	1	0	1	1	2	3	0	0	0	0	0
Brad_Boxberger	2	2	0	0	0	0	0	0	1	0	0	0	0	0	0	0	0	0
Jason_Boyd	2	1	0	0	0	0	0	0	0	0	0	0	0	1	0	0	0	0
Matt_Boyd	2	2	1	0	0	0	1	0	0	0.5	0.5	0.5	1	0	0	0	0	0
Brad_Brach	2	1	0	0	0	0	0	0	0	0	0	0	0	1	0	0	0	0
Ryan_Braun	2	2	0	0	0	0	0	0	0	0	0	0	0	0	0	0	0	0
Craig_Breslow	2	2	0	0	0	0	0	0	0	0	0	0	0	0	0	0	0	0
Doug_Brocail	2	2	1	0	0	0	0	0	0	0.5	0.5	0.5	1	0	0	0	0	0
Andrew_Brown	2	2	0	0	0	0	0	0	0	0	0	0	0	0	0	0	0	0
Brian_Bruney	2	2	0	0	0	0	0	0	1	0	0	0	0	0	0	0	0	0
Bryan_Bullington	2	2	0	0	0	0	1	0	0	0	0	0	0	0	0	0	0	0
Sean_Burnett	2	2	0	0	0	0	0	0	1	0	0	0	0	0	0	0	0	0
Jared_Burton	2	2	1	0	0	0	0	0	0	0.5	0.5	0.5	1	0	0	0	0	0
Mike_Bynum	2	1	0	0	0	0	0	0	0	0	0	0	0	1	0	0	0	0
Hector_Carrasco	2	1	0	0	0	0	0	1	0	0	0.5	0	0.5	0	0	0	0	0
Aroldis_Chapman	2	1	0	0	0	0	0	1	1	0	0.5	0	0.5	0	0	0	0	0
Wei-Yin_Chen	2	2	0	0	0	0	0	0	2	0	0	0	0	0	0	0	0	0
Vinnie_Chulk	2	2	1	0	0	0	0	0	0	0.5	0.5	0.5	1	0	0	0	0	0
Tony_Cingrani	2	2	0	0	0	0	0	0	1	0	0	0	0	0	0	0	0	0
Brandon_Claussen	2	2	1	1	0	0	1	0	0	0.5	0.5	1	1.5	0	0	0	0	0
Casey_Coleman	2	2	1	0	0	0	1	0	1	0.5	0.5	0.5	1	0	0	0	0	0
Roman_Colon	2	2	2	2	0	0	0	0	0	1	1	2	3	0	0	0	0	0
Jose_Contreras	2	2	0	0	0	0	0	0	0	0	0	0	0	0	0	0	0	0
Erik_Cordier	2	2	1	0	0	0	2	0	0	0.5	0.5	0.5	1	0	0	0	0	0
Bryan_Corey	2	2	1	1	0	0	0	0	0	0.5	0.5	1	1.5	0	0	0	0	0
Mark_Corey	2	2	1	1	0	0	0	0	0	0.5	0.5	1	1.5	0	0	0	0	0
Lance_Cormier	2	2	1	0	0	0	0	0	1	0.5	0.5	0.5	1	0	0	0	0	0
Jarred_Cosart	2	2	1	1	0	0	0	0	0	0.5	0.5	1	1.5	0	0	0	0	0
Brandon_Cumpton	2	2	0	0	0	0	0	0	0	0	0	0	0	0	0	0	0	0
Matt_Daley	2	2	2	0	1	0	0	0	0	1	1	2	3	0	0	0	0	0
John_Danks	2	2	0	0	0	0	0	0	2	0	0	0	0	0	0	0	0	0
Kane_Davis	2	1	0	0	0	0	0	1	0	0	0.5	0	0.5	0	0	0	0	0
Justin_De_Fratus	2	2	1	0	0	0	0	0	1	0.5	0.5	0.5	1	0	0	0	0	0
Valerio_De_Los_Santos	2	1	0	0	0	0	0	1	0	0	0.5	0	0.5	0	0	0	0	0
Enerio_Del_Rosario	2	2	1	0	0	0	2	0	0	0.5	0.5	0.5	1	0	0	0	0	0
Steve_Delabar	2	2	1	0	0	0	0	0	1	0.5	0.5	0.5	1	0	0	0	0	0
Thomas_Diamond	2	2	1	0	0	1	4	0	0	0.5	0.5	2	2.5	0	0	0	0	0
Jake_Dunning	2	2	0	0	0	0	0	0	1	0	0	0	0	0	0	0	0	1
Brian_Ellington	2	2	0	0	0	0	0	0	1	0	0	0	0	0	0	0	0	1
Edgmer_Escalona	2	2	0	0	0	0	0	0	2	0	0	0	0	0	0	0	0	0
Marco_Estrada	2	2	1	0	0	0	0	0	1	0.5	0.5	0.5	1	0	0	0	0	0
Leo_Estrella	2	1	1	1	0	0	2	1	0	1	1	2	3	0	0	0	0	0
Willie_Eyre	2	2	0	0	0	0	0	0	0	0	0	0	0	0	0	0	0	0
Jeff_Fassero	2	2	1	0	0	0	0	0	0	0.5	0.5	0.5	1	0	0	0	0	0
Scott_Feldman	2	1	0	0	0	0	1	0	0	0	0	0	0	1	0	0	0	0
Neftali_Feliz	2	2	0	0	0	0	0	0	2	0	0	0	0	0	0	0	0	0
Jared_Fernandez	2	2	0	0	0	0	0	0	0	0	0	0	0	0	0	0	0	0
Alfredo_Figaro	2	2	0	0	0	0	0	0	0	0	0	0	0	0	0	0	0	0
Brandon_Finnegan	2	2	0	0	0	0	0	0	1	0	0	0	0	0	0	0	0	0
Yohan_Flande	2	2	1	0	0	0	0	0	0	0.5	0.5	0.5	1	0	0	0	0	0
Randy_Flores	2	2	0	0	0	0	0	0	0	0	0	0	0	0	0	0	0	0
Ron_Flores	2	2	0	0	0	0	0	0	0	0	0	0	0	0	0	0	0	0
Josh_Geer	2	2	1	0	0	1	1	0	0	0.5	0.5	2	2.5	0	0	0	0	0
Steve_Geltz	2	2	0	0	0	0	0	0	1	0	0	0	0	0	0	0	0	0
Sammy_Gervacio	2	2	1	1	0	0	0	0	1	0.5	0.5	1	1.5	0	0	0	0	0
Sean_Gilmartin	2	1	0	0	0	0	0	1	1	0	0.5	0	0.5	0	0	0	0	0
Mychal_Givens	2	1	0	0	0	0	0	1	0	0	0.5	0	0.5	0	0	0	0	0
Jeanmar_Gomez	2	2	0	0	0	0	0	0	0	0	0	0	0	0	0	0	0	0
Edgar_Gonzalez	2	2	0	0	0	0	0	0	0	0	0	0	0	0	0	0	0	0
Mike_Gonzalez	2	1	0	0	0	0	0	1	1	0	0.5	0	0.5	0	0	0	0	0
Alex_Graman	2	2	1	0	0	0	0	0	1	0.5	0.5	0.5	1	0	0	0	0	0
Nick_Greenwood	2	2	0	0	0	0	0	0	0	0	0	0	0	0	0	0	0	0
Charlie_Haeger	2	1	0	0	0	0	0	1	0	0	0.5	0	0.5	0	0	0	0	0
Chris_Hammond	2	2	1	0	0	1	1	0	1	0.5	0.5	2	2.5	0	0	0	0	0
Travis_Harper	2	2	1	0	0	0	0	0	0	0.5	0.5	0.5	1	0	0	0	0	0
Jeremy_Hellickson	2	1	0	0	0	0	0	0	0	0	0	0	0	1	0	0	0	0
Dustin_Hermanson	2	2	0	0	0	0	0	0	0	0	0	0	0	0	0	0	0	0
Roberto_Hernandez	2	2	0	0	0	0	0	0	1	0	0	0	0	0	0	0	0	0
Danny_Herrera	2	1	0	0	0	0	0	1	1	0	0.5	0	0.5	0	0	0	0	0
Sterling_Hitchcock	2	2	1	0	0	1	1	0	0	0.5	0.5	2	2.5	0	0	0	0	0
Jon_Huber	2	2	1	1	0	0	0	0	0	0.5	0.5	1	1.5	0	0	0	0	0
Phil_Hughes	2	2	0	0	0	0	0	0	2	0	0	0	0	0	0	0	0	0
Hisashi_Iwakuma	2	2	0	0	0	0	0	0	0	0	0	0	0	0	0	0	0	0
Zach_Jackson	2	2	0	0	0	0	0	0	0	0	0	0	0	0	0	0	0	0
Jeremy_Jeffress	2	2	1	0	0	0	1	0	1	0.5	0.5	0.5	1	0	0	0	0	0
Kevin_Jepsen	2	2	1	0	0	0	0	0	1	0.5	0.5	0.5	1	0	0	0	0	0
Jose_Jimenez	2	2	1	0	0	0	0	0	0	0.5	0.5	0.5	1	0	0	0	0	0
Kris_Johnson	2	1	0	0	0	0	0	1	0	0	0.5	0	0.5	0	0	0	0	0
Greg_Jones	2	2	1	0	0	1	1	0	0	0.5	0.5	2	2.5	0	0	0	0	0
Shawn_Kelley	2	2	0	0	0	0	0	0	1	0	0	0	0	0	0	0	0	0
Mike_Kickham	2	2	1	0	0	1	2	0	0	0.5	0.5	2	2.5	0	0	0	0	0
Matt_Kinney	2	2	1	0	1	0	0	0	0	0.5	0.5	1.5	2	0	0	0	0	0
Brandon_Kintzler	2	2	0	0	0	0	0	0	1	0	0	0	0	0	0	0	0	1
Michael_Kohn	2	2	1	1	0	0	0	0	1	0.5	0.5	1	1.5	0	0	0	0	0
Mike_Koplove	2	2	2	0	0	0	2	0	0	1	1	1	2	0	0	0	0	0
Hung-Chih_Kuo	2	1	0	0	0	0	0	1	1	0	0.5	0	0.5	0	0	0	0	0
Aaron_Laffey	2	2	1	0	0	0	1	0	0	0.5	0.5	0.5	1	0	0	0	0	0
John_Lamb	2	2	1	0	0	0	0	0	0	0.5	0.5	0.5	1	0	0	0	0	0
Brandon_League	2	2	1	0	0	0	0	0	0	0.5	0.5	0.5	1	0	0	0	0	0
Chris_Leroux	2	2	1	1	0	0	2	0	1	0.5	0.5	1	1.5	0	0	0	0	0
Curt_Leskanic	2	2	2	1	0	0	0	0	0	1	1	1.5	2.5	0	0	0	0	0
Al_Levine	2	2	1	0	0	0	0	0	0	0.5	0.5	0.5	1	0	0	0	0	0
Scott_Lewis	2	1	0	0	0	0	0	1	0	0	0.5	0	0.5	0	0	0	0	0
Adam_Liberatore	2	1	1	0	0	0	1	1	0	1	1	1	2	0	0	1	0	0
Jon_Lieber	2	2	0	0	0	0	0	0	1	0	0	0	0	0	0	0	0	0
Kerry_Ligtenberg	2	2	1	1	0	0	0	0	0	0.5	0.5	1	1.5	0	0	0	0	0
Mike_Lincoln	2	2	0	0	0	0	0	0	1	0	0	0	0	0	0	0	0	0
Bobby_Livingston	2	2	0	0	0	0	0	0	0	0	0	0	0	0	0	0	0	0
Radhames_Liz	2	2	0	0	0	0	0	0	0	0	0	0	0	0	0	0	0	0
Graeme_Lloyd	2	2	0	0	0	0	0	0	1	0	0	0	0	0	0	0	0	0
Esteban_Loaiza	2	2	1	0	0	0	0	0	0	0.5	0.5	0.5	1	0	0	0	0	0
Mark_Lowe	2	1	1	1	0	0	4	1	0	1	1	2	3	0	0	0	0	0
David_Lundquist	2	2	2	0	0	0	1	0	0	1	1	1	2	0	0	0	0	0
Brandon_Lyon	2	1	0	0	0	0	0	1	0	0	0.5	0	0.5	0	0	0	0	1
Jeff_Manship	2	2	1	0	0	0	0	0	0	0.5	0.5	0.5	1	0	0	0	0	0
Damaso_Marte	2	2	0	0	0	0	0	0	0	0	0	0	0	0	0	0	0	0
Julio_Mateo	2	2	0	0	0	0	0	0	1	0	0	0	0	0	0	0	0	0
Marcos_Mateo	2	2	0	0	0	0	0	0	1	0	0	0	0	0	0	0	0	0
Steven_Matz	2	2	0	0	0	0	0	0	0	0	0	0	0	0	0	0	0	0
Trevor_May	2	2	1	0	0	0	1	0	1	0.5	0.5	0.5	1	0	0	0	0	0
Mike_McClendon	2	2	1	0	0	0	0	0	0	0.5	0.5	0.5	1	0	0	0	0	0
Chuck_McElroy	2	2	1	0	0	1	2	0	0	0.5	0.5	2	2.5	0	0	0	0	0
Collin_McHugh	2	2	2	1	0	0	2	0	0	1	1	1.5	2.5	0	0	0	0	0
Luis_Mendoza	2	2	1	1	0	0	0	0	0	0.5	0.5	1	1.5	0	0	0	0	0
Hector_Mercado	2	1	0	0	0	0	0	1	0	0	0.5	0	0.5	0	0	0	0	1
Jose_Mijares	2	2	0	0	0	0	0	0	0	0	0	0	0	0	0	0	0	0
Rafael_Montero	2	2	0	0	0	0	0	0	1	0	0	0	0	0	0	0	0	0
Edwin_Moreno	2	2	0	0	0	0	0	0	0	0	0	0	0	0	0	0	0	0
Clayton_Mortensen	2	2	2	1	0	1	1	0	0	1	1	3	4	0	0	0	0	0
Micheal_Nakamura	2	2	1	0	1	0	0	0	0	0.5	0.5	1.5	2	0	0	0	0	0
Jeff_Niemann	2	2	1	1	0	0	1	0	0	0.5	0.5	1	1.5	0	0	0	0	0
Scott_Oberg	2	2	1	0	0	0	0	0	1	0.5	0.5	0.5	1	0	0	0	0	0
Kevin_Olsen	2	2	0	0	0	0	0	0	0	0	0	0	0	0	0	0	0	0
Jesse_Orosco	2	2	1	0	0	0	2	0	0	0.5	0.5	0.5	1	0	0	0	0	0
Micah_Owings	2	2	0	0	0	0	0	0	0	0	0	0	0	0	0	0	0	1
John_Parrish	2	2	0	0	0	0	0	0	1	0	0	0	0	0	0	0	0	0
Jonathan_Pettibone	2	2	0	0	0	0	0	0	0	0	0	0	0	0	0	0	0	0
Cliff_Politte	2	2	0	0	0	0	0	0	2	0	0	0	0	0	0	0	0	0
Drew_Pomeranz	2	1	1	0	0	0	0	1	0	1	1	1	2	0	0	0	0	0
Brian_Powell	2	2	0	0	0	0	0	0	0	0	0	0	0	0	0	0	0	0
Ryan_Pressly	2	2	1	1	0	0	0	0	0	0.5	0.5	1	1.5	0	0	0	0	0
Luke_Prokopec	2	2	0	0	0	0	0	0	0	0	0	0	0	0	0	0	0	1
Matt_Purke	2	2	1	0	0	0	0	0	0	0.5	0.5	0.5	1	0	0	0	0	0
Brady_Raggio	2	1	1	0	0	0	0	0	0	1	1	1	2	1	0	0	0	0
J.C._Ramirez	2	1	0	0	0	0	0	1	1	0	0.5	0	0.5	0	0	0	0	0
Chris_Ray	2	2	0	0	0	0	0	0	1	0	0	0	0	0	0	0	0	0
Chris_Resop	2	2	1	0	0	0	0	0	0	0.5	0.5	0.5	1	0	0	0	0	0
Anthony_Reyes	2	2	0	0	0	0	0	0	2	0	0	0	0	0	0	0	0	0
John_Riedling	2	2	0	0	0	0	0	0	1	0	0	0	0	0	0	0	0	1
Sendy_Rleal	2	2	1	0	0	0	1	0	1	0.5	0.5	0.5	1	0	0	0	0	0
Tanner_Roark	2	2	0	0	0	0	0	0	1	0	0	0	0	0	0	0	0	0
Grant_Roberts	2	2	1	0	0	0	1	0	0	0.5	0.5	0.5	1	0	0	0	0	0
Hansel_Robles	2	2	0	0	0	0	0	0	1	0	0	0	0	0	0	0	0	0
Carlos_Rosa	2	2	1	0	0	0	0	0	0	0.5	0.5	0.5	1	0	0	0	0	0
Erik_Sabel	2	2	0	0	0	0	0	0	2	0	0	0	0	0	0	0	0	0
Jeff_Samardzija	2	2	0	0	0	0	0	0	0	0	0	0	0	0	0	0	0	0
Keyvius_Sampson	2	2	2	0	0	0	0	0	0	1	1	1	2	0	0	0	0	0
Alex_Sanabia	2	2	2	0	1	0	4	0	0	1	1	2	3	0	0	0	0	0
Duaner_Sanchez	2	2	2	0	0	0	0	0	0	1	1	1	2	0	0	0	0	0
Eduardo_Sanchez	2	2	1	0	0	0	0	0	0	0.5	0.5	0.5	1	0	0	0	0	0
Jesus_Sanchez	2	2	2	0	1	0	1	0	0	1	1	2	3	0	0	0	0	0
Scott_Sauerbeck	2	2	0	0	0	0	0	0	1	0	0	0	0	0	0	0	0	0
Wascar_Serrano	2	2	1	0	0	0	1	0	0	0.5	0.5	0.5	1	0	0	0	0	0
Jeff_Shaw	2	2	1	1	0	0	1	0	1	0.5	0.5	1	1.5	0	0	0	0	0
George_Sherrill	2	2	2	0	0	1	1	0	0	1	1	2.5	3.5	0	0	0	0	0
Brian_Shouse	2	2	1	0	0	0	1	0	0	0.5	0.5	0.5	1	0	0	0	0	0
Alfredo_Simon	2	2	1	1	0	0	0	0	0	0.5	0.5	1	1.5	0	0	0	0	0
Tony_Sipp	2	2	0	0	0	0	0	0	1	0	0	0	0	0	0	0	0	0
Chris_Smith	2	2	1	1	0	0	0	0	1	0.5	0.5	1	1.5	0	0	0	0	0
Jordan_Smith	2	2	0	0	0	0	0	0	0	0	0	0	0	0	0	0	0	0
Steve_Smyth	2	1	1	0	0	0	1	0	0	1	0.5	1	1.5	0	1	0	0	0
Ian_Snell	2	2	1	1	0	0	0	0	0	0.5	0.5	1	1.5	0	0	0	0	0
Steve_Sparks	2	2	1	0	0	1	1	0	0	0.5	0.5	2	2.5	0	0	0	0	0
Russ_Springer	2	2	0	0	0	0	0	0	0	0	0	0	0	0	0	0	0	0
Gene_Stechschulte	2	2	0	0	0	0	0	0	0	0	0	0	0	0	0	0	0	0
Brian_Stokes	2	2	0	0	0	0	0	0	1	0	0	0	0	0	0	0	0	0
Hunter_Strickland	2	2	0	0	0	0	0	0	1	0	0	0	0	0	0	0	0	0
Tanyon_Sturtze	2	2	1	0	0	0	0	0	0	0.5	0.5	0.5	1	0	0	0	0	0
Scott_Sullivan	2	2	0	0	0	0	0	0	0	0	0	0	0	0	0	0	0	0
Noah_Syndergaard	2	2	0	0	0	0	0	0	1	0	0	0	0	0	0	0	0	0
Jordan_Tata	2	2	0	0	0	0	0	0	1	0	0	0	0	0	0	0	0	0
Amaury_Telemaco	2	1	1	0	0	1	1	1	0	1	1	4	5	0	0	0	0	0
Michael_Tonkin	2	1	1	0	0	0	2	1	0	1	1	1	2	0	0	0	0	0
Salomon_Torres	2	2	0	0	0	0	0	0	1	0	0	0	0	0	0	0	0	0
Mike_Trombley	2	1	0	0	0	0	0	1	0	0	0.5	0	0.5	0	0	0	0	0
T.J._Tucker	2	2	1	0	0	0	0	0	1	0.5	0.5	0.5	1	0	0	0	0	0
Koji_Uehara	2	2	1	1	0	0	0	0	0	0.5	0.5	1	1.5	0	0	0	0	0
Jose_Valverde	2	2	1	1	0	0	0	0	0	0.5	0.5	1	1.5	0	0	0	0	0
Anthony_Varvaro	2	2	1	1	0	0	0	0	0	0.5	0.5	1	1.5	0	0	0	0	0
Virgil_Vasquez	2	2	0	0	0	0	0	0	1	0	0	0	0	0	0	0	0	0
Jonny_Venters	2	2	0	0	0	0	0	0	1	0	0	0	0	0	0	0	0	0
Drew_VerHagen	2	2	0	0	0	0	0	0	0	0	0	0	0	0	0	0	0	0
Brad_Voyles	2	0	0	0	0	0	0	2	0	0	1	0	0	0	0	0	0	0
Billy_Wagner	2	2	0	0	0	0	0	0	1	0	0	0	0	0	0	0	0	0
Tyler_Walker	2	2	0	0	0	0	0	0	1	0	0	0	0	0	0	0	0	0
Gabe_White	2	2	0	0	0	0	0	0	1	0	0	0	0	0	0	0	0	0
Bob_Wickman	2	1	0	0	0	0	1	0	0	0	0	0	0	0	1	0	0	0
Mike_Williams	2	2	0	0	0	0	0	0	1	0	0	0	0	0	0	0	0	0
Justin_Wilson	2	2	0	0	0	0	0	0	1	0	0	0	0	0	0	0	0	0
Bobby_Witt	2	1	0	0	0	0	0	1	0	0	0.5	0	0.5	0	0	0	0	0
Mike_Wright	2	2	1	1	0	0	1	0	0	0.5	0.5	1	1.5	0	0	0	0	1
Masato_Yoshii	2	2	0	0	0	0	0	0	0	0	0	0	0	0	0	0	0	0
Clay_Zavada	2	2	0	0	0	0	0	0	0	0	0	0	0	0	0	0	0	0
David_Aardsma	1	1	0	0	0	0	0	0	1	0	0	0	0	0	0	0	0	0
Juan_Acevedo	1	1	1	1	0	0	0	0	0	1	1	2	3	0	0	0	0	0
Manny_Acosta	1	1	0	0	0	0	0	0	1	0	0	0	0	0	0	0	0	0
Al_Alburquerque	1	1	0	0	0	0	0	0	1	0	0	0	0	0	0	0	0	0
Carlos_Almanzar	1	1	0	0	0	0	0	0	0	0	0	0	0	0	0	0	0	0
Hector_Almonte	1	1	0	0	0	0	0	0	0	0	0	0	0	0	0	0	0	0
R.J._Alvarez	1	1	0	0	0	0	0	0	0	0	0	0	0	0	0	0	0	0
Steve_Andrade	1	1	0	0	0	0	0	0	1	0	0	0	0	0	0	0	0	0
Greg_Aquino	1	1	0	0	0	0	0	0	0	0	0	0	0	0	0	0	0	0
Ezequiel_Astacio	1	0	0	0	0	0	0	1	0	0	1	0	0	0	0	0	0	0
Luis_Avilan	1	0	0	0	0	0	0	1	0	0	1	0	0	0	0	0	0	0
Cha-Seung_Baek	1	0	0	0	0	0	0	1	0	0	1	0	0	0	0	0	0	0
Pedro_Baez	1	1	1	0	0	0	1	0	0	1	1	1	2	0	0	0	0	0
Daniel_Bard	1	1	0	0	0	0	0	0	1	0	0	0	0	0	0	0	0	0
Cliff_Bartosh	1	1	0	0	0	0	0	0	1	0	0	0	0	0	0	0	0	0
Yorman_Bazardo	1	1	1	1	0	0	0	0	0	1	1	2	3	0	0	0	0	0
Rod_Beck	1	1	0	0	0	0	0	0	1	0	0	0	0	0	0	0	0	0
Cam_Bedrosian	1	1	0	0	0	0	0	0	1	0	0	0	0	0	0	0	0	0
Jeff_Bennett	1	1	1	0	0	0	0	0	0	1	1	1	2	0	0	0	0	0
Jerry_Blevins	1	1	0	0	0	0	0	0	0	0	0	0	0	0	0	0	0	0
Brett_Bochy	1	0	0	0	0	0	1	1	0	0	1	0	0	0	0	0	0	0
Dave_Borkowski	1	1	0	0	0	0	0	0	0	0	0	0	0	0	0	0	0	0
Ricky_Bottalico	1	1	0	0	0	0	0	0	1	0	0	0	0	0	0	0	0	0
Bill_Bray	1	1	0	0	0	0	0	0	1	0	0	0	0	0	0	0	0	0
Charles_Brewer	1	1	0	0	0	0	0	0	0	0	0	0	0	0	0	0	0	0
Brooks_Brown	1	1	1	0	0	0	1	0	0	1	1	1	2	0	0	0	0	0
Mark_Buehrle	1	1	1	0	0	0	0	0	0	1	1	1	2	0	0	0	0	0
Nate_Bump	1	0	0	0	0	0	0	0	0	0	1	0	0	0	0	0	1	0
Dylan_Bundy	1	1	0	0	0	0	0	0	0	0	0	0	0	0	0	0	0	0
Enrique_Burgos	1	1	0	0	0	0	0	0	1	0	0	0	0	0	0	0	0	0
Mike_Burns	1	1	0	0	0	0	0	0	0	0	0	0	0	0	0	0	0	0
Keith_Butler	1	1	0	0	0	0	0	0	1	0	0	0	0	0	0	0	0	0
Carmen_Cali	1	1	0	0	0	0	0	0	0	0	0	0	0	0	0	0	0	0
Jose_Capellan	1	1	0	0	0	0	0	0	0	0	0	0	0	0	0	0	0	0
Carter_Capps	1	1	0	0	0	0	0	0	1	0	0	0	0	0	0	0	0	0
Buddy_Carlyle	1	1	1	0	0	0	0	0	0	1	1	1	2	0	0	0	0	0
Marcos_Carvajal	1	1	0	0	0	0	0	0	0	0	0	0	0	0	0	0	0	0
Alberto_Castillo	1	1	0	0	0	0	0	0	0	0	0	0	0	0	0	0	0	0
Simon_Castro	1	1	0	0	0	0	0	0	0	0	0	0	0	0	0	0	0	0
Brett_Cecil	1	1	0	0	0	0	1	0	0	0	0	0	0	0	0	0	0	0
Andrew_Chafin	1	1	0	0	0	0	0	0	1	0	0	0	0	0	0	0	0	0
Jesse_Chavez	1	0	0	0	0	0	0	1	0	0	1	0	0	0	0	0	0	0
Rocky_Cherry	1	1	0	0	0	0	0	0	0	0	0	0	0	0	0	0	0	0
Randy_Choate	1	0	0	0	0	0	0	1	0	0	1	0	0	0	0	0	0	0
Jason_Christiansen	1	1	0	0	0	0	0	0	0	0	0	0	0	0	0	0	0	0
Steve_Cishek	1	0	0	0	0	0	0	1	0	0	1	0	0	0	0	0	0	0
Robert_Coello	1	1	1	0	0	0	0	0	0	1	1	1	2	0	0	0	0	0
Chad_Cordero	1	1	0	0	0	0	0	0	1	0	0	0	0	0	0	0	0	0
David_Cortes	1	1	1	0	0	0	0	0	0	1	1	1	2	0	0	0	0	0
Caleb_Cotham	1	1	0	0	0	0	0	0	0	0	0	0	0	0	0	0	0	0
Doug_Creek	1	1	0	0	0	0	0	0	1	0	0	0	0	0	0	0	0	0
Michael_Crotta	1	1	1	0	0	0	1	0	0	1	1	1	2	0	0	0	0	0
Mike_Crudale	1	1	1	1	0	0	0	0	0	1	1	2	3	0	0	0	0	0
Vic_Darensbourg	1	0	0	0	0	0	0	1	0	0	1	0	0	0	0	0	0	0
Tom_Davey	1	1	1	0	0	0	0	0	0	1	1	1	2	0	0	0	0	0
Eury_De_La_Rosa	1	1	1	0	0	1	1	0	0	1	1	4	5	0	0	0	0	0
Rick_DeHart	1	1	1	1	0	0	0	0	0	1	1	2	3	0	0	0	0	0
Chris_Demaria	1	0	0	0	0	0	0	1	0	0	1	0	0	0	0	0	0	0
Sam_Demel	1	1	1	0	0	1	4	0	0	1	1	4	5	0	0	0	0	0
Julio_DePaula	1	1	0	0	0	0	0	0	1	0	0	0	0	0	0	0	0	0
Anthony_DeSclafani	1	1	1	1	0	0	0	0	0	1	1	2	3	0	0	0	0	0
Joey_Devine	1	1	0	0	0	0	0	0	1	0	0	0	0	0	0	0	0	0
Jumbo_Diaz	1	1	0	0	0	0	0	0	1	0	0	0	0	0	0	0	0	0
Freddy_Dolsi	1	1	0	0	0	0	0	0	0	0	0	0	0	0	0	0	0	0
Danny_Duffy	1	1	0	0	0	0	0	0	0	0	0	0	0	0	0	0	0	0
Mike_Dunn	1	1	0	0	0	0	0	0	0	0	0	0	0	0	0	0	0	0
Scott_Dunn	1	1	0	0	0	0	0	0	0	0	0	0	0	0	0	0	0	0
Jayson_Durocher	1	1	0	0	0	0	0	0	0	0	0	0	0	0	0	0	0	0
Josh_Edgin	1	1	0	0	0	0	0	0	0	0	0	0	0	0	0	0	0	0
Steve_Edlefsen	1	1	0	0	0	0	0	0	0	0	0	0	0	0	0	0	0	0
Mike_Ekstrom	1	1	1	0	0	0	0	0	0	1	1	1	2	0	0	0	0	0
Scott_Elbert	1	1	0	0	0	0	0	0	1	0	0	0	0	0	0	0	0	0
Scott_Erickson	1	1	0	0	0	0	0	0	0	0	0	0	0	0	0	0	0	0
Danny_Farquhar	1	1	0	0	0	0	0	0	1	0	0	0	0	0	0	0	0	0
Michael_Feliz	1	1	0	0	0	0	0	0	1	0	0	0	0	0	0	0	0	0
Tony_Fiore	1	1	1	0	0	0	0	0	0	1	1	1	2	0	0	0	0	0
Eric_Fornataro	1	1	1	0	0	0	2	0	0	1	1	1	2	0	0	0	0	0
Keith_Foulke	1	1	0	0	0	0	0	0	1	0	0	0	0	0	0	0	0	0
Chad_Fox	1	1	0	0	0	0	0	0	0	0	0	0	0	0	0	0	0	0
Emiliano_Fruto	1	1	0	0	0	0	0	0	1	0	0	0	0	0	0	0	0	0
Kyuji_Fujikawa	1	1	0	0	0	0	0	0	0	0	0	0	0	0	0	0	0	1
Gus_Gandarillas	1	1	0	0	0	0	0	0	0	0	0	0	0	0	0	0	0	0
Frank_Garces	1	1	1	0	0	0	0	0	0	1	1	1	2	0	0	0	0	0
Rosman_Garcia	1	1	1	0	0	1	1	0	0	1	1	4	5	0	0	0	0	0
Yimi_Garcia	1	1	0	0	0	0	0	0	1	0	0	0	0	0	0	0	0	0
Geoff_Geary	1	1	0	0	0	0	0	0	0	0	0	0	0	0	0	0	0	0
Gonzalez_Germen	1	1	0	0	0	0	0	0	0	0	0	0	0	0	0	0	0	0
Dan_Giese	1	1	1	1	0	0	1	0	0	1	1	2	3	0	0	0	0	0
Wayne_Gomes	1	1	0	0	0	0	0	0	1	0	0	0	0	0	0	0	0	0
Shane_Greene	1	1	0	0	0	0	0	0	0	0	0	0	0	0	0	0	0	0
Kevin_Gryboski	1	1	0	0	0	0	0	0	0	0	0	0	0	0	0	0	0	0
Brad_Halsey	1	1	0	0	0	0	0	0	0	0	0	0	0	0	0	0	0	0
Matt_Harrison	1	1	1	0	1	0	0	0	0	1	1	3	4	0	0	0	0	0
Chad_Harville	1	1	1	0	0	1	1	0	0	1	1	4	5	0	0	0	0	0
Chris_Hatcher	1	1	0	0	0	0	0	0	1	0	0	0	0	0	0	0	0	0
Felix_Heredia	1	1	0	0	0	0	0	0	0	0	0	0	0	0	0	0	0	0
Carlos_Hernandez	1	1	1	0	0	0	0	0	0	1	1	1	2	0	0	0	0	0
David_Herndon	1	1	0	0	0	0	0	0	1	0	0	0	0	0	0	0	0	0
Kelvin_Herrera	1	1	1	0	0	0	0	0	0	1	1	1	2	0	0	0	0	0
Darren_Holmes	1	1	1	0	0	0	0	0	0	1	1	1	2	0	0	0	0	0
J.J._Hoover	1	1	0	0	0	0	0	0	1	0	0	0	0	0	0	0	0	0
David_Huff	1	1	0	0	0	0	0	0	0	0	0	0	0	0	0	0	0	0
Ryota_Igarashi	1	1	0	0	0	0	0	0	1	0	0	0	0	0	0	0	0	0
Jason_Isringhausen	1	1	0	0	0	0	0	0	0	0	0	0	0	0	0	0	0	0
Brett_Jodie	1	1	0	0	0	0	0	0	0	0	0	0	0	0	0	0	0	0
Tyler_Johnson	1	1	0	0	0	0	0	0	0	0	0	0	0	0	0	0	0	0
Eric_Jokisch	1	1	0	0	0	0	0	0	0	0	0	0	0	0	0	0	0	0
Hunter_Jones	1	1	0	0	0	0	0	0	1	0	0	0	0	0	0	0	0	0
Nate_Jones	1	1	0	0	0	0	0	0	0	0	0	0	0	0	0	0	0	0
Randy_Keisler	1	1	1	1	0	0	0	0	0	1	1	2	3	0	0	0	0	0
Ryan_Kelly	1	1	1	1	0	0	2	0	0	1	1	2	3	0	0	0	0	0
Jason_Kershner	1	1	0	0	0	0	0	0	1	0	0	0	0	0	0	0	0	0
Brooks_Kieschnick	1	1	0	0	0	0	0	0	1	0	0	0	0	0	0	0	0	0
Sun-Woo_Kim	1	1	1	1	0	0	3	0	0	1	1	2	3	0	0	0	0	0
Ray_King	1	1	0	0	0	0	0	0	0	0	0	0	0	0	0	0	0	0
Corey_Knebel	1	1	1	0	0	0	1	0	0	1	1	1	2	0	0	0	0	0
Masahide_Kobayashi	1	1	1	0	0	0	0	0	0	1	1	1	2	0	0	0	0	0
Danny_Kolb	1	1	0	0	0	0	0	0	1	0	0	0	0	0	0	0	0	0
Satoru_Komiyama	1	1	0	0	0	0	0	0	1	0	0	0	0	0	0	0	0	0
Bobby_Korecky	1	1	0	0	0	0	0	0	1	0	0	0	0	0	0	0	0	0
Chris_Lambert	1	1	1	0	0	0	1	0	0	1	1	1	2	0	0	0	0	0
Matt_Langwell	1	1	0	0	0	0	0	0	0	0	0	0	0	0	0	0	0	0
Juan_Lara	1	1	1	0	0	0	0	0	0	1	1	1	2	0	0	0	0	0
Tommy_Layne	1	1	0	0	0	0	0	0	1	0	0	0	0	0	0	0	0	0
Jack_Leathersich	1	1	0	0	0	0	0	0	1	0	0	0	0	0	0	0	0	0
Justin_Lehr	1	1	0	0	0	0	0	0	0	0	0	0	0	0	0	0	0	0
Mark_Leiter	1	1	0	0	0	0	0	0	0	0	0	0	0	0	0	0	0	0
Aaron_Loup	1	1	0	0	0	0	0	0	0	0	0	0	0	0	0	0	0	0
Shane_Loux	1	1	0	0	0	0	0	0	0	0	0	0	0	0	0	0	0	0
Josh_Lueke	1	1	0	0	0	0	0	0	0	0	0	0	0	0	0	0	0	1
Scott_MacRae	1	1	1	0	0	0	0	0	0	1	1	1	2	0	0	0	0	0
Warner_Madrigal	1	1	0	0	0	0	0	0	1	0	0	0	0	0	0	0	0	0
John_Maine	1	1	1	0	0	0	0	0	0	1	1	1	2	0	0	0	0	0
Scott_Maine	1	1	0	0	0	0	0	0	0	0	0	0	0	0	0	0	0	0
Sugar_Ray_Marimon	1	1	0	0	0	0	0	0	1	0	0	0	0	0	0	0	0	0
Jay_Marshall	1	1	0	0	0	0	0	0	0	0	0	0	0	0	0	0	0	0
Cristhian_Martinez	1	1	1	0	0	0	0	0	0	1	1	1	2	0	0	0	0	0
Frank_Mata	1	1	1	1	0	0	0	0	0	1	1	2	3	0	0	0	0	0
T.J._Mathews	1	1	0	0	0	0	0	0	0	0	0	0	0	0	0	0	0	0
Ryan_Mattheus	1	1	1	1	0	0	0	0	0	1	1	2	3	0	0	0	0	0
Macay_McBride	1	1	1	0	0	0	0	0	0	1	1	1	2	0	0	0	0	0
Andrew_McKirahan	1	1	1	0	0	0	1	0	0	1	1	1	2	0	0	0	0	0
Jim_Mecir	1	1	0	0	0	0	0	0	1	0	0	0	0	0	0	0	0	0
Yoervis_Medina	1	1	0	0	0	0	0	0	0	0	0	0	0	0	0	0	0	0
Evan_Meek	1	1	1	0	0	0	0	0	0	1	1	1	2	0	0	0	0	0
Cla_Meredith	1	1	1	0	0	0	1	0	0	1	1	1	2	0	0	0	0	0
Dan_Meyer	1	1	0	0	0	0	0	0	1	0	0	0	0	0	0	0	0	0
Trever_Miller	1	1	1	1	0	0	1	0	0	1	1	2	3	0	0	0	0	0
Gabe_Molina	1	1	0	0	0	0	0	0	0	0	0	0	0	0	0	0	0	0
Mike_Montgomery	1	1	0	0	0	0	0	0	0	0	0	0	0	0	0	0	0	0
Peter_Munro	1	0	0	0	0	0	0	1	0	0	1	0	0	0	0	0	0	0
Colton_Murray	1	1	0	0	0	0	0	0	0	0	0	0	0	0	0	0	0	0
Shane_Nance	1	1	1	0	0	0	0	0	0	1	1	1	2	0	0	0	0	0
Hector_Neris	1	0	0	0	0	0	0	1	0	0	1	0	0	0	0	0	0	0
Nick_Neugebauer	1	1	0	0	0	0	0	0	1	0	0	0	0	0	0	0	0	0
Josh_Newman	1	1	1	1	0	0	0	0	0	1	1	2	3	0	0	0	0	0
Jordan_Norberto	1	1	0	0	0	0	0	0	1	0	0	0	0	0	0	0	0	0
Wes_Obermueller	1	1	0	0	0	0	0	0	1	0	0	0	0	0	0	0	0	0
Alexi_Ogando	1	1	0	0	0	0	0	0	1	0	0	0	0	0	0	0	0	0
Hideki_Okajima	1	1	0	0	0	0	0	0	0	0	0	0	0	0	0	0	0	0
Omar_Olivares	1	1	0	0	0	0	0	0	0	0	0	0	0	0	0	0	0	0
Tyler_Olson	1	1	0	0	0	0	0	0	0	0	0	0	0	0	0	0	0	1
Blake_Parker	1	1	0	0	0	0	0	0	0	0	0	0	0	0	0	0	0	0
Chad_Paronto	1	1	1	0	0	0	1	0	0	1	1	1	2	0	0	0	0	0
Curtis_Partch	1	1	0	0	0	0	0	0	1	0	0	0	0	0	0	0	0	0
Josh_Pearce	1	1	0	0	0	0	0	0	1	0	0	0	0	0	0	0	0	0
Troy_Percival	1	1	0	0	0	0	0	0	0	0	0	0	0	0	0	0	0	0
Luis_Perdomo	1	0	0	0	0	0	0	1	0	0	1	0	0	0	0	0	0	0
Chris_Perez	1	1	0	0	0	0	0	0	1	0	0	0	0	0	0	0	0	0
Juan_Perez	1	0	0	0	0	0	0	1	0	0	1	0	0	0	0	0	0	0
Matt_Perisho	1	0	0	0	0	0	0	1	0	0	1	0	0	0	0	0	0	0
Vinnie_Pestano	1	1	1	0	0	0	0	0	0	1	1	1	2	0	0	0	0	0
Stolmy_Pimentel	1	1	0	0	0	0	0	0	1	0	0	0	0	0	0	0	0	0
Renyel_Pinto	1	1	0	0	0	0	0	0	0	0	0	0	0	0	0	0	0	0
Jay_Powell	1	1	0	0	0	0	0	0	0	0	0	0	0	0	0	0	0	0
Bret_Prinz	1	1	0	0	0	0	0	0	0	0	0	0	0	0	0	0	0	1
Brandon_Puffer	1	1	0	0	0	0	0	0	0	0	0	0	0	0	0	0	0	0
David_Purcey	1	1	0	0	0	0	0	0	1	0	0	0	0	0	0	0	0	0
Zach_Putnam	1	1	0	0	0	0	0	0	0	0	0	0	0	0	0	0	0	0
Elizardo_Ramirez	1	1	1	1	0	0	0	0	0	1	1	2	3	0	0	0	0	0
Erasmo_Ramirez	1	1	0	0	0	0	0	0	0	0	0	0	0	0	0	0	0	0
Horacio_Ramirez	1	1	0	0	0	0	0	0	0	0	0	0	0	0	0	0	0	0
Neil_Ramirez	1	1	0	0	0	0	1	0	0	0	0	0	0	0	0	0	0	0
Noe_Ramirez	1	0	0	0	0	0	1	0	0	0	0	0	0	0	1	0	0	0
Clay_Rapada	1	1	0	0	0	0	0	0	0	0	0	0	0	0	0	0	0	0
Cory_Rasmus	1	1	0	0	0	0	0	0	0	0	0	0	0	0	0	0	0	0
Josh_Ravin	1	1	0	0	0	0	0	0	0	0	0	0	0	0	0	0	0	0
Chris_Rearick	1	1	1	0	0	1	2	0	0	1	1	4	5	0	0	0	0	0
Alberto_Reyes	1	1	0	0	0	0	0	0	0	0	0	0	0	0	0	0	0	0
Matt_Reynolds	1	0	0	0	0	0	0	1	0	0	1	0	0	0	0	1	0	0
Andre_Rienzo	1	0	0	0	0	0	0	1	0	0	1	0	0	0	0	0	0	0
Jose_Rijo	1	1	0	0	0	0	0	0	0	0	0	0	0	0	0	0	0	0
Saul_Rivera	1	0	0	0	0	0	0	1	0	0	1	0	0	0	0	0	0	0
Donn_Roach	1	1	1	0	0	0	0	0	0	1	1	1	2	0	0	0	0	0
David_Robertson	1	0	0	0	0	0	0	1	0	0	1	0	0	0	0	0	0	0
Jeriome_Robertson	1	0	0	0	0	0	1	0	0	0	0	0	0	0	1	0	0	0
Eddy_Rodriguez	1	1	0	0	0	0	0	0	0	0	0	0	0	0	0	0	0	0
Henry_Rodriguez	1	1	1	1	0	0	1	0	0	1	1	2	3	0	0	0	0	0
Chaz_Roe	1	1	0	0	0	0	0	0	1	0	0	0	0	0	0	0	0	0
Hector_Rondon	1	1	0	0	0	0	0	0	0	0	0	0	0	0	0	0	0	0
Leo_Rosales	1	1	0	0	0	0	0	0	0	0	0	0	0	0	0	0	0	0
Francisco_Rosario	1	1	0	0	0	0	0	0	0	0	0	0	0	0	0	0	0	0
Sandy_Rosario	1	1	0	0	0	0	0	0	0	0	0	0	0	0	0	0	0	0
B.J._Rosenberg	1	0	0	0	0	0	0	1	0	0	1	0	0	0	0	0	0	0
Robbie_Ross	1	1	1	0	0	0	0	0	0	1	1	1	2	0	0	0	0	0
Zac_Rosscup	1	1	1	1	0	0	0	0	0	1	1	2	3	0	0	0	0	0
Josh_Rupe	1	0	0	0	0	0	0	1	0	0	1	0	0	0	0	0	0	0
Dennis_Sarfate	1	1	0	0	0	0	0	0	0	0	0	0	0	0	0	0	0	0
Kazuhiro_Sasaki	1	1	0	0	0	0	0	0	0	0	0	0	0	0	0	0	0	0
Joe_Savery	1	1	0	0	0	0	0	0	1	0	0	0	0	0	0	0	0	0
Rob_Scahill	1	1	0	0	0	0	0	0	0	0	0	0	0	0	0	0	0	0
Rudy_Seanez	1	0	0	0	0	0	0	1	0	0	1	0	0	0	0	0	0	0
Jimmy_Serrano	1	1	0	0	0	0	0	0	0	0	0	0	0	0	0	0	0	0
Chasen_Shreve	1	1	1	0	0	1	2	0	0	1	1	4	5	0	0	0	0	0
Brian_Slocum	1	1	0	0	0	0	0	0	0	0	0	0	0	0	0	0	0	0
Carson_Smith	1	1	0	0	0	0	0	0	0	0	0	0	0	0	0	0	0	0
Chad_Smith	1	1	1	0	0	0	0	0	0	1	1	1	2	0	0	0	0	0
Dan_Smith	1	1	0	0	0	0	0	0	0	0	0	0	0	0	0	0	0	0
Will_Smith	1	1	0	0	0	0	0	0	0	0	0	0	0	0	0	0	0	0
Layne_Somsen	1	1	0	0	0	0	0	0	0	0	0	0	0	0	0	0	0	0
Jorge_Sosa	1	1	1	0	0	0	0	0	0	1	1	1	2	0	0	0	0	0
Jason_Stanford	1	1	0	0	0	0	0	0	1	0	0	0	0	0	0	0	0	0
Steve_Stemle	1	1	0	0	0	0	0	0	0	0	0	0	0	0	0	0	0	0
Mitch_Stetter	1	1	0	0	0	0	0	0	0	0	0	0	0	0	0	0	0	0
Dan_Straily	1	1	0	0	0	0	0	0	1	0	0	0	0	0	0	0	0	0
Scott_Strickland	1	1	0	0	0	0	0	0	0	0	0	0	0	0	0	0	0	0
Michael_Stutes	1	1	0	0	0	0	0	0	1	0	0	0	0	0	0	0	0	0
Mac_Suzuki	1	1	0	0	0	0	0	0	0	0	0	0	0	0	0	0	0	0
Jon_Switzer	1	1	0	0	0	0	0	0	0	0	0	0	0	0	0	0	0	0
Ty_Taubenheim	1	1	0	0	0	0	0	0	0	0	0	0	0	0	0	0	0	0
Joe_Thatcher	1	1	0	0	0	0	0	0	0	0	0	0	0	0	0	0	0	0
Ashur_Tolliver	1	1	1	0	0	0	0	0	0	1	1	1	2	0	0	0	0	0
Alex_Torres	1	1	1	0	0	0	1	0	0	1	1	1	2	0	0	0	0	0
Jose_Urena	1	1	0	0	0	0	0	0	0	0	0	0	0	0	0	0	0	0
Todd_Van_Poppel	1	1	0	0	0	0	0	0	0	0	0	0	0	0	0	0	0	0
Claudio_Vargas	1	1	1	0	0	0	0	0	0	1	1	1	2	0	0	0	0	0
Dave_Veres	1	1	1	1	0	0	0	0	0	1	1	2	3	0	0	0	0	0
Arodys_Vizcaino	1	1	1	0	0	0	0	0	0	1	1	1	2	0	0	0	0	0
Kevin_Walker	1	1	0	0	0	0	0	0	0	0	0	0	0	0	0	0	0	0
Donne_Wall	1	1	1	0	0	0	0	0	0	1	1	1	2	0	0	0	0	0
Les_Walrond	1	1	0	0	0	0	0	0	1	0	0	0	0	0	0	0	0	0
Ben_Weber	1	1	1	0	0	0	0	0	0	1	1	1	2	0	0	0	0	0
Matt_Whiteside	1	0	0	0	0	0	0	1	0	0	1	0	0	0	0	0	0	0
Dontrelle_Willis	1	0	0	0	0	0	0	1	0	0	1	0	0	0	0	0	0	0
Alex_Wilson	1	1	1	0	0	0	0	0	0	1	1	1	2	0	0	0	0	0
Brian_Wilson	1	1	1	1	0	0	2	0	0	1	1	2	3	0	0	0	0	0
Mark_Wohlers	1	1	0	0	0	0	0	0	0	0	0	0	0	0	0	0	0	0
Brian_Wolfe	1	0	0	0	0	0	0	1	0	0	1	0	0	0	0	0	0	0
Mark_Woodyard	1	1	1	0	0	1	1	0	0	1	1	4	5	0	0	0	0	0
Rob_Wooten	1	1	0	0	0	0	0	0	0	0	0	0	0	0	0	0	0	0
Wesley_Wright	1	1	0	0	0	0	0	0	0	0	0	0	0	0	0	0	0	1
Yasuhiko_Yabuta	1	1	0	0	0	0	0	0	0	0	0	0	0	0	0	0	0	0
Tyler_Yates	1	1	1	1	0	0	0	0	0	1	1	2	3	0	0	0	0	0
Tony_Zych	1	1	0	0	0	0	0	0	0	0	0	0	0	0	0	0	0	0
