Ervin_Santana	43	41	7	1	0	1	2	2	15	0.171	0.209	0.268	0.478	0	0	0	0	1
Dan_Haren	38	36	15	5	1	4	9	1	9	0.417	0.447	0.944	1.392	0	0	0	1	0
John_Lackey	37	35	11	3	0	2	9	1	10	0.314	0.324	0.571	0.896	0	1	0	0	1
Zack_Greinke	35	32	5	1	0	1	1	3	11	0.156	0.229	0.281	0.51	0	0	1	0	1
Wandy_Rodriguez	34	30	7	2	0	2	6	4	4	0.233	0.324	0.5	0.824	0	0	0	0	3
Livan_Hernandez	33	30	11	1	0	0	1	2	3	0.367	0.424	0.4	0.824	0	0	0	1	1
Jered_Weaver	33	28	9	4	0	0	3	4	11	0.321	0.406	0.464	0.871	1	0	0	0	0
Cliff_Lee	32	31	12	4	0	1	3	1	3	0.387	0.406	0.613	1.019	0	0	0	0	0
Brett_Myers	32	29	11	2	0	1	4	2	2	0.379	0.406	0.552	0.958	0	1	0	0	1
Bronson_Arroyo	31	30	11	2	0	2	6	1	5	0.367	0.387	0.633	1.02	0	0	0	0	0
Ian_Kennedy	31	28	10	1	0	2	11	2	4	0.357	0.387	0.607	0.994	0	1	0	0	1
A.J._Burnett	30	27	9	0	1	1	4	2	5	0.333	0.379	0.519	0.898	1	0	0	0	0
Chris_Carpenter	30	29	11	1	0	0	1	0	4	0.379	0.4	0.414	0.814	0	0	0	1	0
Adam_Wainwright	30	29	7	1	0	0	1	0	12	0.241	0.233	0.276	0.509	0	1	0	0	1
Dontrelle_Willis	30	25	7	2	0	1	2	3	2	0.28	0.4	0.48	0.88	0	0	0	2	0
Josh_Beckett	28	23	6	0	1	0	3	4	9	0.261	0.393	0.348	0.741	0	0	0	1	0
Edwin_Jackson	28	25	9	5	1	1	5	2	3	0.36	0.429	0.76	1.189	0	0	1	1	1
John_Danks	27	25	3	1	0	0	1	1	8	0.12	0.185	0.16	0.345	0	0	0	1	0
Matt_Garza	27	24	5	0	0	2	9	2	10	0.208	0.259	0.458	0.718	0	1	0	0	0
Aaron_Harang	27	25	10	0	0	3	6	2	4	0.4	0.444	0.76	1.204	0	0	0	0	0
Travis_Wood	27	25	4	1	0	0	1	2	4	0.16	0.222	0.2	0.422	0	0	0	0	1
Paul_Maholm	26	23	5	1	0	0	2	2	3	0.217	0.308	0.261	0.569	0	0	1	1	1
Carl_Pavano	26	25	10	1	0	1	4	1	4	0.4	0.423	0.56	0.983	0	0	0	0	1
Horacio_Ramirez	26	23	7	1	0	1	1	3	2	0.304	0.385	0.478	0.863	0	0	0	0	0
Gio_Gonzalez	25	23	6	0	0	0	0	2	8	0.261	0.32	0.261	0.581	0	0	0	0	0
Felix_Hernandez	25	24	4	2	0	0	3	0	3	0.167	0.2	0.25	0.45	0	0	0	1	2
Joe_Saunders	25	24	5	0	0	2	5	0	4	0.208	0.24	0.458	0.698	0	0	0	1	0
Edinson_Volquez	25	24	6	0	0	0	1	1	9	0.25	0.28	0.25	0.53	0	0	0	0	0
Doug_Davis	24	24	10	2	0	0	5	0	5	0.417	0.417	0.5	0.917	0	0	0	0	2
Yovani_Gallardo	24	20	5	0	0	0	1	4	5	0.25	0.375	0.25	0.625	0	0	0	0	0
Jeff_Suppan	24	22	7	1	0	1	2	2	1	0.318	0.375	0.5	0.875	0	0	0	0	0
Homer_Bailey	23	22	8	2	0	2	7	0	3	0.364	0.348	0.727	1.075	0	1	0	0	1
Jon_Garland	23	21	6	1	0	0	1	1	3	0.286	0.348	0.333	0.681	0	0	0	1	1
Tom_Glavine	23	22	7	2	1	0	2	1	4	0.318	0.348	0.5	0.848	0	0	0	0	1
Roy_Oswalt	23	22	6	2	0	1	3	0	6	0.273	0.304	0.5	0.804	0	0	0	1	0
Scott_Kazmir	22	20	6	3	0	0	5	1	5	0.3	0.318	0.45	0.768	0	1	0	0	0
Jordan_Zimmermann	22	20	5	0	0	0	1	2	6	0.25	0.318	0.25	0.568	0	0	0	0	0
Henderson_Alvarez	21	17	7	1	0	0	0	2	1	0.412	0.524	0.471	0.994	0	0	0	2	0
Mark_Buehrle	21	21	7	1	0	0	1	0	3	0.333	0.333	0.381	0.714	0	0	0	0	1
Madison_Bumgarner	21	21	5	1	0	1	2	0	5	0.238	0.238	0.429	0.667	0	0	0	0	0
Chad_Gaudin	21	18	4	0	0	1	4	3	6	0.222	0.333	0.389	0.722	0	0	0	0	2
Clayton_Kershaw	21	21	6	0	0	0	0	0	7	0.286	0.286	0.286	0.571	0	0	0	0	0
Jon_Lester	21	20	5	3	0	0	2	0	6	0.25	0.286	0.4	0.686	0	0	0	1	0
Michael_Wacha	21	19	1	0	0	1	5	1	9	0.053	0.095	0.211	0.306	0	1	0	0	0
Brett_Anderson	20	20	3	0	0	1	4	0	4	0.15	0.15	0.3	0.45	0	0	0	0	0
Roy_Halladay	20	17	6	3	1	0	2	1	3	0.353	0.45	0.647	1.097	0	0	0	2	0
Cole_Hamels	20	19	5	0	0	0	1	1	6	0.263	0.3	0.263	0.563	0	0	0	0	1
Mike_Minor	20	20	5	1	0	0	1	0	5	0.25	0.25	0.3	0.55	0	0	0	0	0
Stephen_Strasburg	20	19	6	1	0	1	6	1	7	0.316	0.35	0.526	0.876	0	0	0	0	1
Dallas_Braden	19	19	7	3	0	0	3	0	2	0.368	0.368	0.526	0.895	0	0	0	0	0
Gerrit_Cole	19	19	8	1	1	2	5	0	7	0.421	0.421	0.895	1.316	0	0	0	0	1
Bartolo_Colon	19	17	7	0	0	2	2	2	2	0.412	0.474	0.765	1.238	0	0	0	0	0
Johnny_Cueto	19	16	9	1	0	2	4	2	2	0.563	0.632	1	1.632	0	0	0	1	0
Mike_Hampton	19	17	5	1	0	0	1	1	2	0.294	0.316	0.353	0.669	0	1	0	0	0
Ted_Lilly	19	19	8	1	0	1	8	0	5	0.421	0.421	0.632	1.053	0	0	0	0	0
Jeff_Locke	19	17	8	2	0	3	7	1	5	0.471	0.474	1.118	1.591	0	1	1	0	0
Jon_Niese	19	18	6	1	0	1	1	1	5	0.333	0.368	0.556	0.924	0	0	0	0	0
Ricky_Nolasco	19	17	3	2	0	0	1	1	6	0.176	0.211	0.294	0.505	0	1	1	0	0
Tomo_Ohka	19	19	7	1	0	0	1	0	1	0.368	0.368	0.421	0.789	0	0	0	0	0
Doug_Fister	18	18	7	2	0	1	3	0	4	0.389	0.389	0.667	1.056	0	0	0	0	0
Kyle_Lohse	18	18	5	0	0	2	4	0	2	0.278	0.278	0.611	0.889	0	0	0	0	0
Charlie_Morton	18	15	1	0	0	0	1	2	2	0.067	0.167	0.067	0.233	0	1	0	0	2
Oliver_Perez	18	13	2	1	0	0	1	4	5	0.154	0.333	0.231	0.564	0	1	0	0	0
Chris_Rusin	18	18	6	0	0	1	2	0	2	0.333	0.333	0.5	0.833	0	0	0	0	0
Eric_Stults	18	17	7	2	0	2	5	1	3	0.412	0.444	0.882	1.327	0	0	0	0	0
Julio_Teheran	18	17	2	0	1	0	1	1	6	0.118	0.167	0.235	0.402	0	0	0	0	0
Justin_Verlander	18	16	6	0	0	1	1	2	3	0.375	0.444	0.563	1.007	0	0	0	0	0
Ryan_Vogelsong	18	18	3	0	0	0	0	0	1	0.167	0.167	0.167	0.333	0	0	0	0	0
Jarrod_Washburn	18	14	5	1	0	0	2	3	0	0.357	0.444	0.429	0.873	0	1	1	0	0
Randy_Wolf	18	17	5	1	0	3	6	1	1	0.294	0.333	0.882	1.216	0	0	0	0	1
Brian_Burres	17	15	3	1	0	2	5	1	4	0.2	0.294	0.667	0.961	0	0	0	1	0
Trevor_Cahill	17	13	4	2	0	0	1	2	3	0.308	0.412	0.462	0.873	0	1	0	1	0
Kevin_Correia	17	17	3	0	0	0	1	0	2	0.176	0.176	0.176	0.353	0	0	0	0	1
Francisco_Liriano	17	16	5	0	0	0	5	0	4	0.313	0.353	0.313	0.665	0	0	0	1	0
Jason_Marquis	17	15	2	0	0	0	0	2	1	0.133	0.235	0.133	0.369	0	0	0	0	0
Shelby_Miller	17	15	2	1	0	0	0	2	8	0.133	0.235	0.2	0.435	0	0	0	0	0
Brett_Tomko	17	16	4	1	0	0	0	1	1	0.25	0.294	0.313	0.607	0	0	0	0	0
Jason_Vargas	17	17	5	1	0	1	3	0	4	0.294	0.294	0.529	0.824	0	0	0	0	0
Jake_Westbrook	17	16	2	0	0	0	4	0	3	0.125	0.176	0.125	0.301	0	0	0	1	0
Miguel_Batista	16	16	2	0	0	0	0	0	5	0.125	0.125	0.125	0.25	0	0	0	0	0
Jaime_Garcia	16	16	5	2	0	1	4	0	3	0.313	0.313	0.625	0.938	0	0	0	0	0
Tim_Hudson	16	15	3	0	0	0	2	0	6	0.2	0.188	0.2	0.388	0	1	0	0	1
Mat_Latos	16	12	4	1	0	1	4	3	2	0.333	0.438	0.667	1.104	0	1	0	0	1
Chris_Narveson	16	16	5	5	0	0	1	0	3	0.313	0.313	0.625	0.938	0	0	0	0	0
Ross_Ohlendorf	16	15	3	1	0	0	0	0	7	0.2	0.25	0.267	0.517	0	0	0	1	0
Alex_Wood	16	15	5	0	0	0	2	1	3	0.333	0.375	0.333	0.708	0	0	0	0	1
Scott_Baker	15	15	3	1	1	0	0	0	1	0.2	0.2	0.4	0.6	0	0	0	0	0
Chris_Capuano	15	15	7	2	0	1	3	0	3	0.467	0.467	0.8	1.267	0	0	0	0	0
Patrick_Corbin	15	14	4	1	1	0	1	0	3	0.286	0.333	0.5	0.833	0	0	0	1	0
Dana_Eveland	15	7	2	0	0	0	0	7	2	0.286	0.667	0.286	0.952	0	0	1	1	0
Armando_Galarraga	15	15	5	0	0	0	0	0	5	0.333	0.333	0.333	0.667	0	0	0	0	0
Jason_Hammel	15	14	5	1	0	0	3	1	3	0.357	0.4	0.429	0.829	0	0	0	0	1
Mike_Leake	15	15	3	1	0	0	0	0	3	0.2	0.2	0.267	0.467	0	0	0	0	2
Lance_Lynn	15	15	3	2	0	0	2	0	4	0.2	0.2	0.333	0.533	0	0	0	0	0
Russ_Ortiz	15	13	0	0	0	0	0	2	4	0	0.133	0	0.133	0	0	0	0	0
Claudio_Vargas	15	12	4	1	0	0	0	1	2	0.333	0.467	0.417	0.883	0	0	0	2	0
Javier_Vazquez	15	15	4	1	0	0	0	0	4	0.267	0.267	0.333	0.6	0	0	0	0	0
Erik_Bedard	14	14	4	1	0	0	0	0	4	0.286	0.286	0.357	0.643	0	0	0	0	1
Paul_Byrd	14	13	4	0	1	0	0	1	1	0.308	0.357	0.462	0.819	0	0	0	0	1
Jeremy_Guthrie	14	13	4	0	0	0	1	1	3	0.308	0.357	0.308	0.665	0	0	0	0	1
Greg_Maddux	14	11	6	0	0	0	0	2	1	0.545	0.643	0.545	1.188	0	0	1	1	0
Darren_Oliver	14	12	3	0	0	0	0	1	3	0.25	0.357	0.25	0.607	0	0	0	1	2
David_Price	14	10	0	0	0	0	1	3	4	0	0.214	0	0.214	0	1	0	0	0
Mark_Redman	14	13	1	0	0	0	1	1	5	0.077	0.143	0.077	0.22	0	0	0	0	0
Steve_Trachsel	14	13	4	2	0	0	1	0	1	0.308	0.286	0.462	0.747	0	1	0	0	0
Brad_Ziegler	14	14	5	1	0	0	0	0	2	0.357	0.357	0.429	0.786	0	0	0	0	0
Chad_Billingsley	13	13	5	0	1	0	2	0	1	0.385	0.385	0.538	0.923	0	0	0	0	0
Jorge_De_La_Rosa	13	13	2	0	0	0	0	0	5	0.154	0.154	0.154	0.308	0	0	0	0	0
Zach_Duke	13	10	2	0	0	0	0	3	3	0.2	0.385	0.2	0.585	0	0	0	0	1
Gavin_Floyd	13	10	1	0	0	0	0	3	2	0.1	0.308	0.1	0.408	0	0	0	0	1
Roberto_Hernandez	13	13	1	0	0	1	4	0	5	0.077	0.077	0.308	0.385	0	0	0	0	0
Joe_Kelly	13	11	4	1	0	0	3	2	2	0.364	0.462	0.455	0.916	0	0	0	0	0
Shaun_Marcum	13	12	1	0	0	0	0	1	4	0.083	0.154	0.083	0.237	0	0	0	0	0
Gil_Meche	13	13	3	0	0	0	0	0	1	0.231	0.231	0.231	0.462	0	0	0	0	1
Jamie_Moyer	13	12	2	0	1	0	1	0	1	0.167	0.231	0.333	0.564	0	0	0	1	0
Jake_Peavy	13	11	4	2	0	0	0	1	2	0.364	0.462	0.545	1.007	0	0	0	1	0
Brad_Penny	13	12	3	0	0	0	2	0	3	0.25	0.231	0.25	0.481	0	1	0	0	1
Tyson_Ross	13	13	2	0	0	0	0	0	3	0.154	0.154	0.154	0.308	0	0	0	0	2
Carlos_Silva	13	13	4	1	0	1	4	0	0	0.308	0.308	0.615	0.923	0	0	0	0	0
Jose_Veras	13	11	1	0	0	0	2	1	3	0.091	0.154	0.091	0.245	0	1	0	0	0
Barry_Zito	13	12	4	1	0	1	3	0	2	0.333	0.333	0.667	1	1	0	0	0	0
Jake_Arrieta	12	12	3	0	0	0	1	0	7	0.25	0.25	0.25	0.5	0	0	0	0	0
Dave_Bush	12	11	3	0	0	0	0	1	1	0.273	0.333	0.273	0.606	0	0	0	0	1
Andrew_Cashner	12	12	4	0	0	0	1	0	6	0.333	0.333	0.333	0.667	0	0	0	0	0
Santiago_Casilla	12	10	3	0	0	0	1	2	3	0.3	0.417	0.3	0.717	0	0	1	0	0
Jhoulys_Chacin	12	11	1	0	0	0	0	1	2	0.091	0.167	0.091	0.258	0	0	0	0	0
Nathan_Eovaldi	12	11	2	0	0	0	1	1	2	0.182	0.25	0.182	0.432	0	0	0	0	1
Josh_Fogg	12	11	2	1	0	0	0	0	2	0.182	0.182	0.273	0.455	1	0	0	0	0
Tom_Gorzelanny	12	12	3	0	0	0	0	0	4	0.25	0.25	0.25	0.5	0	0	0	0	1
Brad_Hand	12	12	4	1	0	0	1	0	3	0.333	0.333	0.417	0.75	0	0	0	0	0
Al_Leiter	12	10	1	0	0	0	2	0	3	0.1	0.091	0.1	0.191	1	1	0	0	0
Tim_Lincecum	12	9	4	0	1	0	2	2	2	0.444	0.583	0.667	1.25	0	0	0	1	0
Jenrry_Mejia	12	10	5	1	0	1	3	1	4	0.5	0.583	0.9	1.483	0	0	0	1	0
Wes_Obermueller	12	12	3	1	0	0	0	0	2	0.25	0.25	0.333	0.583	0	0	0	0	0
Odalis_Perez	12	12	3	0	0	0	0	0	2	0.25	0.25	0.25	0.5	0	0	0	0	0
Chad_Qualls	12	10	3	1	1	0	3	1	2	0.3	0.417	0.6	1.017	0	0	0	1	0
Jae_Weong_Seo	12	11	3	2	0	0	3	1	2	0.273	0.333	0.455	0.788	0	0	0	0	0
John_Smoltz	12	12	2	0	0	0	0	0	5	0.167	0.167	0.167	0.333	0	0	0	0	1
Justin_Speier	12	12	2	1	0	0	0	0	3	0.167	0.167	0.25	0.417	0	0	0	0	0
Julian_Tavarez	12	12	2	1	0	0	0	0	1	0.167	0.167	0.25	0.417	0	0	0	0	0
Joe_Blanton	11	10	2	0	0	1	2	0	1	0.2	0.273	0.5	0.773	0	0	0	1	0
Jonathan_Broxton	11	9	2	0	1	0	2	1	5	0.222	0.3	0.444	0.744	1	0	0	0	0
Daniel_Cabrera	11	9	3	1	0	0	1	2	2	0.333	0.455	0.444	0.899	0	0	0	0	0
Joba_Chamberlain	11	9	2	0	0	0	2	2	2	0.222	0.364	0.222	0.586	0	0	0	0	2
Lenny_DiNardo	11	10	6	0	0	1	1	1	1	0.6	0.636	0.9	1.536	0	0	0	0	0
Scott_Downs	11	10	1	0	0	0	1	1	2	0.1	0.182	0.1	0.282	0	0	0	0	0
Jeurys_Familia	11	10	3	1	0	0	1	1	5	0.3	0.364	0.4	0.764	0	0	0	0	0
Nelson_Figueroa	11	11	4	0	0	0	3	0	4	0.364	0.364	0.364	0.727	0	0	0	0	0
Aaron_Heilman	11	9	4	0	0	0	0	1	2	0.444	0.545	0.444	0.99	0	0	0	1	0
Sam_LeCure	11	10	3	1	0	0	0	1	3	0.3	0.364	0.4	0.764	0	0	0	0	0
Kris_Medlen	11	10	2	0	0	0	1	1	5	0.2	0.273	0.2	0.473	0	0	0	0	0
Brian_Moehler	11	9	1	1	0	0	1	2	0	0.111	0.273	0.222	0.495	0	0	0	0	0
Dustin_Moseley	11	10	3	1	0	1	2	0	0	0.3	0.364	0.7	1.064	0	0	0	1	1
Andy_Pettitte	11	10	5	0	1	1	2	1	1	0.5	0.545	1	1.545	0	0	0	0	0
Clayton_Richard	11	10	4	0	0	1	2	1	0	0.4	0.455	0.7	1.155	0	0	0	0	0
Ben_Sheets	11	10	2	0	0	0	0	1	1	0.2	0.273	0.2	0.473	0	0	0	0	0
Matt_Cain	10	9	0	0	0	0	0	1	4	0	0.1	0	0.1	0	0	0	0	1
D.J._Carrasco	10	10	2	1	0	0	0	0	1	0.2	0.2	0.3	0.5	0	0	0	0	1
Tyler_Clippard	10	10	2	1	0	0	0	0	5	0.2	0.2	0.3	0.5	0	0	0	0	0
Kyle_Davies	10	8	5	4	0	0	2	2	2	0.625	0.7	1.125	1.825	0	0	0	0	0
Ross_Detwiler	10	10	2	1	0	1	3	0	0	0.2	0.2	0.6	0.8	0	0	0	0	0
Octavio_Dotel	10	8	2	0	0	0	0	0	4	0.25	0.333	0.25	0.583	1	0	0	1	0
Jose_Fernandez	10	10	4	2	0	0	2	0	5	0.4	0.4	0.6	1	0	0	0	0	0
Kazuhisa_Ishii	10	10	4	0	1	1	2	0	0	0.4	0.4	0.9	1.3	0	0	0	0	0
Kenley_Jansen	10	10	1	1	0	0	0	0	4	0.1	0.1	0.2	0.3	0	0	0	0	0
Jair_Jurrjens	10	8	2	0	1	0	1	1	0	0.25	0.3	0.5	0.8	0	1	0	0	2
Kyle_Kendrick	10	10	1	0	0	1	3	0	2	0.1	0.1	0.4	0.5	0	0	0	0	0
Tom_Koehler	10	8	0	0	0	0	0	1	3	0	0.2	0	0.2	0	0	0	1	0
Nick_Masset	10	8	2	1	0	0	1	2	2	0.25	0.4	0.375	0.775	0	0	0	0	0
Logan_Ondrusek	10	10	1	0	0	0	0	0	4	0.1	0.1	0.1	0.2	0	0	0	0	1
Kenny_Rogers	10	9	3	0	0	0	1	1	1	0.333	0.4	0.333	0.733	0	0	0	0	0
James_Russell	10	8	1	0	0	1	1	2	3	0.125	0.3	0.5	0.8	0	0	2	0	0
Alfredo_Simon	10	10	2	0	0	1	2	0	2	0.2	0.2	0.5	0.7	0	0	0	0	0
Ian_Snell	10	8	2	0	0	0	0	1	2	0.25	0.4	0.25	0.65	0	0	0	1	1
Salomon_Torres	10	9	2	1	0	0	1	1	3	0.222	0.3	0.333	0.633	0	0	0	0	0
Dan_Wheeler	10	9	4	0	0	1	3	1	2	0.444	0.5	0.778	1.278	0	0	0	0	0
John_Axford	9	7	5	1	0	0	2	1	0	0.714	0.667	0.857	1.524	0	1	0	0	0
Brian_Bannister	9	7	0	0	0	0	0	1	3	0	0.222	0	0.222	0	0	0	1	0
Kris_Benson	9	9	2	0	0	0	0	0	2	0.222	0.222	0.222	0.444	0	0	0	0	1
Bruce_Chen	9	8	3	0	0	0	1	0	2	0.375	0.444	0.375	0.819	0	0	0	1	0
Todd_Coffey	9	8	3	0	0	0	0	1	4	0.375	0.444	0.375	0.819	0	0	0	0	0
Josh_Collmenter	9	9	2	0	0	1	1	0	4	0.222	0.222	0.556	0.778	0	0	0	0	0
R.A._Dickey	9	8	3	1	0	0	0	0	0	0.375	0.444	0.5	0.944	0	0	0	1	0
Mike_Dunn	9	8	2	0	0	1	2	1	4	0.25	0.333	0.625	0.958	0	0	1	0	0
Jeff_Francis	9	5	2	0	0	0	3	3	2	0.4	0.556	0.4	0.956	0	1	1	0	0
Sean_Green	9	8	2	1	0	0	1	0	2	0.25	0.222	0.375	0.597	0	1	0	0	0
Taylor_Jordan	9	7	2	1	0	0	1	1	2	0.286	0.444	0.429	0.873	0	0	0	1	0
Hiroki_Kuroda	9	9	3	0	1	0	0	0	2	0.333	0.333	0.556	0.889	0	0	0	0	0
Aaron_Laffey	9	8	4	0	0	1	4	1	0	0.5	0.556	0.875	1.431	0	0	0	0	0
Braden_Looper	9	8	1	0	0	0	1	1	3	0.125	0.222	0.125	0.347	0	0	0	0	0
Javier_Lopez	9	7	3	1	0	0	1	2	0	0.429	0.556	0.571	1.127	0	0	2	0	0
Derek_Lowe	9	9	2	0	0	1	3	0	4	0.222	0.222	0.556	0.778	0	0	0	0	0
Jordan_Lyles	9	7	4	1	0	0	1	2	0	0.571	0.667	0.714	1.381	0	0	0	0	0
Daisuke_Matsuzaka	9	7	1	0	0	0	0	2	1	0.143	0.333	0.143	0.476	0	0	0	0	0
Brandon_McCarthy	9	7	1	0	0	0	1	0	3	0.143	0.222	0.143	0.365	0	1	0	1	0
Felipe_Paulino	9	9	3	3	0	0	1	0	0	0.333	0.333	0.667	1	0	0	0	0	0
Wily_Peralta	9	9	4	1	0	0	1	0	3	0.444	0.444	0.556	1	0	0	0	0	0
J.J._Putz	9	9	5	3	0	0	0	0	1	0.556	0.556	0.889	1.444	0	0	0	0	0
Hyun-jin_Ryu	9	9	3	2	0	0	1	0	0	0.333	0.333	0.556	0.889	0	0	0	0	3
CC_Sabathia	9	8	2	0	0	0	0	1	1	0.25	0.333	0.25	0.583	0	0	0	0	1
Huston_Street	9	9	1	0	1	0	2	0	0	0.111	0.111	0.333	0.444	0	0	0	0	0
Chris_Volstad	9	9	3	1	0	1	3	0	1	0.333	0.333	0.778	1.111	0	0	0	0	0
David_Weathers	9	6	2	0	0	1	2	2	1	0.333	0.556	0.833	1.389	0	0	0	1	1
Kip_Wells	9	8	3	0	0	0	1	1	1	0.375	0.444	0.375	0.819	0	0	0	0	0
Paul_Wilson	9	8	1	0	0	0	0	1	1	0.125	0.222	0.125	0.347	0	0	0	0	0
Jaret_Wright	9	9	1	1	0	0	0	0	3	0.111	0.111	0.222	0.333	0	0	0	0	1
Wesley_Wright	9	7	1	0	0	0	1	2	0	0.143	0.333	0.143	0.476	0	0	0	0	0
Carlos_Zambrano	9	8	4	1	0	0	0	0	3	0.5	0.556	0.625	1.181	0	0	0	1	0
Brandon_Beachy	8	8	4	0	0	2	3	0	0	0.5	0.5	1.25	1.75	0	0	0	0	0
Rafael_Betancourt	8	7	1	0	0	0	0	1	2	0.143	0.25	0.143	0.393	0	0	0	0	0
Jason_Bulger	8	8	1	1	0	0	0	0	1	0.125	0.125	0.25	0.375	0	0	0	0	0
Carlos_Carrasco	8	7	2	0	0	0	0	1	2	0.286	0.375	0.286	0.661	0	0	1	0	0
Jose_Contreras	8	7	2	1	0	0	0	0	0	0.286	0.375	0.429	0.804	0	0	0	1	1
Kelvim_Escobar	8	5	2	1	0	0	0	3	1	0.4	0.625	0.6	1.225	0	0	0	0	0
Marco_Estrada	8	7	2	0	0	1	2	1	1	0.286	0.375	0.714	1.089	0	0	0	0	0
Ryan_Feierabend	8	8	2	0	1	0	1	0	0	0.25	0.25	0.5	0.75	0	0	0	0	0
Luke_Gregerson	8	7	2	2	0	0	2	0	2	0.286	0.375	0.571	0.946	0	0	0	1	0
Jared_Hughes	8	8	3	0	0	1	1	0	1	0.375	0.375	0.75	1.125	0	0	0	0	1
John_Lannan	8	7	2	1	0	0	2	0	1	0.286	0.25	0.429	0.679	0	1	0	0	0
Colby_Lewis	8	7	1	0	0	0	2	0	1	0.143	0.125	0.143	0.268	0	1	0	0	0
Scott_Linebrink	8	8	4	0	0	0	1	0	1	0.5	0.5	0.5	1	0	0	0	0	0
Wilton_Lopez	8	8	1	0	0	0	0	0	2	0.125	0.125	0.125	0.25	0	0	0	0	0
Mark_Melancon	8	8	1	0	0	1	1	0	3	0.125	0.125	0.5	0.625	0	0	0	0	0
Wade_Miley	8	8	4	0	0	0	0	0	1	0.5	0.5	0.5	1	0	0	0	0	0
Edward_Mujica	8	8	4	1	0	2	2	0	0	0.5	0.5	1.375	1.875	0	0	0	0	1
Jimmy_Nelson	8	8	4	0	0	1	3	0	1	0.5	0.5	0.875	1.375	0	0	0	0	0
Sean_O'Sullivan	8	7	4	3	0	1	1	0	0	0.571	0.625	1.429	2.054	0	0	0	1	1
Josh_Outman	8	8	3	0	0	1	2	0	1	0.375	0.375	0.75	1.125	0	0	0	0	1
Jonathan_Papelbon	8	8	0	0	0	0	0	0	1	0	0	0	0	0	0	0	0	1
Mike_Pelfrey	8	8	2	0	0	0	0	0	2	0.25	0.25	0.25	0.5	0	0	0	0	0
Glen_Perkins	8	8	2	1	0	0	0	0	1	0.25	0.25	0.375	0.625	0	0	0	0	0
A.J._Ramos	8	7	1	0	0	0	1	1	3	0.143	0.25	0.143	0.393	0	0	1	0	1
Tanner_Roark	8	7	1	0	0	0	0	0	5	0.143	0.25	0.143	0.393	0	0	0	1	0
Nate_Robertson	8	8	3	1	1	0	0	0	1	0.375	0.375	0.75	1.125	0	0	0	0	1
Francisco_Rodriguez	8	8	2	0	0	1	2	0	1	0.25	0.25	0.625	0.875	0	0	0	0	0
Craig_Stammen	8	8	4	2	0	0	3	0	2	0.5	0.5	0.75	1.25	0	0	0	0	0
Drew_Storen	8	8	3	1	0	0	1	0	4	0.375	0.375	0.5	0.875	0	0	0	0	0
Billy_Wagner	8	7	1	1	0	0	0	1	4	0.143	0.25	0.286	0.536	0	0	0	0	0
Tim_Wakefield	8	8	4	2	0	0	1	0	1	0.5	0.5	0.75	1.25	0	0	0	0	0
Tony_Watson	8	8	2	0	0	1	1	0	1	0.25	0.25	0.625	0.875	0	0	0	0	0
C.J._Wilson	8	7	2	0	0	0	3	1	0	0.286	0.375	0.286	0.661	0	0	0	0	1
Victor_Zambrano	8	7	3	0	0	0	0	1	0	0.429	0.5	0.429	0.929	0	0	0	0	0
David_Aardsma	7	7	2	1	0	0	1	0	0	0.286	0.286	0.429	0.714	0	0	0	0	0
Burke_Badenhop	7	7	2	0	0	1	4	0	3	0.286	0.286	0.714	1	0	0	0	0	0
Danys_Baez	7	6	0	0	0	0	0	1	2	0	0.143	0	0.143	0	0	0	0	1
Andrew_Bailey	7	7	2	0	0	0	1	0	2	0.286	0.286	0.286	0.571	0	0	0	0	0
Nate_Bump	7	6	1	0	0	0	0	1	2	0.167	0.286	0.167	0.452	0	0	0	0	0
David_Carpenter	7	7	5	1	1	1	2	0	1	0.714	0.714	1.571	2.286	0	0	0	0	0
Shawn_Chacon	7	6	2	1	0	0	1	0	1	0.333	0.429	0.5	0.929	0	0	0	1	0
Matt_Clement	7	6	1	0	0	0	0	1	2	0.167	0.286	0.167	0.452	0	0	0	0	1
Francisco_Cordero	7	7	2	0	0	0	2	0	1	0.286	0.286	0.286	0.571	0	0	0	0	0
Wade_Davis	7	7	1	0	0	0	0	0	2	0.143	0.143	0.143	0.286	0	0	0	0	0
Zach_Day	7	7	0	0	0	0	0	0	1	0	0	0	0	0	0	0	0	1
Ryan_Dempster	7	7	2	0	0	0	2	0	2	0.286	0.286	0.286	0.571	0	0	0	0	0
Chad_Durbin	7	5	2	0	0	1	2	1	1	0.4	0.571	1	1.571	0	0	0	1	0
Adam_Eaton	7	7	1	0	0	0	0	0	3	0.143	0.143	0.143	0.286	0	0	0	0	0
Mike_Foltynewicz	7	4	1	0	0	0	2	2	1	0.25	0.429	0.25	0.679	0	1	0	0	0
Jason_Grilli	7	7	2	0	0	0	0	0	1	0.286	0.286	0.286	0.571	0	0	0	0	0
Kevin_Gryboski	7	4	0	0	0	0	0	2	2	0	0.429	0	0.429	0	0	1	1	1
Matt_Guerrier	7	7	0	0	0	0	0	0	3	0	0	0	0	0	0	0	0	0
J.C._Gutierrez	7	7	4	2	0	0	1	0	0	0.571	0.571	0.857	1.429	0	0	0	0	0
Chris_Hatcher	7	7	2	0	0	0	1	0	2	0.286	0.286	0.286	0.571	0	0	0	0	0
Philip_Humber	7	6	0	0	0	0	0	1	1	0	0.143	0	0.143	0	0	0	0	0
Tommy_Hunter	7	6	3	1	0	0	0	1	0	0.5	0.571	0.667	1.238	0	0	0	0	0
Josh_Johnson	7	6	0	0	0	0	0	1	1	0	0.143	0	0.143	0	0	0	0	1
Craig_Kimbrel	7	5	2	0	0	0	0	2	2	0.4	0.571	0.4	0.971	0	0	0	0	0
Shane_Loux	7	5	2	0	0	0	0	1	0	0.4	0.571	0.4	0.971	0	0	0	1	0
Brandon_Lyon	7	6	1	0	0	0	0	1	3	0.167	0.286	0.167	0.452	0	0	0	0	0
Sean_Marshall	7	6	0	0	0	0	0	1	2	0	0.143	0	0.143	0	0	0	0	0
Carlos_Martinez	7	6	0	0	0	0	0	1	1	0	0.143	0	0.143	0	0	0	0	0
Kyle_McClellan	7	6	2	1	0	0	1	0	0	0.333	0.429	0.5	0.929	0	0	0	1	0
Matt_Morris	7	6	2	0	0	0	0	0	1	0.333	0.429	0.333	0.762	0	0	0	1	0
Guillermo_Mota	7	7	4	1	1	0	3	0	1	0.571	0.571	1	1.571	0	0	0	0	0
Jason_Motte	7	7	0	0	0	0	0	0	2	0	0	0	0	0	0	0	0	0
Bud_Norris	7	6	1	0	0	0	0	1	2	0.167	0.286	0.167	0.452	0	0	0	0	0
Garrett_Olson	7	4	1	0	0	0	1	1	2	0.25	0.429	0.25	0.679	0	1	0	1	0
Adam_Ottavino	7	7	2	0	0	0	1	0	3	0.286	0.286	0.286	0.571	0	0	0	0	0
Vicente_Padilla	7	6	0	0	0	0	0	0	1	0	0.143	0	0.143	0	0	0	1	0
Manny_Parra	7	6	1	0	0	0	1	1	2	0.167	0.286	0.167	0.452	0	0	0	0	0
David_Phelps	7	7	2	0	0	0	1	0	1	0.286	0.286	0.286	0.571	0	0	0	0	1
Greg_Smith	7	7	1	0	0	0	0	0	0	0.143	0.143	0.143	0.286	0	0	0	0	0
Joakim_Soria	7	6	0	0	0	0	0	1	3	0	0.143	0	0.143	0	0	0	0	0
Tyler_Thornburg	7	6	0	0	0	0	1	0	4	0	0	0	0	0	1	0	0	0
Jordan_Walden	7	7	0	0	0	0	1	0	1	0	0	0	0	0	0	0	0	0
Chien-Ming_Wang	7	5	1	1	0	0	0	0	1	0.2	0.333	0.4	0.733	1	0	0	1	0
Wilson_Alvarez	6	5	2	0	0	0	0	0	1	0.4	0.5	0.4	0.9	0	0	0	1	0
Jose_Arredondo	6	4	2	0	0	1	1	2	1	0.5	0.667	1.25	1.917	0	0	0	0	0
Luis_Ayala	6	5	2	0	0	0	0	1	1	0.4	0.5	0.4	0.9	0	0	0	0	0
Grant_Balfour	6	5	2	0	0	0	1	1	2	0.4	0.5	0.4	0.9	0	0	0	0	0
Matt_Belisle	6	6	2	0	0	1	2	0	1	0.333	0.333	0.833	1.167	0	0	0	0	0
Heath_Bell	6	4	1	0	0	0	0	1	0	0.25	0.4	0.25	0.65	1	0	0	0	0
Armando_Benitez	6	6	0	0	0	0	0	0	3	0	0	0	0	0	0	0	0	0
Jerry_Blevins	6	6	0	0	0	0	0	0	3	0	0	0	0	0	0	0	0	0
Jeremy_Bonderman	6	6	1	0	0	0	2	0	2	0.167	0.167	0.167	0.333	0	0	0	0	0
Chad_Bradford	6	5	0	0	0	0	0	1	1	0	0.167	0	0.167	0	0	0	0	0
Andrew_Brown	6	6	3	1	0	0	1	0	1	0.5	0.5	0.667	1.167	0	0	0	0	0
Eddie_Butler	6	5	2	1	0	1	1	1	0	0.4	0.5	1.2	1.7	0	0	0	0	0
Jesse_Carlson	6	4	1	1	0	0	1	2	1	0.25	0.5	0.5	1	0	0	2	0	0
Tyler_Chatwood	6	6	1	0	0	0	0	0	2	0.167	0.167	0.167	0.333	0	0	0	0	0
Clay_Condrey	6	5	2	1	0	0	0	1	0	0.4	0.5	0.6	1.1	0	0	0	0	1
Aaron_Cook	6	6	1	0	0	0	0	0	2	0.167	0.167	0.167	0.333	0	0	0	0	0
Jacob_deGrom	6	5	1	0	0	0	0	1	3	0.2	0.333	0.2	0.533	0	0	0	0	0
Randall_Delgado	6	6	2	1	0	0	0	0	2	0.333	0.333	0.5	0.833	0	0	0	0	0
Barry_Enright	6	6	3	0	0	0	0	0	1	0.5	0.5	0.5	1	0	0	0	0	0
Kyle_Farnsworth	6	4	2	0	1	0	3	2	0	0.5	0.667	1	1.667	0	0	0	0	0
John_Franco	6	6	2	0	0	0	0	0	1	0.333	0.333	0.333	0.667	0	0	0	0	0
Ryan_Franklin	6	5	2	0	0	0	0	0	1	0.4	0.5	0.4	0.9	0	0	0	1	0
Dillon_Gee	6	5	0	0	0	0	0	0	1	0	0.167	0	0.167	0	0	0	1	0
Joel_Hanrahan	6	5	1	0	0	0	1	1	2	0.2	0.333	0.2	0.533	0	0	0	0	1
Tommy_Hanson	6	5	1	0	0	1	1	1	1	0.2	0.333	0.8	1.133	0	0	0	0	0
LaTroy_Hawkins	6	6	3	0	1	0	0	0	0	0.5	0.5	0.833	1.333	0	0	0	0	0
Mark_Hendrickson	6	5	2	1	0	0	3	0	0	0.4	0.333	0.6	0.933	0	1	0	0	0
Phil_Hughes	6	6	1	0	0	1	1	0	1	0.167	0.167	0.667	0.833	0	0	0	0	0
Casey_Janssen	6	6	2	0	0	0	1	0	1	0.333	0.333	0.333	0.667	0	0	0	0	1
Kevin_Jepsen	6	5	1	0	0	0	0	1	0	0.2	0.333	0.2	0.533	0	0	0	0	0
Shawn_Kelley	6	5	2	0	0	0	1	0	2	0.4	0.333	0.4	0.733	0	1	0	0	0
George_Kontos	6	6	0	0	0	0	0	0	2	0	0	0	0	0	0	0	0	0
Brad_Lidge	6	6	0	0	0	0	0	0	3	0	0	0	0	0	0	0	0	0
Kameron_Loe	6	6	2	0	0	0	0	0	4	0.333	0.333	0.333	0.667	0	0	0	0	0
Seth_Maness	6	6	2	0	0	1	1	0	0	0.333	0.333	0.833	1.167	0	0	0	0	1
Steven_Matz	6	5	1	0	0	0	0	1	3	0.2	0.333	0.2	0.533	0	0	0	0	0
James_McDonald	6	6	4	1	0	0	0	0	0	0.667	0.667	0.833	1.5	0	0	0	0	0
Mike_Mussina	6	6	3	2	0	0	0	0	1	0.5	0.5	0.833	1.333	0	0	0	0	0
Eric_O'Flaherty	6	6	1	0	0	1	1	0	1	0.167	0.167	0.667	0.833	0	0	0	0	1
Scott_Olsen	6	5	1	0	0	1	1	1	3	0.2	0.333	0.8	1.133	0	0	0	0	0
Juan_Carlos_Oviedo	6	6	3	0	0	0	0	0	0	0.5	0.5	0.5	1	0	0	0	0	0
Martin_Perez	6	6	3	0	0	0	0	0	0	0.5	0.5	0.5	1	0	0	0	0	0
Rafael_Perez	6	6	2	0	0	1	4	0	2	0.333	0.333	0.833	1.167	0	0	0	0	0
Yusmeiro_Petit	6	6	1	1	0	0	2	0	2	0.167	0.167	0.333	0.5	0	0	0	0	0
Sidney_Ponson	6	4	0	0	0	0	0	1	1	0	0.333	0	0.333	0	0	0	1	0
Fernando_Rodriguez	6	4	0	0	0	0	0	1	1	0	0.333	0	0.333	0	0	0	1	0
Trevor_Rosenthal	6	6	1	0	0	0	0	0	2	0.167	0.167	0.167	0.333	0	0	0	0	0
Fernando_Salas	6	6	2	2	0	0	0	0	1	0.333	0.333	0.667	1	0	0	0	0	0
Jeff_Samardzija	6	6	0	0	0	0	0	0	3	0	0	0	0	0	0	0	0	0
Alex_Sanabia	6	6	1	0	0	0	0	0	1	0.167	0.167	0.167	0.333	0	0	0	0	0
Anibal_Sanchez	6	6	2	1	0	1	3	0	2	0.333	0.333	1	1.333	0	0	0	0	0
Johan_Santana	6	6	2	1	0	0	0	0	4	0.333	0.333	0.5	0.833	0	0	0	0	0
Victor_Santos	6	5	2	1	0	0	0	1	1	0.4	0.5	0.6	1.1	0	0	0	0	0
Max_Scherzer	6	5	1	1	0	0	1	0	4	0.2	0.333	0.4	0.733	0	0	0	1	0
James_Shields	6	6	1	1	0	0	2	0	3	0.167	0.167	0.333	0.5	0	0	0	0	0
Scot_Shields	6	6	2	1	0	0	1	0	0	0.333	0.333	0.5	0.833	0	0	0	0	0
Kevin_Siegrist	6	6	0	0	0	0	0	0	1	0	0	0	0	0	0	0	0	0
Kevin_Slowey	6	4	1	0	0	0	0	2	1	0.25	0.5	0.25	0.75	0	0	0	0	0
Travis_Smith	6	6	1	0	0	0	0	0	0	0.167	0.167	0.167	0.333	0	0	0	0	0
Drew_Smyly	6	6	2	0	0	0	0	0	2	0.333	0.333	0.333	0.667	0	0	0	0	0
Tim_Stauffer	6	6	2	0	0	0	0	0	1	0.333	0.333	0.333	0.667	0	0	0	0	0
Anthony_Swarzak	6	5	3	0	0	2	3	1	0	0.6	0.667	1.8	2.467	0	0	0	0	0
Brian_Tallet	6	5	0	0	0	0	0	1	2	0	0.167	0	0.167	0	0	0	0	0
John_Thomson	6	5	1	0	0	0	0	1	0	0.2	0.333	0.2	0.533	0	0	0	0	0
Josh_Towers	6	5	1	0	0	0	1	0	0	0.2	0.167	0.2	0.367	0	1	0	0	0
Jacob_Turner	6	5	0	0	0	0	0	1	1	0	0.167	0	0.167	0	0	0	0	0
Koji_Uehara	6	6	1	1	0	0	0	0	0	0.167	0.167	0.333	0.5	0	0	0	0	0
Jose_Valverde	6	6	1	1	0	0	0	0	3	0.167	0.167	0.333	0.5	0	0	0	0	0
Carlos_Villanueva	6	6	3	0	0	0	0	0	1	0.5	0.5	0.5	1	0	0	0	0	0
Nick_Vincent	6	6	1	0	0	0	0	0	2	0.167	0.167	0.167	0.333	0	0	0	0	0
Brandon_Webb	6	5	0	0	0	0	0	0	3	0	0.167	0	0.167	0	0	0	1	0
Zack_Wheeler	6	6	1	0	0	1	1	0	2	0.167	0.167	0.667	0.833	0	0	0	0	0
Woody_Williams	6	5	4	0	0	2	2	1	0	0.8	0.833	2	2.833	0	0	0	0	0
Jay_Witasick	6	6	0	0	0	0	0	0	3	0	0	0	0	0	0	0	0	0
Kerry_Wood	6	6	3	1	0	0	1	0	2	0.5	0.5	0.667	1.167	0	0	0	0	0
Jeremy_Affeldt	5	4	0	0	0	0	0	0	1	0	0.2	0	0.2	0	0	0	1	0
Antonio_Alfonseca	5	3	1	0	0	0	0	1	0	0.333	0.5	0.333	0.833	1	0	0	0	0
Anthony_Bass	5	5	2	0	0	0	1	0	0	0.4	0.4	0.4	0.8	0	0	0	0	0
Trevor_Bauer	5	5	3	0	0	2	2	0	0	0.6	0.6	1.8	2.4	0	0	0	0	0
Wei-Yin_Chen	5	5	1	0	0	0	0	0	1	0.2	0.2	0.2	0.4	0	0	0	0	0
Steve_Cishek	5	5	3	0	0	0	2	0	1	0.6	0.6	0.6	1.2	0	0	0	0	0
Mike_DeJean	5	5	1	1	0	0	0	0	2	0.2	0.2	0.4	0.6	0	0	0	0	1
John_Ely	5	3	0	0	0	0	0	1	0	0	0.4	0	0.4	0	0	0	1	0
Shawn_Estes	5	4	1	0	0	0	1	0	2	0.25	0.2	0.25	0.45	0	1	0	0	0
Mike_Fiers	5	5	1	0	0	0	0	0	1	0.2	0.2	0.2	0.4	0	0	0	0	0
Jason_Frasor	5	5	2	1	0	0	0	0	0	0.4	0.4	0.6	1	0	0	0	0	0
Freddy_Garcia	5	5	1	0	0	0	0	0	1	0.2	0.2	0.2	0.4	0	0	0	0	0
Geoff_Geary	5	4	2	0	0	0	0	1	1	0.5	0.6	0.5	1.1	0	0	0	0	0
Edgar_Gonzalez	5	5	2	2	0	0	1	0	0	0.4	0.4	0.8	1.2	0	0	0	0	0
Jeff_Gray	5	5	2	0	0	0	0	0	0	0.4	0.4	0.4	0.8	0	0	0	0	0
Kevin_Gregg	5	5	2	0	0	1	1	0	3	0.4	0.4	1	1.4	0	0	0	0	0
David_Hale	5	5	3	0	0	1	2	0	1	0.6	0.6	1.2	1.8	0	0	0	0	0
J.A._Happ	5	4	3	0	0	0	3	1	0	0.75	0.8	0.75	1.55	0	0	0	0	0
Blake_Hawksworth	5	5	4	2	0	0	1	0	0	0.8	0.8	1.2	2	0	0	0	0	0
Matt_Herges	5	5	1	0	0	0	0	0	1	0.2	0.2	0.2	0.4	0	0	0	0	0
Carlos_Hernandez	5	5	1	1	0	0	0	0	0	0.2	0.2	0.4	0.6	0	0	0	0	2
Trey_Hodges	5	5	1	1	0	0	1	0	0	0.2	0.2	0.4	0.6	0	0	0	0	0
Derek_Holland	5	5	2	1	0	0	0	0	0	0.4	0.4	0.6	1	0	0	0	0	0
Daniel_Hudson	5	4	2	0	0	0	0	1	1	0.5	0.6	0.5	1.1	0	0	0	0	0
Jim_Johnson	5	4	2	1	0	0	1	0	0	0.5	0.6	0.75	1.35	0	0	0	1	1
Randy_Johnson	5	5	0	0	0	0	0	0	1	0	0	0	0	0	0	0	0	0
Byung-Hyun_Kim	5	4	1	0	0	0	1	1	1	0.25	0.4	0.25	0.65	0	0	0	0	0
Sun-Woo_Kim	5	5	2	1	0	0	0	0	0	0.4	0.4	0.6	1	0	0	0	0	0
Brian_Lawrence	5	4	0	0	0	0	0	1	0	0	0.2	0	0.2	0	0	0	0	0
Brandon_League	5	4	2	0	0	0	0	1	0	0.5	0.6	0.5	1.1	0	0	0	0	1
Cory_Lidle	5	4	0	0	0	0	1	0	2	0	0	0	0	0	1	0	0	0
Matt_Lindstrom	5	5	2	0	0	0	0	0	0	0.4	0.4	0.4	0.8	0	0	0	0	0
Adam_Loewen	5	4	1	1	0	0	0	1	1	0.25	0.4	0.5	0.9	0	0	0	0	0
Mark_Lowe	5	3	2	1	0	0	1	2	0	0.667	0.8	1	1.8	0	0	0	0	0
Ruddy_Lugo	5	5	0	0	0	0	0	0	0	0	0	0	0	0	0	0	0	0
Ryan_Madson	5	5	2	1	0	0	1	0	0	0.4	0.4	0.6	1	0	0	0	0	0
Brian_Matusz	5	4	1	1	0	0	2	0	1	0.25	0.2	0.5	0.7	0	1	0	0	0
Trevor_May	5	5	3	2	0	0	2	0	1	0.6	0.6	1	1.6	0	0	0	0	0
Randy_Messenger	5	5	2	1	0	0	0	0	0	0.4	0.4	0.6	1	0	0	0	0	0
Zach_Miner	5	4	0	0	0	0	0	1	1	0	0.2	0	0.2	0	0	0	0	0
Sergio_Mitre	5	4	1	1	0	0	0	0	0	0.25	0.4	0.5	0.9	0	0	0	1	0
Matt_Moore	5	5	1	0	0	1	1	0	1	0.2	0.2	0.8	1	0	0	0	0	0
Brandon_Morrow	5	5	2	0	0	0	0	0	0	0.4	0.4	0.4	0.8	0	0	0	0	0
Joe_Nathan	5	5	0	0	0	0	0	0	2	0	0	0	0	0	0	0	0	0
Juan_Nicasio	5	5	2	1	0	0	2	0	2	0.4	0.4	0.6	1	0	0	0	0	0
Vidal_Nuno	5	5	1	0	0	1	2	0	0	0.2	0.2	0.8	1	0	0	0	0	0
Joel_Peralta	5	4	0	0	0	0	0	0	2	0	0.2	0	0.2	0	0	0	1	0
Mark_Prior	5	4	2	0	0	0	0	1	0	0.5	0.6	0.5	1.1	0	0	0	0	0
David_Purcey	5	4	1	0	0	0	0	1	0	0.25	0.4	0.25	0.65	0	0	0	0	0
Ramon_Ramirez	5	5	1	0	0	0	0	0	1	0.2	0.2	0.2	0.4	0	0	0	0	0
Tim_Redding	5	5	1	0	0	0	0	0	1	0.2	0.2	0.2	0.4	0	0	0	0	0
Chris_Resop	5	5	1	0	0	0	0	0	0	0.2	0.2	0.2	0.4	0	0	0	0	1
Shane_Reynolds	5	3	2	0	0	0	0	2	1	0.667	0.8	0.667	1.467	0	0	0	0	0
Juan_Rincon	5	5	1	1	0	0	0	0	3	0.2	0.2	0.4	0.6	0	0	0	0	0
Hector_Rondon	5	5	1	0	0	0	0	0	2	0.2	0.2	0.2	0.4	0	0	0	0	0
Chris_Sale	5	4	1	0	0	0	1	0	3	0.25	0.2	0.25	0.45	0	1	0	0	0
Jonathan_Sanchez	5	5	0	0	0	0	0	0	3	0	0	0	0	0	0	0	0	0
George_Sherrill	5	5	2	0	0	1	3	0	1	0.4	0.4	1	1.4	0	0	0	0	0
Rafael_Soriano	5	5	1	0	0	0	0	0	2	0.2	0.2	0.2	0.4	0	0	0	0	0
Jeremy_Sowers	5	5	1	1	0	0	1	0	0	0.2	0.2	0.4	0.6	0	0	0	0	0
Rich_Thompson	5	5	3	0	1	1	4	0	1	0.6	0.6	1.6	2.2	0	0	0	0	0
Chris_Tillman	5	5	2	0	0	0	1	0	0	0.4	0.4	0.4	0.8	0	0	0	0	0
Ugueth_Urbina	5	5	1	0	0	0	0	0	2	0.2	0.2	0.2	0.4	0	0	0	0	0
Anthony_Varvaro	5	5	2	1	0	0	0	0	1	0.4	0.4	0.6	1	0	0	0	0	0
Sean_White	5	5	2	0	0	0	1	0	2	0.4	0.4	0.4	0.8	0	0	0	0	0
Jerome_Williams	5	4	0	0	0	0	0	0	2	0	0	0	0	1	0	0	0	0
Vance_Worley	5	5	2	0	0	0	2	0	1	0.4	0.4	0.4	0.8	0	0	0	0	0
Jamey_Wright	5	5	2	0	0	0	3	0	0	0.4	0.4	0.4	0.8	0	0	0	0	0
Jose_Acevedo	4	3	1	0	0	0	0	1	1	0.333	0.5	0.333	0.833	0	0	0	0	0
Alfredo_Aceves	4	2	1	1	0	0	0	1	1	0.5	0.75	1	1.75	0	0	0	1	0
Mike_Adams	4	4	0	0	0	0	0	0	1	0	0	0	0	0	0	0	0	1
Hector_Almonte	4	4	1	0	0	1	4	0	0	0.25	0.25	1	1.25	0	0	0	0	0
Chase_Anderson	4	4	0	0	0	0	0	0	1	0	0	0	0	0	0	0	0	0
Luis_Avilan	4	4	2	0	0	0	2	0	1	0.5	0.5	0.5	1	0	0	0	0	0
Brandon_Backe	4	4	0	0	0	0	0	0	1	0	0	0	0	0	0	0	0	0
Antonio_Bastardo	4	4	1	1	0	0	2	0	0	0.25	0.25	0.5	0.75	0	0	0	0	0
Rob_Bell	4	2	0	0	0	0	0	2	0	0	0.5	0	0.5	0	0	0	0	0
Jeff_Bennett	4	3	0	0	0	0	0	1	0	0	0.25	0	0.25	0	0	0	0	0
Nick_Blackburn	4	4	2	0	0	0	0	0	0	0.5	0.5	0.5	1	0	0	0	0	0
Mitchell_Boggs	4	3	0	0	0	0	0	1	0	0	0.25	0	0.25	0	0	0	0	0
Jung_Bong	4	1	1	0	0	0	0	3	0	1	1	1	2	0	0	1	0	0
Boof_Bonser	4	4	2	0	0	1	4	0	0	0.5	0.5	1.25	1.75	0	0	0	0	0
Joe_Borowski	4	4	0	0	0	0	0	0	1	0	0	0	0	0	0	0	0	0
Blaine_Boyer	4	3	1	0	0	0	0	1	1	0.333	0.5	0.333	0.833	0	0	0	0	0
Brad_Brach	4	4	0	0	0	0	0	0	4	0	0	0	0	0	0	0	0	0
Eude_Brito	4	4	1	0	0	0	1	0	1	0.25	0.25	0.25	0.5	0	0	0	0	0
Clay_Buchholz	4	4	0	0	0	0	0	0	0	0	0	0	0	0	0	0	0	0
Fernando_Cabrera	4	4	3	0	0	0	1	0	1	0.75	0.75	0.75	1.5	0	0	0	0	0
Gustavo_Chacin	4	4	1	1	0	0	0	0	0	0.25	0.25	0.5	0.75	0	0	0	0	1
Aroldis_Chapman	4	3	0	0	0	0	0	1	0	0	0.25	0	0.25	0	0	0	0	0
Brandon_Claussen	4	3	2	0	0	0	2	0	1	0.667	0.5	0.667	1.167	0	1	0	0	0
Roger_Clemens	4	4	1	0	0	0	0	0	1	0.25	0.25	0.25	0.5	0	0	0	0	0
Rheal_Cormier	4	4	1	1	0	0	0	0	1	0.25	0.25	0.5	0.75	0	0	0	0	0
Juan_Cruz	4	2	0	0	0	0	1	2	0	0	0.5	0	0.5	0	0	0	0	1
Manny_Delcarmen	4	3	3	1	0	0	1	0	0	1	1	1.333	2.333	0	0	0	1	0
Odrisamer_Despaigne	4	4	1	0	0	0	0	0	3	0.25	0.25	0.25	0.5	0	0	0	0	0
Elmer_Dessens	4	4	1	0	0	0	0	0	2	0.25	0.25	0.25	0.5	0	0	0	0	0
Alan_Embree	4	4	3	1	0	0	1	0	0	0.75	0.75	1	1.75	0	0	0	0	0
Scott_Feldman	4	4	1	0	0	0	0	0	2	0.25	0.25	0.25	0.5	0	0	0	0	0
Chad_Fox	4	4	0	0	0	0	0	0	2	0	0	0	0	0	0	0	0	0
Wayne_Franklin	4	4	1	0	1	0	3	0	2	0.25	0.25	0.75	1	0	0	0	0	1
Ernesto_Frieri	4	4	0	0	0	0	0	0	1	0	0	0	0	0	0	0	0	0
Brian_Fuentes	4	4	1	1	0	0	0	0	0	0.25	0.25	0.5	0.75	0	0	0	0	0
Jeff_Fulchino	4	4	1	0	0	0	0	0	1	0.25	0.25	0.25	0.5	0	0	0	0	0
Sean_Gallagher	4	4	1	0	0	0	0	0	0	0.25	0.25	0.25	0.5	0	0	0	0	0
Dan_Giese	4	4	1	0	0	0	0	0	1	0.25	0.25	0.25	0.5	0	0	0	0	0
Rick_Helling	4	3	1	0	0	0	0	0	1	0.333	0.333	0.333	0.667	1	0	0	0	0
Dustin_Hermanson	4	4	0	0	0	0	0	0	1	0	0	0	0	0	0	0	0	0
David_Hernandez	4	4	1	0	0	1	1	0	2	0.25	0.25	1	1.25	0	0	0	0	0
Luke_Hochevar	4	4	1	0	0	0	0	0	0	0.25	0.25	0.25	0.5	0	0	0	0	0
Drew_Hutchison	4	4	2	2	0	0	0	0	1	0.5	0.5	1	1.5	0	0	0	0	0
Kevin_Jarvis	4	4	3	1	0	0	0	0	0	0.75	0.75	1	1.75	0	0	0	0	0
Jeremy_Jeffress	4	3	0	0	0	0	0	0	1	0	0.25	0	0.25	0	0	0	1	0
Matt_Kinney	4	4	1	0	0	0	0	0	1	0.25	0.25	0.25	0.5	0	0	0	0	0
Brandon_Kintzler	4	4	2	1	0	0	1	0	0	0.5	0.5	0.75	1.25	0	0	0	0	0
Masahide_Kobayashi	4	3	0	0	0	0	0	1	0	0	0.25	0	0.25	0	0	0	0	0
John_Lamb	4	4	1	0	0	0	0	0	1	0.25	0.25	0.25	0.5	0	0	0	0	0
Wade_LeBlanc	4	4	2	0	0	0	2	0	1	0.5	0.5	0.5	1	0	0	0	0	0
Jon_Leicester	4	3	0	0	0	0	1	0	0	0	0.25	0	0.25	0	0	0	1	0
Jensen_Lewis	4	4	2	0	0	0	1	0	1	0.5	0.5	0.5	1	0	0	0	0	0
Aquilino_Lopez	4	4	1	1	0	0	0	0	0	0.25	0.25	0.5	0.75	0	0	0	0	0
Mike_MacDougal	4	3	2	0	0	0	2	1	1	0.667	0.75	0.667	1.417	0	0	0	0	0
Jeff_Manship	4	3	2	1	0	0	1	0	1	0.667	0.5	1	1.5	0	1	0	0	0
Carlos_Marmol	4	4	1	0	0	1	1	0	3	0.25	0.25	1	1.25	0	0	0	0	0
Cristhian_Martinez	4	4	1	0	0	0	0	0	0	0.25	0.25	0.25	0.5	0	0	0	0	0
Ryan_Mattheus	4	4	1	0	0	0	2	0	0	0.25	0.25	0.25	0.5	0	0	0	0	0
Brian_Meadows	4	4	1	1	0	0	1	0	0	0.25	0.25	0.5	0.75	0	0	0	0	0
Evan_Meek	4	2	0	0	0	0	0	1	0	0	0.5	0	0.5	0	0	0	1	0
Jose_Mijares	4	3	1	0	0	0	0	1	1	0.333	0.5	0.333	0.833	0	0	1	0	0
Tommy_Milone	4	4	2	0	0	0	2	0	0	0.5	0.5	0.5	1	0	0	0	0	0
Eric_Milton	4	3	0	0	0	0	0	1	0	0	0.25	0	0.25	0	0	0	0	0
Pat_Neshek	4	4	1	0	0	0	2	0	0	0.25	0.25	0.25	0.5	0	0	0	0	0
Hideo_Nomo	4	4	0	0	0	0	0	0	2	0	0	0	0	0	0	0	0	0
Micah_Owings	4	4	0	0	0	0	0	0	1	0	0	0	0	0	0	0	0	0
Matt_Palmer	4	3	0	0	0	0	0	0	1	0	0.25	0	0.25	0	0	0	1	0
Bobby_Parnell	4	3	0	0	0	0	0	1	1	0	0.25	0	0.25	0	0	1	0	0
Ryan_Pressly	4	4	1	0	0	0	0	0	1	0.25	0.25	0.25	0.5	0	0	0	0	0
Jon_Rauch	4	4	1	1	0	0	0	0	2	0.25	0.25	0.5	0.75	0	0	0	0	0
Alberto_Reyes	4	4	2	1	0	0	1	0	0	0.5	0.5	0.75	1.25	0	0	0	0	0
John_Riedling	4	4	0	0	0	0	0	0	3	0	0	0	0	0	0	0	0	0
David_Riske	4	3	0	0	0	0	1	0	0	0	0	0	0	0	1	0	0	0
Esmil_Rogers	4	3	2	0	1	0	0	1	0	0.667	0.75	1.333	2.083	0	0	0	0	0
Sergio_Romo	4	4	1	0	0	1	1	0	2	0.25	0.25	1	1.25	0	0	0	0	0
Robbie_Ross	4	4	1	0	0	0	0	0	1	0.25	0.25	0.25	0.5	0	0	0	0	0
Ryan_Rowland-Smith	4	4	0	0	0	0	0	0	1	0	0	0	0	0	0	0	0	1
Kirk_Rueter	4	3	0	0	0	0	0	1	0	0	0.25	0	0.25	0	0	0	0	0
Brian_Sanches	4	4	1	0	0	0	0	0	1	0.25	0.25	0.25	0.5	0	0	0	0	0
Duaner_Sanchez	4	4	1	0	0	0	1	0	0	0.25	0.25	0.25	0.5	0	0	0	0	0
Jason_Schmidt	4	4	1	0	0	0	0	0	1	0.25	0.25	0.25	0.5	0	0	0	0	0
Joe_Smith	4	4	1	0	0	0	0	0	0	0.25	0.25	0.25	0.5	0	0	0	0	0
Jordan_Smith	4	3	0	0	0	0	0	0	1	0	0.25	0	0.25	0	0	0	1	0
Kyle_Snyder	4	3	1	0	0	0	0	0	0	0.333	0.5	0.333	0.833	0	0	0	1	0
Steve_Sparks	4	1	1	0	0	1	1	2	0	1	1	4	5	0	0	0	1	0
Denny_Stark	4	4	1	0	0	0	1	0	0	0.25	0.25	0.25	0.5	0	0	0	0	0
Pedro_Strop	4	4	1	0	0	0	0	0	1	0.25	0.25	0.25	0.5	0	0	0	0	0
Dale_Thayer	4	4	0	0	0	0	0	0	1	0	0	0	0	0	0	0	0	0
Blake_Treinen	4	4	0	0	0	0	0	0	3	0	0	0	0	0	0	0	0	0
Ismael_Valdez	4	4	1	0	0	0	0	0	1	0.25	0.25	0.25	0.5	0	0	0	0	0
Oscar_Villarreal	4	3	2	0	1	0	1	1	0	0.667	0.75	1.333	2.083	0	0	0	0	0
Justin_Wayne	4	4	1	0	0	0	0	0	0	0.25	0.25	0.25	0.5	0	0	0	0	0
Jeff_Weaver	4	4	0	0	0	0	0	0	1	0	0	0	0	0	0	0	0	0
Brian_Wilson	4	4	0	0	0	0	0	0	1	0	0	0	0	0	0	0	0	0
Michael_Wuertz	4	4	1	0	0	0	0	0	1	0.25	0.25	0.25	0.5	0	0	0	0	0
Esteban_Yan	4	3	2	0	0	0	0	1	0	0.667	0.75	0.667	1.417	0	0	0	0	0
Fernando_Abad	3	3	0	0	0	0	0	0	0	0	0	0	0	0	0	0	0	0
Cody_Allen	3	3	0	0	0	0	0	0	1	0	0	0	0	0	0	0	0	0
Chris_Archer	3	3	2	0	0	1	2	0	0	0.667	0.667	1.667	2.333	0	0	0	0	0
Luis_Atilano	3	3	0	0	0	0	0	0	0	0	0	0	0	0	0	0	0	0
Cha-Seung_Baek	3	3	0	0	0	0	0	0	0	0	0	0	0	0	0	0	0	0
Aaron_Barrett	3	3	1	0	0	0	0	0	1	0.333	0.333	0.333	0.667	0	0	0	0	0
Brian_Bass	3	3	2	0	0	0	0	0	0	0.667	0.667	0.667	1.333	0	0	0	0	0
Joaquin_Benoit	3	2	0	0	0	0	0	1	1	0	0.333	0	0.333	0	0	0	0	0
Brad_Bergesen	3	3	2	1	0	0	0	0	0	0.667	0.667	1	1.667	0	0	0	0	0
Adam_Bernero	3	3	0	0	0	0	0	0	0	0	0	0	0	0	0	0	0	1
Chad_Bettis	3	3	1	1	0	0	0	0	0	0.333	0.333	0.667	1	0	0	0	0	0
Vic_Black	3	3	1	0	0	0	0	0	0	0.333	0.333	0.333	0.667	0	0	0	0	0
Brian_Boehringer	3	2	0	0	0	0	0	1	1	0	0.333	0	0.333	0	0	0	0	0
Chris_Bootcheck	3	3	2	0	1	0	0	0	1	0.667	0.667	1.333	2	0	0	0	0	0
Kevin_Brown	3	3	0	0	0	0	0	0	1	0	0	0	0	0	0	0	0	0
Sean_Burnett	3	3	0	0	0	0	0	0	1	0	0	0	0	0	0	0	0	0
Jared_Burton	3	3	1	0	0	1	1	0	1	0.333	0.333	1.333	1.667	0	0	0	0	0
Tim_Byrdak	3	3	0	0	0	0	0	0	1	0	0	0	0	0	0	0	0	0
Kiko_Calero	3	3	0	0	0	0	0	0	3	0	0	0	0	0	0	0	0	0
Arquimedes_Caminero	3	3	0	0	0	0	0	0	1	0	0	0	0	0	0	0	0	0
Jose_Capellan	3	3	2	0	0	1	1	0	0	0.667	0.667	1.667	2.333	0	0	0	0	0
Giovanni_Carrara	3	3	1	0	0	0	0	0	1	0.333	0.333	0.333	0.667	0	0	0	0	0
Scott_Carroll	3	3	1	0	0	0	0	0	0	0.333	0.333	0.333	0.667	0	0	0	0	0
Brett_Cecil	3	3	1	0	0	0	0	0	1	0.333	0.333	0.333	0.667	0	0	0	0	0
Tony_Cingrani	3	3	1	0	0	1	1	0	2	0.333	0.333	1.333	1.667	0	0	0	0	0
Roy_Corcoran	3	2	0	0	0	0	0	1	0	0	0.333	0	0.333	0	0	0	0	0
Tim_Corcoran	3	3	0	0	0	0	0	0	1	0	0	0	0	0	0	0	0	0
Neal_Cotts	3	2	0	0	0	0	0	1	1	0	0.333	0	0.333	0	0	1	0	0
Yu_Darvish	3	2	1	1	0	0	0	0	0	0.5	0.667	1	1.667	0	0	0	1	0
Justin_De_Fratus	3	2	0	0	0	0	0	1	1	0	0.333	0	0.333	0	0	0	0	0
Anthony_DeSclafani	3	3	1	1	0	0	1	0	0	0.333	0.333	0.667	1	0	0	0	0	0
Sean_Doolittle	3	3	1	0	0	0	1	0	1	0.333	0.333	0.333	0.667	0	0	0	0	0
Justin_Duchscherer	3	3	1	0	0	0	0	0	0	0.333	0.333	0.333	0.667	0	0	0	0	0
Brian_Duensing	3	3	1	1	0	0	0	0	0	0.333	0.333	0.667	1	0	0	0	0	0
Danny_Duffy	3	3	2	1	0	0	1	0	0	0.667	0.667	1	1.667	0	0	0	0	0
Jon_Edwards	3	1	0	0	0	0	1	1	0	0	0.333	0	0.333	0	1	0	0	0
Scott_Elarton	3	3	1	0	0	0	0	0	1	0.333	0.333	0.333	0.667	0	0	0	0	0
Cal_Eldred	3	3	0	0	0	0	0	0	2	0	0	0	0	0	0	0	0	0
Robbie_Erlin	3	3	0	0	0	0	0	0	1	0	0	0	0	0	0	0	0	0
Scott_Eyre	3	3	0	0	0	0	0	0	1	0	0	0	0	0	0	0	0	0
Brian_Falkenborg	3	3	2	0	0	0	3	0	0	0.667	0.667	0.667	1.333	0	0	0	0	0
Pedro_Feliciano	3	3	1	0	0	0	0	0	1	0.333	0.333	0.333	0.667	0	0	0	0	0
Casey_Fien	3	3	0	0	0	0	0	0	0	0	0	0	0	0	0	0	0	0
Jeremy_Fikac	3	3	0	0	0	0	0	0	1	0	0	0	0	0	0	0	0	0
Brandon_Finnegan	3	2	1	0	0	0	2	0	1	0.5	0.333	0.5	0.833	0	1	0	0	0
Carlos_Fisher	3	3	1	1	0	0	0	0	0	0.333	0.333	0.667	1	0	0	0	0	1
Yohan_Flande	3	3	2	1	0	0	0	0	0	0.667	0.667	1	1.667	0	0	0	0	0
Jesse_Foppert	3	3	0	0	0	0	0	0	0	0	0	0	0	0	0	0	0	0
Luke_French	3	3	1	1	0	0	0	0	0	0.333	0.333	0.667	1	0	0	0	0	0
Aaron_Fultz	3	3	1	0	0	0	0	0	1	0.333	0.333	0.333	0.667	0	0	0	0	0
Kason_Gabbard	3	2	1	1	0	0	0	1	0	0.5	0.667	1	1.667	0	0	0	0	0
Yimi_Garcia	3	3	1	0	0	0	0	0	0	0.333	0.333	0.333	0.667	0	0	0	0	0
John_Gast	3	3	2	1	0	1	2	0	0	0.667	0.667	2	2.667	0	0	0	0	0
Justin_Germano	3	1	1	0	0	0	0	2	0	1	1	1	2	0	0	0	0	0
Danny_Graves	3	3	1	0	0	0	0	0	0	0.333	0.333	0.333	0.667	0	0	0	0	0
Sonny_Gray	3	3	0	0	0	0	0	0	2	0	0	0	0	0	0	0	0	0
Seth_Greisinger	3	2	1	1	0	0	1	0	0	0.5	0.5	1	1.5	1	0	0	0	0
Jeremy_Griffiths	3	2	1	0	0	0	0	1	0	0.5	0.667	0.5	1.167	0	0	0	0	0
Josh_Hall	3	2	1	0	0	0	1	1	1	0.5	0.667	0.5	1.167	0	0	0	0	0
Matt_Harvey	3	3	1	0	0	0	0	0	0	0.333	0.333	0.333	0.667	0	0	0	0	1
Jimmy_Haynes	3	3	0	0	0	0	0	0	0	0	0	0	0	0	0	0	0	0
Kyle_Hendricks	3	2	0	0	0	0	0	1	1	0	0.333	0	0.333	0	0	0	0	0
Brad_Hennessey	3	3	1	0	0	0	0	0	0	0.333	0.333	0.333	0.667	0	0	0	0	0
Pat_Hentgen	3	2	0	0	0	0	0	1	1	0	0.333	0	0.333	0	0	0	0	0
Roberto_Hernandez	3	2	1	0	0	0	0	0	0	0.5	0.5	0.5	1	1	0	0	0	0
Kelvin_Herrera	3	2	0	0	0	0	0	1	1	0	0.333	0	0.333	0	0	0	0	0
Darren_Holmes	3	3	2	0	0	0	0	0	1	0.667	0.667	0.667	1.333	0	0	0	0	0
J.J._Hoover	3	2	1	0	0	0	1	1	0	0.5	0.667	0.5	1.167	0	0	0	0	0
Bob_Howry	3	3	1	0	0	0	0	0	1	0.333	0.333	0.333	0.667	0	0	0	0	0
Jason_Isringhausen	3	2	0	0	0	0	0	1	2	0	0.333	0	0.333	0	0	0	0	0
Hisashi_Iwakuma	3	3	0	0	0	0	0	0	3	0	0	0	0	0	0	0	0	0
Chris_Jakubauskas	3	3	2	0	0	1	2	0	0	0.667	0.667	1.667	2.333	0	0	0	0	0
Dan_Jennings	3	2	2	1	0	0	0	1	0	1	1	1.5	2.5	0	0	0	0	0
Jason_Johnson	3	3	0	0	0	0	0	0	1	0	0	0	0	0	0	0	0	0
Taylor_Jungmann	3	3	2	0	0	0	0	0	1	0.667	0.667	0.667	1.333	0	0	0	0	0
Nate_Karns	3	2	0	0	0	0	0	1	1	0	0.333	0	0.333	0	0	0	0	0
Jeff_Karstens	3	3	0	0	0	0	0	0	0	0	0	0	0	0	0	0	0	0
Joe_Kennedy	3	2	1	0	0	0	1	0	0	0.5	0.333	0.5	0.833	0	1	0	0	0
Dallas_Keuchel	3	2	0	0	0	0	0	1	0	0	0.333	0	0.333	0	0	0	0	0
Corey_Kluber	3	3	0	0	0	0	0	0	2	0	0	0	0	0	0	0	0	0
Gary_Knotts	3	3	2	0	0	0	0	0	0	0.667	0.667	0.667	1.333	0	0	0	0	0
Danny_Kolb	3	3	0	0	0	0	0	0	0	0	0	0	0	0	0	0	0	0
Chris_Leroux	3	2	0	0	0	0	2	0	0	0	0	0	0	0	1	0	0	0
Brad_Lincoln	3	3	0	0	0	0	0	0	1	0	0	0	0	0	0	0	0	0
Radhames_Liz	3	3	2	0	0	0	2	0	0	0.667	0.667	0.667	1.333	0	0	0	0	0
Boone_Logan	3	2	2	1	0	0	1	1	0	1	1	1.5	2.5	0	0	1	0	0
John_Maine	3	3	2	2	0	0	0	0	0	0.667	0.667	1.333	2	0	0	0	0	0
Gary_Majewski	3	3	0	0	0	0	0	0	0	0	0	0	0	0	0	0	0	0
Mike_Maroth	3	3	1	0	0	0	0	0	0	0.333	0.333	0.333	0.667	0	0	0	0	0
Pedro_Martinez	3	3	1	0	0	0	0	0	1	0.333	0.333	0.333	0.667	0	0	0	0	0
Daniel_McCutchen	3	2	0	0	0	0	0	0	0	0	0.333	0	0.333	0	0	0	1	0
Collin_McHugh	3	3	1	0	0	0	0	0	2	0.333	0.333	0.333	0.667	0	0	0	0	0
Jim_Mecir	3	1	0	0	0	0	1	1	0	0	0.333	0	0.333	0	1	0	0	0
Dan_Meyer	3	3	2	0	0	0	1	0	1	0.667	0.667	0.667	1.333	0	0	0	0	0
Garrett_Mock	3	3	1	0	0	0	0	0	2	0.333	0.333	0.333	0.667	0	0	0	0	0
Bryan_Morris	3	3	0	0	0	0	0	0	1	0	0	0	0	0	0	0	0	0
Clayton_Mortensen	3	3	2	0	0	0	2	0	0	0.667	0.667	0.667	1.333	0	0	0	0	0
Damian_Moss	3	3	0	0	0	0	0	0	0	0	0	0	0	0	0	0	0	0
Mark_Mulder	3	2	2	0	0	0	1	1	0	1	1	1	2	0	0	1	0	0
Blaine_Neal	3	3	0	0	0	0	0	0	1	0	0	0	0	0	0	0	0	0
Justin_Nicolino	3	3	0	0	0	0	0	0	0	0	0	0	0	0	0	0	0	0
Fernando_Nieve	3	3	1	0	0	0	1	0	1	0.333	0.333	0.333	0.667	0	0	0	0	0
Ivan_Nova	3	3	1	0	0	0	0	0	1	0.333	0.333	0.333	0.667	0	0	0	0	0
Vladimir_Nunez	3	3	2	1	0	0	2	0	0	0.667	0.667	1	1.667	0	0	0	0	0
Darren_O'Day	3	3	0	0	0	0	0	0	1	0	0	0	0	0	0	0	0	0
Will_Ohman	3	3	1	0	0	0	0	0	1	0.333	0.333	0.333	0.667	0	0	0	0	0
Hideki_Okajima	3	3	1	1	0	0	0	0	2	0.333	0.333	0.667	1	0	0	0	0	0
Jarrod_Parker	3	3	0	0	0	0	0	0	1	0	0	0	0	0	0	0	0	0
Brad_Peacock	3	2	0	0	0	0	0	1	0	0	0.333	0	0.333	0	0	0	0	0
Tony_Pena	3	3	1	0	0	0	0	0	0	0.333	0.333	0.333	0.667	0	0	0	0	0
Chris_Perez	3	3	2	0	0	1	3	0	0	0.667	0.667	1.667	2.333	0	0	0	0	0
Jonathan_Pettibone	3	3	1	0	0	0	0	0	0	0.333	0.333	0.333	0.667	0	0	0	0	0
Rick_Porcello	3	3	0	0	0	0	0	0	0	0	0	0	0	0	0	0	0	0
Jose_Quintana	3	3	0	0	0	0	0	0	0	0	0	0	0	0	0	0	0	0
Chris_Ray	3	3	1	0	0	0	0	0	0	0.333	0.333	0.333	0.667	0	0	0	0	0
Robbie_Ray	3	3	1	1	0	0	0	0	0	0.333	0.333	0.667	1	0	0	0	0	0
Addison_Reed	3	3	0	0	0	0	0	0	2	0	0	0	0	0	0	0	0	0
Chad_Reineke	3	3	1	1	0	0	0	0	0	0.333	0.333	0.667	1	0	0	0	0	0
Anthony_Reyes	3	1	0	0	0	0	0	2	0	0	0.667	0	0.667	0	0	0	0	0
Jo-Jo_Reyes	3	2	1	0	0	0	0	1	0	0.5	0.667	0.5	1.167	0	0	0	0	0
Arthur_Rhodes	3	1	0	0	0	0	0	2	0	0	0.667	0	0.667	0	0	0	0	1
Garrett_Richards	3	3	0	0	0	0	0	0	1	0	0	0	0	0	0	0	0	0
Joe_Roa	3	3	1	0	0	0	1	0	0	0.333	0.333	0.333	0.667	0	0	0	0	0
Willis_Roberts	3	2	0	0	0	0	0	0	1	0	0	0	0	1	0	0	0	0
David_Robertson	3	2	0	0	0	0	0	1	2	0	0.333	0	0.333	0	0	0	0	0
Jeriome_Robertson	3	3	2	1	0	0	0	0	1	0.667	0.667	1	1.667	0	0	0	0	0
Fernando_Rodney	3	2	1	0	1	0	2	0	0	0.5	0.667	1.5	2.167	0	0	0	1	0
Carlos_Rodon	3	1	0	0	0	0	0	2	1	0	0.667	0	0.667	0	0	0	0	0
Henry_Rodriguez	3	2	0	0	0	0	0	0	0	0	0.333	0	0.333	0	0	0	1	0
Ricky_Romero	3	2	0	0	0	0	1	0	1	0	0	0	0	0	1	0	0	0
Marc_Rzepczynski	3	3	0	0	0	0	0	0	1	0	0	0	0	0	0	0	0	0
Kirk_Saarloos	3	3	2	1	0	0	1	0	0	0.667	0.667	1	1.667	0	0	0	0	0
Rob_Scahill	3	3	0	0	0	0	0	0	0	0	0	0	0	0	0	0	0	0
Tanner_Scheppers	3	3	1	0	0	0	0	0	0	0.333	0.333	0.333	0.667	0	0	0	0	0
Brian_Schlitter	3	3	0	0	0	0	0	0	0	0	0	0	0	0	0	0	0	0
Jason_Simontacchi	3	3	0	0	0	0	0	0	0	0	0	0	0	0	0	0	0	0
Will_Smith	3	2	0	0	0	0	0	1	1	0	0.333	0	0.333	0	0	1	0	0
Henry_Sosa	3	2	1	0	0	0	0	1	1	0.5	0.667	0.5	1.167	0	0	0	0	0
Russ_Springer	3	3	1	1	0	0	0	0	1	0.333	0.333	0.667	1	0	0	0	0	0
Scott_Stewart	3	3	2	2	0	0	0	0	0	0.667	0.667	1.333	2	0	0	0	0	0
Ricky_Stone	3	3	2	0	0	0	0	0	0	0.667	0.667	0.667	1.333	0	0	0	0	0
Junichi_Tazawa	3	3	1	1	0	0	0	0	0	0.333	0.333	0.667	1	0	0	0	0	0
Michael_Tejera	3	3	1	0	0	1	1	0	1	0.333	0.333	1.333	1.667	0	0	0	0	0
Brad_Thompson	3	2	0	0	0	0	0	0	0	0	0.333	0	0.333	0	0	0	1	0
Matt_Thornton	3	2	0	0	0	0	1	1	0	0	0.333	0	0.333	0	0	0	0	0
Mike_Timlin	3	2	1	1	0	0	0	1	0	0.5	0.667	1	1.667	0	0	0	0	0
Chin-hui_Tsao	3	3	1	0	0	1	1	0	1	0.333	0.333	1.333	1.667	0	0	0	0	0
T.J._Tucker	3	3	1	0	0	0	1	0	0	0.333	0.333	0.333	0.667	0	0	0	0	0
Todd_Van_Poppel	3	3	1	0	0	0	0	0	0	0.333	0.333	0.333	0.667	0	0	0	0	0
Esmerling_Vasquez	3	3	0	0	0	0	0	0	0	0	0	0	0	0	0	0	0	0
Yordano_Ventura	3	3	0	0	0	0	0	0	2	0	0	0	0	0	0	0	0	0
Drew_VerHagen	3	3	2	0	0	0	2	0	0	0.667	0.667	0.667	1.333	0	0	0	0	0
Arodys_Vizcaino	3	3	0	0	0	0	0	0	0	0	0	0	0	0	0	0	0	0
Ryan_Webb	3	3	1	1	0	0	0	0	0	0.333	0.333	0.667	1	0	0	0	0	0
Todd_Wellemeyer	3	2	0	0	0	0	0	1	1	0	0.333	0	0.333	0	0	0	0	1
Rick_White	3	3	0	0	0	0	0	0	1	0	0	0	0	0	0	0	0	0
David_Williams	3	2	0	0	0	0	1	0	0	0	0	0	0	0	1	0	0	1
Rob_Wooten	3	3	0	0	0	0	0	0	1	0	0	0	0	0	0	0	0	0
Jason_Young	3	3	0	0	0	0	0	0	1	0	0	0	0	0	0	0	0	0
Charlie_Zink	3	3	3	1	0	0	1	0	0	1	1	1.333	2.333	0	0	0	0	0
Manny_Acosta	2	1	1	0	0	0	0	1	0	1	1	1	2	0	0	0	0	0
Matt_Albers	2	2	1	0	0	0	0	0	0	0.5	0.5	0.5	1	0	0	0	0	0
Jason_Anderson	2	2	2	0	0	1	2	0	0	1	1	2.5	3.5	0	0	0	0	0
Kevin_Appier	2	2	2	1	0	0	0	0	0	1	1	1.5	2.5	0	0	0	0	0
Greg_Aquino	2	2	0	0	0	0	0	0	0	0	0	0	0	0	0	0	0	0
Alberto_Arias	2	2	1	0	0	0	0	0	1	0.5	0.5	0.5	1	0	0	0	0	0
Scott_Atchison	2	1	0	0	0	0	0	0	0	0	0.5	0	0.5	0	0	0	1	0
Dylan_Axelrod	2	2	1	0	0	0	0	0	0	0.5	0.5	0.5	1	0	0	0	0	0
John_Bale	2	1	0	0	0	0	0	1	0	0	0.5	0	0.5	0	0	0	0	0
Joe_Beimel	2	2	0	0	0	0	1	0	0	0	0	0	0	0	0	0	0	0
Ronald_Belisario	2	2	0	0	0	0	0	0	1	0	0	0	0	0	0	0	0	0
Jose_Berrios	2	2	0	0	0	0	0	0	1	0	0	0	0	0	0	0	0	0
Rocky_Biddle	2	1	0	0	0	0	0	1	0	0	0.5	0	0.5	0	0	0	0	0
Ricky_Bottalico	2	2	0	0	0	0	0	0	1	0	0	0	0	0	0	0	0	0
Zach_Braddock	2	2	1	1	0	0	1	0	0	0.5	0.5	1	1.5	0	0	0	0	0
Yhency_Brazoban	2	2	1	0	0	0	0	0	0	0.5	0.5	0.5	1	0	0	0	0	0
Chris_Britton	2	2	0	0	0	0	0	0	1	0	0	0	0	0	0	0	0	0
Lance_Broadway	2	2	0	0	0	0	0	0	0	0	0	0	0	0	0	0	0	0
Rex_Brothers	2	2	0	0	0	0	0	0	0	0	0	0	0	0	0	0	0	0
Jim_Brower	2	2	1	1	0	0	0	0	1	0.5	0.5	1	1.5	0	0	0	0	0
Brooks_Brown	2	1	1	0	0	0	1	1	0	1	1	1	2	0	0	0	0	0
Brian_Bruney	2	2	1	0	0	0	0	0	1	0.5	0.5	0.5	1	0	0	0	0	0
Taylor_Buchholz	2	2	1	0	0	0	0	0	0	0.5	0.5	0.5	1	0	0	0	0	0
Ryan_Bukvich	2	1	0	0	0	0	0	1	0	0	0.5	0	0.5	0	0	0	0	0
Buddy_Carlyle	2	1	0	0	0	0	0	1	0	0	0.5	0	0.5	0	0	0	0	0
Drew_Carpenter	2	2	1	0	0	0	0	0	1	0.5	0.5	0.5	1	0	0	0	0	0
Randy_Choate	2	2	2	0	0	1	1	0	0	1	1	2.5	3.5	0	0	0	0	0
Alex_Cobb	2	1	0	0	0	0	0	1	0	0	0.5	0	0.5	0	0	0	0	0
Phil_Coke	2	2	0	0	0	0	0	0	0	0	0	0	0	0	0	0	0	0
Adam_Conley	2	2	0	0	0	0	0	0	0	0	0	0	0	0	0	0	0	0
Chad_Cordero	2	1	0	0	0	0	0	1	1	0	0.5	0	0.5	0	0	0	0	0
Lance_Cormier	2	2	0	0	0	0	1	0	0	0	0	0	0	0	0	0	0	0
Manny_Corpas	2	2	1	1	0	0	0	0	0	0.5	0.5	1	1.5	0	0	0	0	0
Jesse_Crain	2	2	0	0	0	0	0	0	0	0	0	0	0	0	0	0	0	0
Aaron_Crow	2	2	1	0	0	0	0	0	0	0.5	0.5	0.5	1	0	0	0	0	0
Omar_Daal	2	2	0	0	0	0	0	0	0	0	0	0	0	0	0	0	0	0
Jason_Davis	2	0	0	0	0	0	0	2	0	0	1	0	0	0	0	0	0	0
Rubby_De_La_Rosa	2	2	0	0	0	0	0	0	1	0	0	0	0	0	0	0	0	0
Valerio_De_Los_Santos	2	2	0	0	0	0	0	0	1	0	0	0	0	0	0	0	0	0
Enerio_Del_Rosario	2	2	0	0	0	0	0	0	2	0	0	0	0	0	0	0	0	0
Scott_Diamond	2	2	1	0	0	1	1	0	0	0.5	0.5	2	2.5	0	0	0	0	0
Jairo_Diaz	2	2	1	0	0	0	0	0	1	0.5	0.5	0.5	1	0	0	0	0	0
Scott_Dohmann	2	2	0	0	0	0	0	0	0	0	0	0	0	0	0	0	0	0
Brendan_Donnelly	2	2	0	0	0	0	0	0	1	0	0	0	0	0	0	0	0	0
Darren_Dreifort	2	2	2	0	0	0	1	0	0	1	1	1	2	0	0	0	0	0
Sam_Dyson	2	2	1	0	0	0	0	0	0	0.5	0.5	0.5	1	0	0	0	0	0
Roenis_Elias	2	2	1	1	0	0	1	0	0	0.5	0.5	1	1.5	0	0	0	0	0
Keith_Foulke	2	2	1	1	0	0	0	0	1	0.5	0.5	1	1.5	0	0	0	0	0
Frank_Francisco	2	2	1	0	0	0	0	0	0	0.5	0.5	0.5	1	0	0	0	0	0
Luis_Garcia	2	1	0	0	0	0	0	1	1	0	0.5	0	0.5	0	0	0	0	0
Cory_Gearrin	2	2	0	0	0	0	0	0	1	0	0	0	0	0	0	0	0	0
Chris_George	2	2	0	0	0	0	0	0	0	0	0	0	0	0	0	0	0	0
Kyle_Gibson	2	2	0	0	0	0	0	0	1	0	0	0	0	0	0	0	0	0
Matt_Ginter	2	2	0	0	0	0	0	0	0	0	0	0	0	0	0	0	0	0
Zack_Godley	2	2	1	0	0	0	0	0	1	0.5	0.5	0.5	1	0	0	0	0	0
Jeanmar_Gomez	2	2	0	0	0	0	0	0	0	0	0	0	0	0	0	0	0	0
Andrew_Good	2	2	1	0	0	0	0	0	0	0.5	0.5	0.5	1	0	0	0	0	0
Mike_Gosling	2	2	0	0	0	0	0	0	0	0	0	0	0	0	0	0	0	0
J.R._Graham	2	2	0	0	0	0	0	0	2	0	0	0	0	0	0	0	0	0
Justin_Grimm	2	2	0	0	0	0	0	0	2	0	0	0	0	0	0	0	0	0
Luther_Hackman	2	1	0	0	0	0	0	1	0	0	0.5	0	0.5	0	0	0	0	0
John_Halama	2	2	1	1	0	0	0	0	0	0.5	0.5	1	1.5	0	0	0	0	0
Tim_Harikkala	2	2	0	0	0	0	0	0	0	0	0	0	0	0	0	0	0	0
Will_Harris	2	2	0	0	0	0	0	0	1	0	0	0	0	0	0	0	0	0
Andrew_Heaney	2	2	1	0	0	1	2	0	0	0.5	0.5	2	2.5	0	0	0	0	0
Liam_Hendriks	2	2	1	0	0	0	0	0	0	0.5	0.5	0.5	1	0	0	0	0	0
Pedro_Hernandez	2	2	1	0	1	0	0	0	0	0.5	0.5	1.5	2	0	0	0	0	0
David_Herndon	2	1	1	1	0	0	0	1	0	1	1	2	3	0	0	0	0	0
Danny_Herrera	2	2	0	0	0	0	0	0	0	0	0	0	0	0	0	0	0	0
Chris_Heston	2	2	1	0	0	0	1	0	1	0.5	0.5	0.5	1	0	0	0	0	0
Sterling_Hitchcock	2	2	0	0	0	0	1	0	0	0	0	0	0	0	0	0	0	0
J.P._Howell	2	1	1	0	0	1	1	1	0	1	1	4	5	0	0	0	0	0
Jon_Huber	2	2	0	0	0	0	0	0	1	0	0	0	0	0	0	0	0	0
Zach_Jackson	2	2	0	0	0	0	1	0	1	0	0	0	0	0	0	0	0	0
Jason_Jennings	2	2	0	0	0	0	0	0	1	0	0	0	0	0	0	0	0	0
Alan_Johnson	2	2	0	0	0	0	0	0	1	0	0	0	0	0	0	0	0	1
Todd_Jones	2	2	1	0	1	0	2	0	0	0.5	0.5	1.5	2	0	0	0	0	0
Jimmy_Journell	2	2	0	0	0	0	0	0	1	0	0	0	0	0	0	0	0	0
Jorge_Julio	2	2	1	0	0	0	0	0	0	0.5	0.5	0.5	1	0	0	0	0	0
Tommy_Kahnle	2	2	0	0	0	0	0	0	0	0	0	0	0	0	0	0	0	0
Bobby_Keppel	2	2	0	0	0	0	0	0	0	0	0	0	0	0	0	0	0	0
Mike_Kickham	2	2	1	0	0	1	2	0	1	0.5	0.5	2	2.5	0	0	0	0	0
Brooks_Kieschnick	2	1	1	1	0	0	0	0	0	1	1	2	3	0	0	0	1	0
Ray_King	2	2	1	1	0	0	0	0	0	0.5	0.5	1	1.5	0	0	0	0	0
Michael_Kohn	2	2	0	0	0	0	0	0	0	0	0	0	0	0	0	0	0	0
Hung-Chih_Kuo	2	2	1	0	0	0	0	0	1	0.5	0.5	0.5	1	0	0	0	0	0
Dominic_Leone	2	2	0	0	0	0	0	0	1	0	0	0	0	0	0	0	0	0
Pedro_Liriano	2	1	1	0	0	1	4	0	0	1	1	4	5	1	0	0	0	0
Michael_Lorenzen	2	2	2	1	1	0	1	0	0	1	1	2.5	3.5	0	0	0	0	0
Noah_Lowry	2	2	1	1	0	0	0	0	0	0.5	0.5	1	1.5	0	0	0	0	1
Jean_Machi	2	2	0	0	0	0	0	0	1	0	0	0	0	0	0	0	0	0
Josias_Manzanillo	2	2	0	0	0	0	0	0	1	0	0	0	0	0	0	0	0	0
Damaso_Marte	2	1	1	0	0	1	4	0	0	1	1	4	5	0	0	0	1	0
Carlos_Martinez	2	1	0	0	0	0	0	1	1	0	0.5	0	0.5	0	0	0	0	0
Mike_Matthews	2	2	2	1	0	0	1	0	0	1	1	1.5	2.5	0	0	0	0	0
Vin_Mazzaro	2	2	0	0	0	0	0	0	1	0	0	0	0	0	0	0	0	0
Kent_Mercker	2	1	0	0	0	0	0	1	0	0	0.5	0	0.5	0	0	0	0	0
Rafael_Montero	2	1	1	0	0	0	0	1	0	1	1	1	2	0	0	0	0	0
Orber_Moreno	2	2	0	0	0	0	0	0	1	0	0	0	0	0	0	0	0	0
Adam_Morgan	2	2	1	1	0	0	0	0	0	0.5	0.5	1	1.5	0	0	0	0	0
Kevin_Mulvey	2	2	2	0	0	1	1	0	0	1	1	2.5	3.5	0	0	0	0	0
Peter_Munro	2	2	0	0	0	0	1	0	0	0	0	0	0	0	0	0	0	0
Jeff_Niemann	2	1	1	0	0	0	0	0	0	1	1	1	2	0	0	0	1	0
Sean_Nolin	2	2	0	0	0	0	0	0	0	0	0	0	0	0	0	0	0	0
Jordan_Norberto	2	2	1	1	0	0	1	0	0	0.5	0.5	1	1.5	0	0	0	0	0
Phil_Norton	2	1	0	0	0	0	0	1	0	0	0.5	0	0.5	0	0	0	0	1
Roberto_Novoa	2	1	0	0	0	0	0	1	1	0	0.5	0	0.5	0	0	0	0	0
Alexi_Ogando	2	2	0	0	0	0	0	0	1	0	0	0	0	0	0	0	0	0
Dan_Otero	2	2	0	0	0	0	0	0	1	0	0	0	0	0	0	0	0	0
Akinori_Otsuka	2	2	0	0	0	0	0	0	0	0	0	0	0	0	0	0	0	0
John_Patterson	2	2	0	0	0	0	0	0	0	0	0	0	0	0	0	0	0	0
James_Paxton	2	2	1	0	0	0	1	0	1	0.5	0.5	0.5	1	0	0	0	0	0
Luis_Perdomo	2	2	0	0	0	0	0	0	0	0	0	0	0	0	0	0	0	0
Travis_Phelps	2	2	1	0	0	0	1	0	1	0.5	0.5	0.5	1	0	0	0	0	0
Drew_Pomeranz	2	1	0	0	0	0	0	0	1	0	0.5	0	0.5	0	0	0	1	0
Zach_Putnam	2	2	0	0	0	0	0	0	2	0	0	0	0	0	0	0	0	0
Kevin_Quackenbush	2	2	1	0	0	0	0	0	1	0.5	0.5	0.5	1	0	0	0	0	0
J.C._Ramirez	2	1	1	0	0	0	0	1	0	1	1	1	2	0	0	1	0	0
Neil_Ramirez	2	1	0	0	0	0	0	1	0	0	0.5	0	0.5	0	0	0	0	0
Cesar_Ramos	2	2	2	0	0	1	1	0	0	1	1	2.5	3.5	0	0	0	0	0
Steve_Randolph	2	2	0	0	0	0	0	0	0	0	0	0	0	0	0	0	0	0
Steve_Reed	2	2	0	0	0	0	0	0	0	0	0	0	0	0	0	0	0	0
Chris_Reitsma	2	2	1	0	0	0	0	0	1	0.5	0.5	0.5	1	0	0	0	0	0
Sendy_Rleal	2	1	1	0	0	1	2	1	0	1	1	4	5	0	0	0	0	0
Hansel_Robles	2	2	0	0	0	0	0	0	0	0	0	0	0	0	0	0	0	0
Paco_Rodriguez	2	2	1	0	0	0	0	0	1	0.5	0.5	0.5	1	0	0	0	0	0
Chaz_Roe	2	2	0	0	0	0	0	0	2	0	0	0	0	0	0	0	0	0
Seth_Rosin	2	2	0	0	0	0	0	0	1	0	0	0	0	0	0	0	0	0
B.J._Ryan	2	1	1	0	1	0	0	1	0	1	1	3	4	0	0	1	0	0
Keyvius_Sampson	2	2	1	1	0	0	1	0	0	0.5	0.5	1	1.5	0	0	0	0	1
Dennis_Sarfate	2	2	1	0	0	0	0	0	0	0.5	0.5	0.5	1	0	0	0	0	0
Travis_Schlichting	2	1	0	0	0	0	1	0	0	0	0	0	0	0	1	0	0	0
Matt_Shoemaker	2	2	0	0	0	0	0	0	0	0	0	0	0	0	0	0	0	0
Chasen_Shreve	2	2	1	0	0	0	0	0	1	0.5	0.5	0.5	1	0	0	0	0	0
Paul_Shuey	2	2	2	0	0	0	0	0	0	1	1	1	2	0	0	0	0	0
Walter_Silva	2	2	1	0	0	0	0	0	0	0.5	0.5	0.5	1	0	0	0	0	0
Shae_Simmons	2	2	1	0	0	0	0	0	1	0.5	0.5	0.5	1	0	0	0	0	0
Layne_Somsen	2	2	1	0	0	1	2	0	1	0.5	0.5	2	2.5	0	0	0	0	0
Andy_Sonnanstine	2	2	0	0	0	0	0	0	1	0	0	0	0	0	0	0	0	0
Jorge_Sosa	2	2	0	0	0	0	0	0	0	0	0	0	0	0	0	0	0	0
Mike_Stanton	2	1	0	0	0	0	0	1	0	0	0.5	0	0.5	0	0	0	0	0
Hisanori_Takahashi	2	2	1	0	0	0	2	0	0	0.5	0.5	0.5	1	0	0	0	0	0
Jack_Taschner	2	2	1	0	0	0	1	0	0	0.5	0.5	0.5	1	0	0	0	0	0
Jess_Todd	2	2	2	0	0	0	0	0	0	1	1	1	2	0	0	0	0	0
Michael_Tonkin	2	2	0	0	0	0	0	0	1	0	0	0	0	0	0	0	0	0
Carlos_Torres	2	2	1	1	0	0	1	0	0	0.5	0.5	1	1.5	0	0	0	0	1
Derrick_Turnbow	2	2	0	0	0	0	0	0	1	0	0	0	0	0	0	0	0	0
Jonny_Venters	2	2	0	0	0	0	0	0	1	0	0	0	0	0	0	0	0	0
Ron_Villone	2	2	1	0	0	0	1	0	1	0.5	0.5	0.5	1	0	0	0	0	0
Ryan_Wagner	2	1	1	0	0	0	0	1	0	1	1	1	2	0	0	0	0	0
Jamie_Walker	2	2	0	0	0	0	0	0	1	0	0	0	0	0	0	0	0	0
Tyler_Walker	2	1	0	0	0	0	0	1	1	0	0.5	0	0.5	0	0	0	0	0
Chris_Waters	2	2	1	0	0	0	0	0	0	0.5	0.5	0.5	1	0	0	0	0	0
Justin_Wilson	2	2	1	0	0	0	0	0	1	0.5	0.5	0.5	1	0	0	0	0	0
Chris_Withrow	2	2	0	0	0	0	0	0	2	0	0	0	0	0	0	0	0	0
Chris_Young	2	2	1	0	0	0	0	0	0	0.5	0.5	0.5	1	0	0	0	0	0
Joel_Zumaya	2	2	0	0	0	0	1	0	0	0	0	0	0	0	0	0	0	0
Austin_Adams	1	1	1	0	0	0	0	0	0	1	1	1	2	0	0	0	0	0
Nathan_Adcock	1	1	1	0	0	0	0	0	0	1	1	1	2	0	0	0	0	0
Jon_Adkins	1	1	0	0	0	0	0	0	0	0	0	0	0	0	0	0	0	0
Edwin_Almonte	1	1	1	1	0	0	0	0	0	1	1	2	3	0	0	0	0	0
R.J._Alvarez	1	1	0	0	0	0	0	0	0	0	0	0	0	0	0	0	0	0
Pedro_Baez	1	1	0	0	0	0	0	0	0	0	0	0	0	0	0	0	0	0
Collin_Balester	1	1	0	0	0	0	0	0	1	0	0	0	0	0	0	0	0	0
Daniel_Bard	1	0	0	0	0	0	0	1	0	0	1	0	0	0	0	1	0	0
Matt_Barnes	1	1	0	0	0	0	0	0	1	0	0	0	0	0	0	0	0	0
Rick_Bauer	1	0	0	0	0	0	0	1	0	0	1	0	0	0	0	0	0	0
Yorman_Bazardo	1	1	0	0	0	0	0	0	0	0	0	0	0	0	0	0	0	0
T.J._Beam	1	1	0	0	0	0	0	0	0	0	0	0	0	0	0	0	0	0
Pedro_Beato	1	1	0	0	0	0	0	0	0	0	0	0	0	0	0	0	0	0
Rod_Beck	1	1	0	0	0	0	0	0	0	0	0	0	0	0	0	0	0	0
Dallas_Beeler	1	0	0	0	0	0	0	1	0	0	1	0	0	0	0	0	0	0
Chad_Bentz	1	1	0	0	0	0	0	0	0	0	0	0	0	0	0	0	0	0
Randor_Bierd	1	1	1	1	0	0	0	0	0	1	1	2	3	0	0	0	0	0
Kurt_Birkins	1	0	0	0	0	0	0	1	0	0	1	0	0	0	0	0	0	0
Eddie_Bonine	1	1	0	0	0	0	0	0	0	0	0	0	0	0	0	0	0	0
Pedro_Borbon	1	1	0	0	0	0	0	0	0	0	0	0	0	0	0	0	0	0
Dave_Borkowski	1	1	0	0	0	0	0	0	0	0	0	0	0	0	0	0	0	1
Toby_Borland	1	1	0	0	0	0	0	0	1	0	0	0	0	0	0	0	0	0
Jason_Boyd	1	1	0	0	0	0	0	0	0	0	0	0	0	0	0	0	0	0
Matt_Boyd	1	0	0	0	0	0	0	1	0	0	1	0	0	0	0	0	0	0
Silvino_Bracho	1	1	0	0	0	0	0	0	1	0	0	0	0	0	0	0	0	0
Ryan_Braun	1	1	0	0	0	0	0	0	0	0	0	0	0	0	0	0	0	0
Bill_Bray	1	1	0	0	0	0	0	0	0	0	0	0	0	0	0	0	0	0
Craig_Breslow	1	0	0	0	0	0	0	1	0	0	1	0	0	0	0	0	0	0
Zach_Britton	1	1	1	0	0	0	0	0	0	1	1	1	2	0	0	0	0	0
Doug_Brocail	1	1	0	0	0	0	0	0	1	0	0	0	0	0	0	0	0	0
Aaron_Brooks	1	1	1	1	0	0	0	0	0	1	1	2	3	0	0	0	0	0
Jake_Buchanan	1	1	0	0	0	0	0	0	0	0	0	0	0	0	0	0	0	0
Kirk_Bullinger	1	1	1	0	0	0	0	0	0	1	1	1	2	0	0	0	0	0
Dave_Burba	1	1	1	0	0	0	1	0	0	1	1	1	2	0	0	0	0	0
Enrique_Burgos	1	1	0	0	0	0	0	0	0	0	0	0	0	0	0	0	0	0
Greg_Burke	1	1	0	0	0	0	0	0	0	0	0	0	0	0	0	0	0	0
Alex_Burnett	1	1	0	0	0	0	0	0	0	0	0	0	0	0	0	0	0	0
Mike_Burns	1	1	0	0	0	0	0	0	0	0	0	0	0	0	0	0	0	0
Mike_Bynum	1	1	0	0	0	0	0	0	1	0	0	0	0	0	0	0	0	0
Alberto_Cabrera	1	1	0	0	0	0	0	0	0	0	0	0	0	0	0	0	0	0
Kevin_Cameron	1	0	0	0	0	0	0	1	0	0	1	0	0	0	0	0	0	0
Carter_Capps	1	1	0	0	0	0	0	0	0	0	0	0	0	0	0	0	0	0
Matt_Capps	1	1	0	0	0	0	0	0	0	0	0	0	0	0	0	0	0	0
Hector_Carrasco	1	0	0	0	0	0	0	0	0	0	1	0	0	0	0	0	1	0
Xavier_Cedeno	1	1	0	0	0	0	0	0	1	0	0	0	0	0	0	0	0	0
Jaime_Cerda	1	0	0	0	0	0	0	1	0	0	1	0	0	0	0	0	0	0
Juan_Cerros	1	1	1	0	0	0	1	0	0	1	1	1	2	0	0	0	0	0
Jesse_Chavez	1	1	0	0	0	0	0	0	0	0	0	0	0	0	0	0	0	0
Rocky_Cherry	1	1	1	0	0	0	0	0	0	1	1	1	2	0	0	0	0	0
Jason_Christiansen	1	1	0	0	0	0	0	0	0	0	0	0	0	0	0	0	0	0
Vinnie_Chulk	1	1	0	0	0	0	0	0	0	0	0	0	0	0	0	0	0	0
Louis_Coleman	1	1	0	0	0	0	0	0	0	0	0	0	0	0	0	0	0	0
Tim_Collins	1	1	1	1	0	0	0	0	0	1	1	2	3	0	0	0	0	0
Jesus_Colome	1	1	1	0	0	0	0	0	0	1	1	1	2	0	0	0	0	0
Roman_Colon	1	1	0	0	0	0	0	0	0	0	0	0	0	0	0	0	0	0
Ryan_Cook	1	1	1	0	0	0	1	0	0	1	1	1	2	0	0	0	0	0
Mark_Corey	1	1	0	0	0	0	0	0	0	0	0	0	0	0	0	0	0	0
David_Cortes	1	1	1	0	0	0	0	0	0	1	1	1	2	0	0	0	0	0
Michael_Crotta	1	1	0	0	0	0	0	0	0	0	0	0	0	0	0	0	0	0
Will_Cunnane	1	1	1	0	0	0	0	0	0	1	1	1	2	0	0	0	0	0
Chris_Davis	1	1	0	0	0	0	0	0	0	0	0	0	0	0	0	0	0	0
Erik_Davis	1	0	0	0	0	0	0	1	0	0	1	0	0	0	0	0	0	0
Joey_Dawley	1	1	0	0	0	0	0	0	0	0	0	0	0	0	0	0	0	0
Frankie_De_La_Cruz	1	1	1	0	0	0	1	0	0	1	1	1	2	0	0	0	0	0
Eury_De_La_Rosa	1	1	0	0	0	0	0	0	0	0	0	0	0	0	0	0	0	0
Jaff_Decker	1	1	1	1	0	0	0	0	0	1	1	2	3	0	0	0	0	0
Steve_Delabar	1	1	0	0	0	0	0	0	0	0	0	0	0	0	0	0	0	0
Sam_Demel	1	1	1	1	0	0	1	0	0	1	1	2	3	0	0	0	0	0
Julio_DePaula	1	1	0	0	0	0	0	0	0	0	0	0	0	0	0	0	0	0
Joey_Devine	1	1	0	0	0	0	0	0	1	0	0	0	0	0	0	0	0	0
Jumbo_Diaz	1	1	0	0	0	0	0	0	0	0	0	0	0	0	0	0	0	0
Jake_Diekman	1	1	1	1	0	0	0	0	0	1	1	2	3	0	0	0	0	0
Tim_Dillard	1	1	0	0	0	0	0	0	1	0	0	0	0	0	0	0	0	0
Craig_Dingman	1	1	0	0	0	0	0	0	1	0	0	0	0	0	0	0	0	0
Freddy_Dolsi	1	1	0	0	0	0	0	0	0	0	0	0	0	0	0	0	0	0
Tim_Drew	1	1	1	0	0	1	3	0	0	1	1	4	5	0	0	0	0	0
Ryan_Dull	1	0	0	0	0	0	1	0	0	0	0	0	0	0	1	0	0	0
Jake_Dunning	1	1	1	0	0	1	4	0	0	1	1	4	5	0	0	0	0	0
Steve_Edlefsen	1	1	0	0	0	0	0	0	0	0	0	0	0	0	0	0	0	0
Joey_Eischen	1	1	0	0	0	0	0	0	1	0	0	0	0	0	0	0	0	0
Leo_Estrella	1	1	0	0	0	0	0	0	0	0	0	0	0	0	0	0	0	0
Michael_Feliz	1	1	0	0	0	0	0	0	0	0	0	0	0	0	0	0	0	0
Josh_Fields	1	1	0	0	0	0	0	0	0	0	0	0	0	0	0	0	0	0
Alfredo_Figaro	1	1	0	0	0	0	0	0	0	0	0	0	0	0	0	0	0	0
Pedro_Figueroa	1	1	1	0	0	1	1	0	0	1	1	4	5	0	0	0	0	0
Sam_Freeman	1	1	0	0	0	0	0	0	0	0	0	0	0	0	0	0	0	0
Kyuji_Fujikawa	1	1	0	0	0	0	0	0	1	0	0	0	0	0	0	0	0	0
Eric_Gagne	1	1	0	0	0	0	0	0	0	0	0	0	0	0	0	0	0	0
Frank_Garces	1	0	0	0	0	0	0	1	0	0	1	0	0	0	0	0	0	0
Franklyn_German	1	0	0	0	0	0	0	1	0	0	1	0	0	0	0	0	0	0
Ken_Giles	1	1	0	0	0	0	0	0	1	0	0	0	0	0	0	0	0	0
Gary_Glover	1	1	0	0	0	0	0	0	0	0	0	0	0	0	0	0	0	0
Jimmy_Gobble	1	1	1	1	0	0	0	0	0	1	1	2	3	0	0	0	0	0
Mike_Gonzalez	1	1	0	0	0	0	0	0	1	0	0	0	0	0	0	0	0	0
Tom_Gordon	1	1	0	0	0	0	0	0	1	0	0	0	0	0	0	0	0	0
John_Grabow	1	1	1	0	0	0	0	0	0	1	1	1	2	0	0	0	0	0
Shane_Greene	1	1	0	0	0	0	0	0	0	0	0	0	0	0	0	0	0	0
Deolis_Guerra	1	1	0	0	0	0	0	0	1	0	0	0	0	0	0	0	0	0
Joey_Hamilton	1	1	0	0	0	0	0	0	1	0	0	0	0	0	0	0	0	0
Chris_Hammond	1	1	0	0	0	0	0	0	0	0	0	0	0	0	0	0	0	0
Tim_Hamulack	1	1	1	0	0	0	0	0	0	1	1	1	2	0	0	0	0	0
Josh_Hancock	1	1	1	0	0	0	0	0	0	1	1	1	2	0	0	0	0	0
Donovan_Hand	1	1	0	0	0	0	0	0	0	0	0	0	0	0	0	0	0	0
Craig_Hansen	1	1	1	0	0	0	1	0	0	1	1	1	2	0	0	0	0	0
Blaine_Hardy	1	1	0	0	0	0	0	0	0	0	0	0	0	0	0	0	0	0
Travis_Harper	1	1	0	0	0	0	0	0	0	0	0	0	0	0	0	0	0	0
Lucas_Harrell	1	1	0	0	0	0	0	0	0	0	0	0	0	0	0	0	0	0
Shigetoshi_Hasegawa	1	1	1	1	0	0	0	0	0	1	1	2	3	0	0	0	0	0
Dirk_Hayhurst	1	1	0	0	0	0	0	0	0	0	0	0	0	0	0	0	0	0
Bryan_Hebson	1	1	1	0	0	1	2	0	0	1	1	4	5	0	0	0	0	0
Heath_Hembree	1	0	0	0	0	0	0	1	0	0	1	0	0	0	0	0	0	0
Jim_Henderson	1	1	0	0	0	0	0	0	0	0	0	0	0	0	0	0	0	0
Clay_Hensley	1	1	0	0	0	0	0	0	0	0	0	0	0	0	0	0	0	0
Felix_Heredia	1	1	0	0	0	0	0	0	0	0	0	0	0	0	0	0	0	0
Taylor_Hill	1	1	0	0	0	0	0	0	0	0	0	0	0	0	0	0	0	1
Jim_Hoey	1	0	0	0	0	0	0	1	0	0	1	0	0	0	0	0	0	0
Joe_Horgan	1	1	0	0	0	0	0	0	0	0	0	0	0	0	0	0	0	0
Jeremy_Horst	1	1	0	0	0	0	0	0	0	0	0	0	0	0	0	0	0	0
Colt_Hynes	1	1	1	0	0	0	0	0	0	1	1	1	2	0	0	0	0	0
Ryota_Igarashi	1	1	1	1	0	0	1	0	0	1	1	2	3	0	0	0	0	0
Michael_Jackson	1	1	1	1	0	0	1	0	0	1	1	2	3	0	0	0	0	0
Bobby_Jenks	1	1	0	0	0	0	0	0	0	0	0	0	0	0	0	0	0	0
Cesar_Jimenez	1	1	1	0	0	0	0	0	0	1	1	1	2	0	0	0	0	0
Jose_Jimenez	1	1	0	0	0	0	0	0	1	0	0	0	0	0	0	0	0	0
Nate_Jones	1	1	0	0	0	0	0	0	0	0	0	0	0	0	0	0	0	0
Randy_Keisler	1	0	0	0	0	0	0	1	0	0	1	0	0	0	0	0	0	0
Steve_Kline	1	1	0	0	0	0	0	0	1	0	0	0	0	0	0	0	0	0
Shane_Komine	1	1	0	0	0	0	0	0	0	0	0	0	0	0	0	0	0	0
Satoru_Komiyama	1	1	0	0	0	0	0	0	0	0	0	0	0	0	0	0	0	0
Mike_Koplove	1	1	0	0	0	0	0	0	0	0	0	0	0	0	0	0	0	0
Bobby_Korecky	1	1	1	0	0	0	0	0	0	1	1	1	2	0	0	0	0	0
Masumi_Kuwata	1	1	0	0	0	0	0	0	0	0	0	0	0	0	0	0	0	0
Arnold_Leon	1	1	0	0	0	0	0	0	1	0	0	0	0	0	0	0	0	0
Al_Levine	1	1	0	0	0	0	0	0	0	0	0	0	0	0	0	0	0	0
Jon_Lieber	1	1	0	0	0	0	0	0	1	0	0	0	0	0	0	0	0	0
Kerry_Ligtenberg	1	1	0	0	0	0	0	0	0	0	0	0	0	0	0	0	0	0
Chang-Yong_Lim	1	0	0	0	0	0	0	1	0	0	1	0	0	0	0	0	0	0
Mike_Lincoln	1	1	0	0	0	0	0	0	0	0	0	0	0	0	0	0	0	0
Graeme_Lloyd	1	1	0	0	0	0	0	0	0	0	0	0	0	0	0	0	0	0
Ron_Mahay	1	1	0	0	0	0	0	0	0	0	0	0	0	0	0	0	0	0
Matt_Maloney	1	1	1	0	0	0	0	0	0	1	1	1	2	0	0	0	0	0
Julio_Manon	1	0	0	0	0	0	0	1	0	0	1	0	0	0	0	0	0	0
Evan_Marshall	1	1	1	1	0	0	0	0	0	1	1	2	3	0	0	0	0	0
Victor_Marte	1	1	0	0	0	0	0	0	0	0	0	0	0	0	0	0	0	0
Cody_Martin	1	1	0	0	0	0	0	0	0	0	0	0	0	0	0	0	0	0
Tom_Martin	1	1	0	0	0	0	0	0	1	0	0	0	0	0	0	0	0	0
Justin_Masterson	1	1	0	0	0	0	0	0	1	0	0	0	0	0	0	0	0	0
Tom_Mastny	1	1	1	0	1	0	3	0	0	1	1	3	4	0	0	0	0	0
Brandon_Maurer	1	1	0	0	0	0	0	0	0	0	0	0	0	0	0	0	0	0
Zach_McAllister	1	1	0	0	0	0	0	0	1	0	0	0	0	0	0	0	0	0
Marcus_McBeth	1	1	0	0	0	0	0	0	1	0	0	0	0	0	0	0	0	0
Brandon_Medders	1	1	1	1	0	0	2	0	0	1	1	2	3	0	0	0	0	0
Yoervis_Medina	1	1	1	0	0	0	0	0	0	1	1	1	2	0	0	0	0	0
Luis_Mendoza	1	0	0	0	0	0	0	1	0	0	1	0	0	0	0	0	0	0
Cla_Meredith	1	1	0	0	0	0	0	0	0	0	0	0	0	0	0	0	0	0
Jose_Mesa	1	1	0	0	0	0	0	0	0	0	0	0	0	0	0	0	0	0
Dan_Miceli	1	1	0	0	0	0	0	0	1	0	0	0	0	0	0	0	0	0
Kam_Mickolio	1	1	0	0	0	0	0	0	0	0	0	0	0	0	0	0	0	0
Jim_Miller	1	1	0	0	0	0	0	0	0	0	0	0	0	0	0	0	0	1
Justin_Miller	1	1	0	0	0	0	0	0	0	0	0	0	0	0	0	0	0	0
Trever_Miller	1	1	1	0	0	0	0	0	0	1	1	1	2	0	0	0	0	0
Carlos_Monasterios	1	1	0	0	0	0	0	0	1	0	0	0	0	0	0	0	0	0
Mike_Montgomery	1	1	0	0	0	0	0	0	1	0	0	0	0	0	0	0	0	0
Franklin_Morales	1	1	0	0	0	0	0	0	0	0	0	0	0	0	0	0	0	0
Peter_Moylan	1	1	0	0	0	0	0	0	0	0	0	0	0	0	0	0	0	0
Terry_Mulholland	1	1	0	0	0	0	0	0	0	0	0	0	0	0	0	0	0	0
Hector_Neris	1	1	0	0	0	0	0	0	0	0	0	0	0	0	0	0	0	0
Michael_Neu	1	1	1	0	0	0	0	0	0	1	1	1	2	0	0	0	0	0
Dustin_Nippert	1	0	0	0	0	0	0	1	0	0	1	0	0	0	0	0	0	0
C.J._Nitkowski	1	1	0	0	0	0	0	0	1	0	0	0	0	0	0	0	0	0
Hector_Noesi	1	0	0	0	0	0	0	1	0	0	1	0	0	0	0	0	0	0
Scott_Oberg	1	1	0	0	0	0	0	0	1	0	0	0	0	0	0	0	0	0
Kevin_Olsen	1	1	1	0	0	0	0	0	0	1	1	1	2	0	0	0	0	0
Joe_Ortiz	1	1	1	0	0	0	0	0	0	1	1	1	2	0	0	0	0	0
Blake_Parker	1	1	0	0	0	0	0	0	0	0	0	0	0	0	0	0	0	0
John_Parrish	1	1	0	0	0	0	0	0	1	0	0	0	0	0	0	0	0	0
Danny_Patterson	1	1	0	0	0	0	0	0	0	0	0	0	0	0	0	0	0	0
Troy_Patton	1	1	0	0	0	0	0	0	0	0	0	0	0	0	0	0	0	0
Josh_Pearce	1	1	0	0	0	0	0	0	0	0	0	0	0	0	0	0	0	0
Williams_Perez	1	0	0	0	0	0	0	1	0	0	1	0	0	0	0	0	0	0
Matt_Perisho	1	1	0	0	0	0	0	0	0	0	0	0	0	0	0	0	0	0
Ryan_Perry	1	1	1	1	0	0	0	0	0	1	1	2	3	0	0	0	0	0
Jake_Petricka	1	1	1	0	0	1	3	0	0	1	1	4	5	0	0	0	0	0
Tommy_Phelps	1	1	1	0	0	0	0	0	0	1	1	1	2	0	0	0	0	0
Joel_Pineiro	1	1	0	0	0	0	0	0	1	0	0	0	0	0	0	0	0	0
Renyel_Pinto	1	1	0	0	0	0	0	0	1	0	0	0	0	0	0	0	0	0
Scott_Proctor	1	0	0	0	0	0	0	1	0	0	1	0	0	0	0	0	0	0
Brandon_Puffer	1	1	0	0	0	0	0	0	0	0	0	0	0	0	0	0	0	1
Matt_Purke	1	1	0	0	0	0	0	0	0	0	0	0	0	0	0	0	0	1
Paul_Quantrill	1	1	1	0	0	1	1	0	0	1	1	4	5	0	0	0	0	0
Noe_Ramirez	1	1	1	0	0	0	0	0	0	1	1	1	2	0	0	0	0	0
Cory_Rasmus	1	1	0	0	0	0	0	0	1	0	0	0	0	0	0	0	0	0
Britt_Reames	1	1	1	0	0	0	0	0	0	1	1	1	2	0	0	0	0	0
Brian_Reith	1	1	0	0	0	0	0	0	1	0	0	0	0	0	0	0	0	0
Dennys_Reyes	1	1	0	0	0	0	0	0	0	0	0	0	0	0	0	0	0	0
Matt_Reynolds	1	1	0	0	0	0	0	0	0	0	0	0	0	0	0	0	0	0
Scott_Richmond	1	1	0	0	0	0	0	0	0	0	0	0	0	0	0	0	0	0
Jeff_Ridgway	1	1	1	0	0	1	1	0	0	1	1	4	5	0	0	0	0	0
Royce_Ring	1	1	0	0	0	0	0	0	0	0	0	0	0	0	0	0	0	0
Mariano_Rivera	1	1	0	0	0	0	0	0	0	0	0	0	0	0	0	0	0	0
Saul_Rivera	1	1	0	0	0	0	0	0	0	0	0	0	0	0	0	0	0	0
Grant_Roberts	1	1	1	0	1	0	0	0	0	1	1	3	4	0	0	0	0	0
Felix_Rodriguez	1	1	0	0	0	0	0	0	0	0	0	0	0	0	0	0	0	0
Francisco_Rodriguez	1	1	0	0	0	0	0	0	0	0	0	0	0	0	0	0	0	0
Rafael_Rodriguez	1	1	0	0	0	0	0	0	0	0	0	0	0	0	0	0	0	0
Ricardo_Rodriguez	1	1	0	0	0	0	0	0	0	0	0	0	0	0	0	0	0	0
Josh_Roenicke	1	1	0	0	0	0	0	0	1	0	0	0	0	0	0	0	0	0
Mark_Rogers	1	1	0	0	0	0	0	0	0	0	0	0	0	0	0	0	0	0
J.C._Romero	1	0	0	0	0	0	0	1	0	0	1	0	0	0	0	0	0	0
Bruce_Rondon	1	1	0	0	0	0	0	0	1	0	0	0	0	0	0	0	0	0
Sandy_Rosario	1	1	0	0	0	0	0	0	0	0	0	0	0	0	0	0	0	0
Zac_Rosscup	1	1	0	0	0	0	0	0	1	0	0	0	0	0	0	0	0	0
Dan_Runzler	1	1	1	0	0	0	0	0	0	1	1	1	2	0	0	0	0	0
Ryan_Rupe	1	1	1	0	0	1	1	0	0	1	1	4	5	0	0	0	0	0
Glendon_Rusch	1	1	0	0	0	0	0	0	0	0	0	0	0	0	0	0	0	0
Takashi_Saito	1	1	0	0	0	0	0	0	0	0	0	0	0	0	0	0	0	0
Juan_Salas	1	1	0	0	0	0	0	0	1	0	0	0	0	0	0	0	0	0
Brad_Salmon	1	1	1	0	0	0	1	0	0	1	1	1	2	0	0	0	0	0
Chris_Sampson	1	1	0	0	0	0	0	0	1	0	0	0	0	0	0	0	0	0
Julio_Santana	1	1	0	0	0	0	0	0	0	0	0	0	0	0	0	0	0	0
Sergio_Santos	1	1	0	0	0	0	0	0	1	0	0	0	0	0	0	0	0	0
Scott_Sauerbeck	1	1	1	1	0	0	0	0	0	1	1	2	3	0	0	0	0	0
Joe_Savery	1	1	1	1	0	0	1	0	0	1	1	2	3	0	0	0	0	0
Rudy_Seanez	1	1	0	0	0	0	0	0	0	0	0	0	0	0	0	0	0	0
Scott_Service	1	1	0	0	0	0	0	0	0	0	0	0	0	0	0	0	0	0
Brian_Shackelford	1	1	0	0	0	0	0	0	1	0	0	0	0	0	0	0	0	0
Bryan_Shaw	1	1	0	0	0	0	0	0	0	0	0	0	0	0	0	0	0	0
Jason_Shiell	1	1	0	0	0	0	0	0	1	0	0	0	0	0	0	0	0	0
Brian_Shouse	1	1	0	0	0	0	0	0	0	0	0	0	0	0	0	0	0	0
Jose_Silva	1	1	0	0	0	0	0	0	0	0	0	0	0	0	0	0	0	0
Allan_Simpson	1	1	0	0	0	0	0	0	1	0	0	0	0	0	0	0	0	0
Chris_Smith	1	0	0	0	0	0	0	1	0	0	1	0	0	0	0	0	0	0
Dan_Smith	1	1	1	0	0	0	1	0	0	1	1	1	2	0	0	0	0	0
Tim_Spooneybarger	1	1	0	0	0	0	0	0	1	0	0	0	0	0	0	0	0	0
Chris_Spurling	1	1	1	0	0	0	1	0	0	1	1	1	2	0	0	0	0	0
Zach_Stewart	1	1	0	0	0	0	0	0	0	0	0	0	0	0	0	0	0	0
Josh_Stinson	1	0	0	0	0	0	0	1	0	0	1	0	0	0	0	0	0	0
Brian_Stokes	1	1	0	0	0	0	0	0	0	0	0	0	0	0	0	0	0	0
Pat_Strange	1	1	1	0	0	0	0	0	0	1	1	1	2	0	0	0	0	0
Marcus_Stroman	1	1	0	0	0	0	0	0	0	0	0	0	0	0	0	0	0	0
Michael_Stutes	1	1	0	0	0	0	0	0	0	0	0	0	0	0	0	0	0	0
Scott_Sullivan	1	1	0	0	0	0	0	0	0	0	0	0	0	0	0	0	0	0
Taylor_Tankersley	1	1	0	0	0	0	0	0	0	0	0	0	0	0	0	0	0	0
Rob_Tejeda	1	0	0	0	0	0	1	0	0	0	0	0	0	0	1	0	0	0
Joe_Thatcher	1	1	1	0	0	0	0	0	0	1	1	1	2	0	0	0	0	0
Justin_Thomas	1	1	0	0	0	0	0	0	1	0	0	0	0	0	0	0	0	0
Alex_Torres	1	1	0	0	0	0	0	0	0	0	0	0	0	0	0	0	0	0
Ramon_Troncoso	1	1	0	0	0	0	0	0	0	0	0	0	0	0	0	0	0	0
Sam_Tuivailala	1	1	0	0	0	0	0	0	1	0	0	0	0	0	0	0	0	0
Raul_Valdes	1	1	0	0	0	0	0	0	1	0	0	0	0	0	0	0	0	0
Donnie_Veal	1	1	1	0	0	0	0	0	0	1	1	1	2	0	0	0	0	0
Pat_Venditte	1	1	0	0	0	0	0	0	0	0	0	0	0	0	0	0	0	0
Doug_Waechter	1	1	1	0	0	1	1	0	0	1	1	4	5	0	0	0	0	0
Pete_Walker	1	1	0	0	0	0	0	0	1	0	0	0	0	0	0	0	0	0
Josh_Wall	1	0	0	0	0	0	0	0	0	0	0	0	0	1	0	0	0	0
P.J._Walters	1	1	0	0	0	0	0	0	0	0	0	0	0	0	0	0	0	0
Wei-Chung_Wang	1	1	0	0	0	0	0	0	0	0	0	0	0	0	0	0	0	0
Adam_Warren	1	1	1	0	0	1	1	0	0	1	1	4	5	0	0	0	0	0
Ehren_Wassermann	1	1	1	0	0	0	0	0	0	1	1	1	2	0	0	0	0	0
Ben_Weber	1	1	0	0	0	0	0	0	1	0	0	0	0	0	0	0	0	0
Jared_Wells	1	1	0	0	0	0	0	0	0	0	0	0	0	0	0	0	0	0
Gabe_White	1	1	1	0	0	0	0	0	0	1	1	1	2	0	0	0	0	0
Joe_Wieland	1	1	0	0	0	0	0	0	0	0	0	0	0	0	0	0	0	0
Tom_Wilhelmsen	1	1	0	0	0	0	0	0	0	0	0	0	0	0	0	0	0	0
Randy_Williams	1	1	0	0	0	0	0	0	0	0	0	0	0	0	0	0	0	0
Todd_Williams	1	1	1	0	0	0	0	0	0	1	1	1	2	0	0	0	0	0
Scott_Williamson	1	1	0	0	0	0	0	0	1	0	0	0	0	0	0	0	0	0
Joe_Winkelsas	1	1	1	0	0	0	1	0	0	1	1	1	2	0	0	0	0	0
Brian_Wolfe	1	1	0	0	0	0	0	0	1	0	0	0	0	0	0	0	0	0
Blake_Wood	1	1	0	0	0	0	0	0	0	0	0	0	0	0	0	0	0	0
Jake_Woods	1	1	0	0	0	0	0	0	1	0	0	0	0	0	0	0	0	0
Tim_Worrell	1	1	0	0	0	0	0	0	0	0	0	0	0	0	0	0	0	0
Tyler_Yates	1	1	0	0	0	0	0	0	1	0	0	0	0	0	0	0	0	0
Tony_Zych	1	1	0	0	0	0	0	0	0	0	0	0	0	0	0	0	0	0
