CC_Sabathia	50	45	11	3	0	2	8	4	14	0.244	0.32	0.444	0.764	0	0	0	1	2
David_Price	48	44	10	2	0	2	3	4	24	0.227	0.292	0.409	0.701	0	0	0	0	1
Felix_Hernandez	45	39	8	3	0	2	4	6	14	0.205	0.311	0.436	0.747	0	0	0	0	0
C.J._Wilson	43	35	8	2	0	3	6	5	11	0.229	0.372	0.543	0.915	0	0	0	3	2
Justin_Verlander	40	34	10	1	0	2	6	6	10	0.294	0.4	0.5	0.9	0	0	0	0	0
Jason_Vargas	38	32	12	2	0	4	6	5	6	0.375	0.474	0.813	1.286	0	0	0	1	0
Jered_Weaver	37	32	11	2	0	3	4	5	7	0.344	0.432	0.688	1.12	0	0	0	0	0
Scott_Feldman	36	32	13	1	0	2	8	4	7	0.406	0.472	0.625	1.097	0	0	0	0	1
John_Danks	35	32	9	2	0	0	2	3	14	0.281	0.343	0.344	0.687	0	0	0	0	0
Chris_Tillman	35	29	8	2	0	1	5	5	10	0.276	0.371	0.448	0.82	0	1	0	0	0
Mark_Buehrle	31	27	7	2	0	1	2	3	7	0.259	0.323	0.444	0.767	0	1	0	0	0
James_Shields	30	28	8	1	0	1	4	2	11	0.286	0.333	0.429	0.762	0	0	0	0	1
R.A._Dickey	29	24	7	2	0	1	6	4	6	0.292	0.414	0.5	0.914	0	0	1	1	0
Roberto_Hernandez	29	27	7	1	0	1	3	2	7	0.259	0.31	0.407	0.718	0	0	0	0	1
Andy_Pettitte	28	23	9	2	0	0	0	5	7	0.391	0.5	0.478	0.978	0	0	0	0	0
Wei-Yin_Chen	26	23	5	1	0	3	5	3	6	0.217	0.308	0.652	0.96	0	0	0	0	2
Ervin_Santana	26	22	8	4	0	3	10	2	3	0.364	0.462	0.955	1.416	0	0	0	2	0
Cliff_Lee	25	19	5	1	0	1	2	4	6	0.263	0.44	0.474	0.914	0	0	1	2	0
Josh_Beckett	24	22	6	1	0	4	6	1	5	0.273	0.333	0.864	1.197	0	0	0	1	0
Jeremy_Guthrie	24	22	6	2	0	2	4	2	6	0.273	0.333	0.636	0.97	0	0	0	0	1
Justin_Masterson	24	21	6	0	0	1	5	3	5	0.286	0.375	0.429	0.804	0	0	0	0	0
Erik_Bedard	23	18	4	1	0	2	6	5	5	0.222	0.391	0.611	1.002	0	0	0	0	0
Brett_Cecil	23	18	3	0	0	1	3	5	7	0.167	0.348	0.333	0.681	0	0	0	0	0
Rick_Porcello	23	22	7	2	1	0	0	1	10	0.318	0.348	0.5	0.848	0	0	0	0	1
Doug_Fister	22	20	5	1	0	1	1	2	4	0.25	0.318	0.45	0.768	0	0	0	0	2
Scott_Kazmir	22	19	3	0	0	0	0	3	8	0.158	0.273	0.158	0.431	0	0	0	0	0
Kevin_Millwood	22	20	6	4	0	1	4	2	6	0.3	0.364	0.65	1.014	0	0	0	0	1
Vicente_Padilla	22	22	5	1	0	1	3	0	9	0.227	0.227	0.409	0.636	0	0	0	0	1
Clay_Buchholz	21	16	4	1	0	1	1	3	4	0.25	0.429	0.5	0.929	0	0	0	2	1
Dan_Haren	21	18	4	0	0	0	1	3	5	0.222	0.333	0.222	0.556	0	0	0	0	0
Phil_Hughes	21	21	6	0	0	2	6	0	5	0.286	0.286	0.571	0.857	0	0	0	0	0
Dallas_Braden	20	20	9	2	0	1	2	0	5	0.45	0.45	0.7	1.15	0	0	0	0	0
Chad_Gaudin	20	16	7	2	0	3	7	3	5	0.438	0.55	1.125	1.675	0	0	0	1	0
Chris_Sale	20	18	3	0	1	1	4	2	7	0.167	0.25	0.444	0.694	0	0	0	0	1
Max_Scherzer	20	17	1	0	0	0	0	3	8	0.059	0.2	0.059	0.259	0	0	0	0	0
Chris_Archer	19	17	1	0	0	0	1	2	10	0.059	0.158	0.059	0.217	0	0	0	0	0
Trevor_Cahill	19	18	1	1	0	0	1	1	4	0.056	0.105	0.111	0.216	0	0	0	0	2
Miguel_Gonzalez	19	17	4	1	0	0	0	1	6	0.235	0.316	0.294	0.61	0	0	0	1	1
Matt_Moore	19	18	3	1	0	0	0	1	8	0.167	0.211	0.222	0.433	0	0	0	0	0
Darren_O'Day	19	17	2	0	0	1	1	1	7	0.118	0.211	0.294	0.505	0	0	0	1	0
Hector_Santiago	19	12	2	0	0	1	4	7	6	0.167	0.474	0.417	0.89	0	0	2	0	0
Alex_Cobb	18	15	4	2	0	0	4	3	4	0.267	0.389	0.4	0.789	0	0	0	0	0
Gavin_Floyd	18	16	3	1	0	1	1	2	3	0.188	0.278	0.438	0.715	0	0	0	0	0
Brandon_McCarthy	18	18	3	0	0	0	0	0	9	0.167	0.167	0.167	0.333	0	0	0	0	1
Tommy_Milone	18	16	5	0	0	1	1	2	5	0.313	0.389	0.5	0.889	0	0	0	0	0
Esmil_Rogers	18	15	3	0	0	2	7	3	5	0.2	0.333	0.6	0.933	0	0	0	0	1
Drew_Smyly	18	18	3	2	0	1	1	0	6	0.167	0.167	0.444	0.611	0	0	0	0	0
Jerome_Williams	18	15	6	1	1	2	5	3	3	0.4	0.5	1	1.5	0	0	0	0	1
A.J._Burnett	17	15	4	0	0	2	2	1	3	0.267	0.353	0.667	1.02	0	0	0	1	0
J.A._Happ	17	16	6	1	0	0	0	1	5	0.375	0.412	0.438	0.849	0	0	0	0	0
Jeremy_Hellickson	17	15	2	0	0	0	0	2	7	0.133	0.235	0.133	0.369	0	0	0	0	0
Derek_Holland	17	15	5	0	0	2	3	2	2	0.333	0.412	0.733	1.145	0	0	0	0	0
Tommy_Hunter	17	17	4	1	1	0	5	0	4	0.235	0.235	0.412	0.647	0	0	0	0	0
Ubaldo_Jimenez	17	15	5	1	0	2	5	2	4	0.333	0.412	0.8	1.212	0	0	0	0	0
Jon_Lester	17	15	6	1	0	2	5	2	3	0.4	0.471	0.867	1.337	0	0	0	0	0
Brandon_Morrow	17	16	2	0	0	0	1	1	9	0.125	0.176	0.125	0.301	0	0	0	0	0
Bud_Norris	17	17	2	0	0	0	1	0	9	0.118	0.118	0.118	0.235	0	0	0	0	0
Anibal_Sanchez	17	14	6	2	0	2	3	3	5	0.429	0.529	1	1.529	0	0	0	0	0
Carlos_Silva	17	15	4	0	0	0	1	1	1	0.267	0.294	0.267	0.561	0	1	0	0	0
Brett_Anderson	16	11	5	3	0	1	5	5	3	0.455	0.625	1	1.625	0	0	0	0	0
Blake_Beavan	16	14	2	1	0	0	2	1	4	0.143	0.25	0.214	0.464	0	0	0	1	0
Gio_Gonzalez	16	12	3	1	1	1	5	4	5	0.25	0.438	0.75	1.188	0	0	0	0	0
Anthony_Swarzak	16	13	3	1	0	0	0	3	2	0.231	0.375	0.308	0.683	0	0	0	0	1
Adam_Warren	16	12	3	0	0	1	1	3	3	0.25	0.438	0.5	0.938	0	0	0	1	1
Brad_Penny	15	13	6	0	0	3	7	1	0	0.462	0.467	1.154	1.621	0	1	0	0	0
Miguel_Batista	14	13	3	1	0	2	4	1	6	0.231	0.286	0.769	1.055	0	0	0	0	0
Nick_Blackburn	14	11	5	1	0	0	1	2	1	0.455	0.5	0.545	1.045	0	1	0	0	0
Bruce_Chen	14	14	2	0	0	1	1	0	4	0.143	0.143	0.357	0.5	0	0	0	0	0
Bartolo_Colon	14	14	4	0	0	0	2	0	3	0.286	0.286	0.286	0.571	0	0	0	0	0
Jose_Contreras	14	10	2	1	0	0	2	3	6	0.2	0.357	0.3	0.657	0	1	0	0	0
Edwin_Jackson	14	12	1	0	0	0	0	2	5	0.083	0.214	0.083	0.298	0	0	0	0	0
John_Lackey	14	9	2	0	0	1	2	4	3	0.222	0.5	0.556	1.056	0	0	0	1	0
Matt_Thornton	14	11	0	0	0	0	2	1	5	0	0.143	0	0.143	0	1	0	1	0
Jamey_Wright	14	11	5	2	0	0	4	3	3	0.455	0.571	0.636	1.208	0	0	0	0	0
Chad_Billingsley	13	11	1	0	0	0	1	1	4	0.091	0.154	0.091	0.245	0	1	0	0	1
Joba_Chamberlain	13	8	4	2	0	0	0	5	2	0.5	0.692	0.75	1.442	0	0	0	0	0
Brian_Duensing	13	12	2	0	0	0	1	1	4	0.167	0.231	0.167	0.397	0	0	0	0	0
Rich_Harden	13	9	3	1	0	0	3	4	2	0.333	0.538	0.444	0.983	0	0	0	0	0
Drew_Hutchison	13	11	4	3	0	0	1	2	3	0.364	0.462	0.636	1.098	0	0	0	0	0
Hiroki_Kuroda	13	12	3	0	0	0	1	1	4	0.25	0.308	0.25	0.558	0	0	0	0	0
Ivan_Nova	13	11	2	0	0	2	3	2	4	0.182	0.308	0.727	1.035	0	0	0	0	1
Garrett_Richards	13	9	5	1	0	2	4	4	2	0.556	0.692	1.333	2.026	0	0	0	0	0
Ricky_Romero	13	10	3	0	0	2	3	2	1	0.3	0.385	0.9	1.285	0	1	0	0	0
Jarrod_Washburn	13	10	2	0	0	0	1	3	3	0.2	0.385	0.2	0.585	0	0	0	0	0
Scott_Baker	12	12	1	0	0	0	0	0	4	0.083	0.083	0.083	0.167	0	0	0	0	0
Aaron_Cook	12	12	2	0	0	0	2	0	3	0.167	0.167	0.167	0.333	0	0	0	0	1
Roy_Halladay	12	10	3	0	0	1	2	1	4	0.3	0.333	0.6	0.933	0	1	0	0	0
Luke_Hochevar	12	11	3	2	0	0	1	1	3	0.273	0.333	0.455	0.788	0	0	0	0	1
Dallas_Keuchel	12	9	4	1	0	1	3	3	2	0.444	0.583	0.889	1.472	0	0	0	0	0
Derek_Lowe	12	12	5	0	0	1	5	0	2	0.417	0.417	0.667	1.083	0	0	0	0	0
Jeff_Niemann	12	12	5	1	1	1	6	0	2	0.417	0.417	0.917	1.333	0	0	0	0	0
Ricky_Nolasco	12	11	1	0	0	0	0	1	4	0.091	0.167	0.091	0.258	0	0	0	0	0
Jose_Quintana	12	12	3	1	0	1	2	0	6	0.25	0.25	0.583	0.833	0	0	0	0	0
Wandy_Rodriguez	12	11	1	0	0	0	0	1	5	0.091	0.167	0.091	0.258	0	0	0	0	1
Grant_Balfour	11	11	1	0	0	0	0	0	6	0.091	0.091	0.091	0.182	0	0	0	0	1
Travis_Blackley	11	9	2	0	0	1	2	2	3	0.222	0.364	0.556	0.919	0	0	0	0	0
Joe_Blanton	11	11	3	1	0	0	1	0	4	0.273	0.273	0.364	0.636	0	0	0	0	0
Boof_Bonser	11	10	2	0	0	2	3	0	2	0.2	0.2	0.8	1	1	0	0	0	0
Chris_Carpenter	11	11	5	0	0	2	5	0	2	0.455	0.455	1	1.455	0	0	0	0	1
Jesse_Chavez	11	9	3	0	1	1	3	2	5	0.333	0.455	0.889	1.343	0	0	0	0	0
Zack_Greinke	11	11	2	0	0	1	2	0	5	0.182	0.182	0.455	0.636	0	0	0	0	0
David_Huff	11	8	4	0	0	2	4	3	1	0.5	0.636	1.25	1.886	0	0	0	0	0
Gil_Meche	11	8	3	1	0	0	1	2	3	0.375	0.545	0.5	1.045	0	0	0	1	0
Alexi_Ogando	11	10	1	0	0	0	0	1	5	0.1	0.182	0.1	0.282	0	0	0	0	0
Jarrod_Parker	11	9	2	0	0	1	1	2	2	0.222	0.364	0.556	0.919	0	0	0	0	0
Joel_Peralta	11	10	2	1	0	1	2	1	3	0.2	0.273	0.6	0.873	0	0	0	0	0
Masahiro_Tanaka	11	8	5	3	0	2	2	3	3	0.625	0.727	1.75	2.477	0	0	0	0	0
Josh_Tomlin	11	9	3	0	0	1	2	2	3	0.333	0.455	0.667	1.121	0	0	0	0	0
Barry_Zito	11	11	3	1	0	0	1	0	3	0.273	0.273	0.364	0.636	0	0	0	0	1
Matt_Albers	10	10	2	0	0	0	2	0	5	0.2	0.2	0.2	0.4	0	0	0	0	0
Jake_Arrieta	10	8	2	0	0	1	1	2	2	0.25	0.4	0.625	1.025	0	0	0	0	1
Joaquin_Benoit	10	8	2	0	0	2	4	2	3	0.25	0.4	1	1.4	0	0	0	0	0
Phil_Coke	10	8	3	0	0	0	0	2	0	0.375	0.5	0.375	0.875	0	0	1	0	0
Steve_Delabar	10	9	1	0	0	1	4	1	6	0.111	0.2	0.444	0.644	0	0	0	0	0
Kyle_Farnsworth	10	8	3	1	0	0	0	1	2	0.375	0.5	0.5	1	0	0	0	1	0
Jason_Frasor	10	8	0	0	0	0	1	2	4	0	0.2	0	0.2	0	0	0	0	0
A.J._Griffin	10	9	3	2	0	1	5	0	3	0.333	0.4	0.889	1.289	0	0	0	1	0
Kevin_Jepsen	10	10	2	0	0	1	1	0	4	0.2	0.2	0.5	0.7	0	0	0	0	0
Vin_Mazzaro	10	10	4	0	0	1	3	0	1	0.4	0.4	0.7	1.1	0	0	0	0	0
Dustin_Nippert	10	7	0	0	0	0	0	2	3	0	0.3	0	0.3	0	0	0	1	0
Michael_Pineda	10	7	2	0	0	0	0	2	1	0.286	0.5	0.286	0.786	0	0	0	1	0
Erasmo_Ramirez	10	6	2	0	0	0	0	3	2	0.333	0.6	0.333	0.933	0	0	0	1	0
Kevin_Slowey	10	9	3	0	0	0	3	0	2	0.333	0.3	0.333	0.633	0	1	0	0	0
Joe_Smith	10	9	0	0	0	0	0	1	2	0	0.1	0	0.1	0	0	0	0	2
Edinson_Volquez	10	7	1	0	0	1	1	3	1	0.143	0.4	0.571	0.971	0	0	0	0	0
David_Aardsma	9	9	3	0	0	0	0	0	4	0.333	0.333	0.333	0.667	0	0	0	0	1
Zach_Britton	9	8	1	0	0	0	0	1	3	0.125	0.222	0.125	0.347	0	0	0	0	1
Alex_Colome	9	6	1	0	0	0	0	3	2	0.167	0.444	0.167	0.611	0	0	0	0	0
Ryan_Cook	9	7	0	0	0	0	0	2	5	0	0.222	0	0.222	0	0	1	0	0
Wade_Davis	9	9	2	0	0	1	3	0	4	0.222	0.222	0.556	0.778	0	0	0	0	0
Ernesto_Frieri	9	9	2	0	0	0	0	0	4	0.222	0.222	0.222	0.444	0	0	0	0	0
Yovani_Gallardo	9	7	2	0	0	1	2	2	4	0.286	0.444	0.714	1.159	0	0	0	0	0
Shane_Greene	9	4	2	1	0	1	4	4	1	0.5	0.667	1.5	2.167	0	1	0	0	0
Shawn_Kelley	9	9	3	2	0	1	2	0	5	0.333	0.333	0.889	1.222	0	0	0	0	0
Francisco_Liriano	9	6	1	0	0	1	3	3	3	0.167	0.444	0.667	1.111	0	0	0	0	1
Dustin_McGowan	9	6	0	0	0	0	0	2	3	0	0.333	0	0.333	0	0	1	1	0
Jake_Odorizzi	9	9	1	0	0	0	1	0	2	0.111	0.111	0.111	0.222	0	0	0	0	0
Fernando_Salas	9	7	1	0	0	0	1	2	5	0.143	0.333	0.143	0.476	0	0	1	0	0
Randy_Wolf	9	7	1	0	0	0	2	1	1	0.143	0.222	0.143	0.365	0	1	0	0	0
Dellin_Betances	8	6	0	0	0	0	0	2	4	0	0.25	0	0.25	0	0	0	0	0
Matt_Boyd	8	5	2	0	0	1	2	3	1	0.4	0.625	1	1.625	0	0	0	0	0
Daniel_Cabrera	8	7	1	0	0	0	0	1	3	0.143	0.25	0.143	0.393	0	0	0	0	0
Kevin_Correia	8	8	2	2	0	0	1	0	0	0.25	0.25	0.5	0.75	0	0	0	0	0
Kyle_Davies	8	8	3	0	0	0	2	0	1	0.375	0.375	0.375	0.75	0	0	0	0	0
Jorge_De_La_Rosa	8	6	1	0	0	0	1	1	2	0.167	0.286	0.167	0.452	1	0	0	0	0
Jeff_Francis	8	7	3	0	0	1	2	0	2	0.429	0.5	0.857	1.357	0	0	0	1	0
Matt_Garza	8	5	1	0	0	1	2	1	2	0.2	0.5	0.8	1.3	0	0	0	2	0
Casey_Janssen	8	8	2	1	0	1	4	0	2	0.25	0.25	0.75	1	0	0	0	0	1
Jason_Jennings	8	5	1	0	0	1	1	1	1	0.2	0.5	0.8	1.3	0	0	0	2	0
Jim_Johnson	8	7	2	0	0	0	1	1	2	0.286	0.375	0.286	0.661	0	0	0	0	2
Clayton_Kershaw	8	7	2	0	0	0	0	1	3	0.286	0.375	0.286	0.661	0	0	0	0	0
Mark_Lowe	8	7	2	1	0	0	1	1	2	0.286	0.375	0.429	0.804	0	0	0	0	0
Brian_Matusz	8	7	2	1	0	0	2	1	1	0.286	0.375	0.429	0.804	0	0	0	0	1
Jake_McGee	8	8	3	1	0	1	3	0	3	0.375	0.375	0.875	1.25	0	0	0	0	0
Carl_Pavano	8	8	2	0	0	1	1	0	1	0.25	0.25	0.625	0.875	0	0	0	0	0
David_Phelps	8	8	4	2	0	1	2	0	1	0.5	0.5	1.125	1.625	0	0	0	0	0
Cesar_Ramos	8	5	1	0	0	0	0	3	2	0.2	0.5	0.2	0.7	0	0	1	0	0
Ryan_Rowland-Smith	8	7	5	1	0	2	3	1	0	0.714	0.75	1.714	2.464	0	0	0	0	0
Jose_Valverde	8	6	2	0	0	1	2	2	1	0.333	0.5	0.833	1.333	0	0	1	0	0
Jose_Veras	8	7	1	0	0	1	1	1	4	0.143	0.25	0.571	0.821	0	0	0	0	0
Sean_White	8	8	0	0	0	0	0	0	1	0	0	0	0	0	0	0	0	1
Andrew_Bailey	7	7	0	0	0	0	0	0	4	0	0	0	0	0	0	0	0	0
Jerry_Blevins	7	5	2	0	0	1	1	2	3	0.4	0.571	1	1.571	0	0	0	0	0
Jeremy_Bonderman	7	7	2	2	0	0	0	0	3	0.286	0.286	0.571	0.857	0	0	0	0	0
Brad_Boxberger	7	5	1	0	0	0	0	2	3	0.2	0.429	0.2	0.629	0	0	0	0	0
Shawn_Camp	7	6	1	0	0	0	0	0	1	0.167	0.286	0.167	0.452	0	0	0	1	0
Chris_Capuano	7	7	3	1	0	0	1	0	0	0.429	0.429	0.571	1	0	0	0	0	0
Danny_Duffy	7	5	4	1	0	2	3	2	1	0.8	0.857	2.2	3.057	0	0	0	0	0
Ryan_Feierabend	7	7	2	0	0	1	3	0	1	0.286	0.286	0.714	1	0	0	0	0	0
Frank_Francisco	7	7	0	0	0	0	0	0	5	0	0	0	0	0	0	0	0	0
Armando_Galarraga	7	5	0	0	0	0	0	2	2	0	0.286	0	0.286	0	0	0	0	1
Jeff_Gray	7	6	0	0	0	0	0	0	3	0	0.143	0	0.143	0	0	0	1	0
Jason_Grilli	7	6	0	0	0	0	0	1	2	0	0.143	0	0.143	0	0	0	0	0
Jason_Hammel	7	7	1	1	0	0	1	0	3	0.143	0.143	0.286	0.429	0	0	0	0	1
Philip_Humber	7	6	1	0	0	1	1	1	4	0.167	0.286	0.667	0.952	0	0	0	0	0
Hisashi_Iwakuma	7	5	1	0	0	1	3	1	1	0.2	0.429	0.8	1.229	0	0	0	1	0
Corey_Kluber	7	7	2	1	0	0	0	0	3	0.286	0.286	0.429	0.714	0	0	0	0	0
Kyle_Lohse	7	6	1	0	0	0	0	1	1	0.167	0.286	0.167	0.452	0	0	0	0	1
Trevor_May	7	7	0	0	0	0	0	0	7	0	0	0	0	0	0	0	0	0
Brad_Mills	7	7	4	0	0	1	1	0	1	0.571	0.571	1	1.571	0	0	0	0	0
Mike_Montgomery	7	3	1	0	0	0	0	3	1	0.333	0.714	0.333	1.048	0	0	0	1	0
Vidal_Nuno	7	6	1	0	0	0	1	1	3	0.167	0.286	0.167	0.452	0	0	0	0	0
Josh_Outman	7	4	1	0	0	0	0	3	1	0.25	0.571	0.25	0.821	0	0	0	0	0
Jonathan_Papelbon	7	6	1	0	0	0	0	1	2	0.167	0.286	0.167	0.452	0	0	0	0	0
Jake_Peavy	7	4	2	0	0	0	1	3	1	0.5	0.714	0.5	1.214	0	0	0	0	0
Glen_Perkins	7	7	1	0	0	0	0	0	3	0.143	0.143	0.143	0.286	0	0	0	0	0
Ryan_Perry	7	6	1	0	0	0	0	1	2	0.167	0.286	0.167	0.452	0	0	0	0	0
Joel_Pineiro	7	7	1	0	0	0	1	0	3	0.143	0.143	0.143	0.286	0	0	0	0	0
Ramon_Ramirez	7	7	3	3	0	0	2	0	1	0.429	0.429	0.857	1.286	0	0	0	0	1
Mariano_Rivera	7	7	1	0	0	0	0	0	4	0.143	0.143	0.143	0.286	0	0	0	0	0
David_Robertson	7	6	2	1	0	0	2	1	2	0.333	0.429	0.5	0.929	0	0	0	0	1
Fernando_Rodney	7	6	2	0	0	0	0	0	3	0.333	0.429	0.333	0.762	0	0	0	1	0
Marc_Rzepczynski	7	6	2	1	0	0	2	1	0	0.333	0.429	0.5	0.929	0	0	0	0	0
Aaron_Sanchez	7	6	0	0	0	0	0	1	2	0	0.143	0	0.143	0	0	0	0	0
Ian_Snell	7	6	0	0	0	0	0	1	0	0	0.143	0	0.143	0	0	0	0	0
Dan_Straily	7	7	0	0	0	0	0	0	4	0	0	0	0	0	0	0	0	0
Tim_Wakefield	7	7	3	1	0	1	3	0	1	0.429	0.429	1	1.429	0	0	0	0	0
Jake_Westbrook	7	5	2	0	1	0	1	2	1	0.4	0.571	0.8	1.371	0	0	0	0	0
Tom_Wilhelmsen	7	6	1	0	0	0	1	1	2	0.167	0.286	0.167	0.452	0	0	0	0	0
Daniel_Bard	6	5	0	0	0	0	0	1	3	0	0.167	0	0.167	0	0	0	0	0
Brian_Bass	6	6	3	0	0	1	1	0	0	0.5	0.5	1	1.5	0	0	0	0	0
Duane_Below	6	6	0	0	0	0	0	0	1	0	0	0	0	0	0	0	0	2
Craig_Breslow	6	5	2	0	0	0	0	1	2	0.4	0.5	0.4	0.9	0	0	0	0	0
Jared_Burton	6	4	0	0	0	0	0	2	1	0	0.333	0	0.333	0	0	0	0	0
Paul_Byrd	6	6	2	0	0	1	4	0	3	0.333	0.333	0.833	1.167	0	0	0	0	0
Bobby_Cassevah	6	5	1	0	0	0	0	0	2	0.2	0.333	0.2	0.533	0	0	0	1	0
Tyler_Chatwood	6	5	2	0	0	0	0	1	0	0.4	0.5	0.4	0.9	0	0	0	0	0
Yu_Darvish	6	4	0	0	0	0	0	2	4	0	0.333	0	0.333	0	0	0	0	0
Adam_Eaton	6	6	2	2	0	0	1	0	1	0.333	0.333	0.667	1	0	0	0	0	0
Roenis_Elias	6	6	3	0	0	0	0	0	2	0.5	0.5	0.5	1	0	0	0	0	1
Nathan_Eovaldi	6	5	0	0	0	0	0	1	0	0	0.167	0	0.167	0	0	0	0	1
Dana_Eveland	6	4	2	2	0	0	1	2	0	0.5	0.667	1	1.667	0	0	0	0	0
Danny_Farquhar	6	5	0	0	0	0	0	1	4	0	0.167	0	0.167	0	0	0	0	1
Brian_Fuentes	6	6	1	0	0	0	0	0	3	0.167	0.167	0.167	0.333	0	0	0	0	0
Kevin_Gausman	6	6	1	1	0	0	0	0	3	0.167	0.167	0.333	0.5	0	0	0	0	0
Sean_Green	6	5	2	0	0	0	0	1	1	0.4	0.5	0.4	0.9	0	0	0	0	0
Matt_Guerrier	6	6	2	1	0	1	1	0	1	0.333	0.333	1	1.333	0	0	0	0	0
Mark_Hendrickson	6	4	2	0	0	2	2	2	1	0.5	0.667	2	2.667	0	0	0	0	0
Liam_Hendriks	6	5	1	0	0	1	2	1	1	0.2	0.333	0.8	1.133	0	0	0	0	0
Josh_Johnson	6	5	2	0	0	1	3	1	2	0.4	0.5	1	1.5	0	0	0	0	0
Bobby_Keppel	6	5	2	0	0	0	0	1	0	0.4	0.5	0.4	0.9	0	0	0	0	0
Brandon_League	6	6	1	0	0	1	2	0	2	0.167	0.167	0.667	0.833	0	0	0	0	1
Mike_Leake	6	6	2	1	0	1	4	0	0	0.333	0.333	1	1.333	0	0	0	0	1
Ted_Lilly	6	4	1	0	0	0	0	2	2	0.25	0.5	0.25	0.75	0	0	0	0	0
Aaron_Loup	6	6	1	0	0	0	0	0	2	0.167	0.167	0.167	0.333	0	0	0	0	0
Collin_McHugh	6	6	1	0	0	0	0	0	0	0.167	0.167	0.167	0.333	0	0	0	0	1
Jim_Miller	6	5	3	0	0	1	2	1	1	0.6	0.667	1.2	1.867	0	0	0	0	0
Sean_Nolin	6	6	3	1	0	1	1	0	1	0.5	0.5	1.167	1.667	0	0	0	0	0
Brett_Oberholtzer	6	6	1	0	0	0	0	0	0	0.167	0.167	0.167	0.333	0	0	0	0	0
Roy_Oswalt	6	6	1	0	0	0	1	0	2	0.167	0.167	0.167	0.333	0	0	0	0	0
Mike_Pelfrey	6	5	2	1	0	0	1	1	0	0.4	0.5	0.6	1.1	0	0	0	0	0
Chris_Perez	6	6	0	0	0	0	1	0	1	0	0	0	0	0	0	0	0	0
Martin_Perez	6	4	3	0	0	0	1	2	1	0.75	0.833	0.75	1.583	0	0	0	0	0
Todd_Redmond	6	6	0	0	0	0	0	0	0	0	0	0	0	0	0	0	0	0
Robbie_Ross	6	5	1	1	0	0	1	1	2	0.2	0.333	0.4	0.733	0	0	0	0	0
Takashi_Saito	6	4	0	0	0	0	0	2	2	0	0.333	0	0.333	0	0	0	0	0
Tanner_Scheppers	6	3	2	0	0	0	0	2	0	0.667	0.833	0.667	1.5	0	0	0	1	1
Jae_Weong_Seo	6	5	0	0	0	0	0	1	1	0	0.167	0	0.167	0	0	0	0	0
Alfredo_Simon	6	6	1	0	0	0	0	0	2	0.167	0.167	0.167	0.333	0	0	0	0	0
Greg_Smith	6	6	2	1	0	1	1	0	2	0.333	0.333	1	1.333	0	0	0	0	0
Joakim_Soria	6	5	1	0	0	0	1	0	3	0.2	0.167	0.2	0.367	0	1	0	0	0
Jeremy_Sowers	6	4	0	0	0	0	0	2	0	0	0.333	0	0.333	0	0	0	0	0
Huston_Street	6	5	0	0	0	0	0	1	2	0	0.167	0	0.167	0	0	0	0	0
Marcus_Stroman	6	6	0	0	0	0	0	0	1	0	0	0	0	0	0	0	0	2
Mitch_Talbot	6	6	0	0	0	0	0	0	1	0	0	0	0	0	0	0	0	0
Brian_Tallet	6	6	1	0	0	1	1	0	2	0.167	0.167	0.667	0.833	0	0	0	0	0
Rob_Tejeda	6	6	0	0	0	0	0	0	3	0	0	0	0	0	0	0	0	0
Ramon_Troncoso	6	6	3	0	0	0	0	0	1	0.5	0.5	0.5	1	0	0	0	0	0
Adam_Wainwright	6	6	2	1	0	0	4	0	0	0.333	0.333	0.5	0.833	0	0	0	0	0
Blake_Wood	6	3	1	0	0	0	2	2	1	0.333	0.5	0.333	0.833	0	1	0	0	0
Michael_Wuertz	6	6	1	1	0	0	0	0	2	0.167	0.167	0.333	0.5	0	0	0	0	0
Brad_Ziegler	6	6	1	1	0	0	0	0	0	0.167	0.167	0.333	0.5	0	0	0	0	0
Al_Alburquerque	5	5	0	0	0	0	0	0	2	0	0	0	0	0	0	0	0	0
Brian_Bannister	5	5	0	0	0	0	1	0	0	0	0	0	0	0	0	0	0	0
Ronald_Belisario	5	5	2	0	0	0	0	0	1	0.4	0.4	0.4	0.8	0	0	0	0	0
Brad_Brach	5	5	0	0	0	0	0	0	3	0	0	0	0	0	0	0	0	0
Dave_Bush	5	5	1	0	0	1	2	0	1	0.2	0.2	0.8	1	0	0	0	0	0
David_Carpenter	5	3	2	0	0	1	2	2	0	0.667	0.8	1.667	2.467	0	0	0	0	0
Preston_Claiborne	5	5	2	0	0	0	1	0	2	0.4	0.4	0.4	0.8	0	0	0	0	0
Roy_Corcoran	5	4	2	0	0	0	3	0	0	0.5	0.4	0.5	0.9	0	1	0	0	0
Juan_Cruz	5	3	1	1	0	0	1	2	1	0.333	0.6	0.667	1.267	0	0	0	0	0
Scott_Diamond	5	5	1	0	0	0	0	0	1	0.2	0.2	0.2	0.4	0	0	0	0	0
Octavio_Dotel	5	3	0	0	0	0	2	0	2	0	0	0	0	0	2	0	0	0
Felix_Doubront	5	5	1	0	0	1	2	0	4	0.2	0.2	0.8	1	0	0	0	0	0
Kyle_Drabek	5	4	1	0	0	0	0	1	1	0.25	0.4	0.25	0.65	0	0	0	0	0
Brandon_Duckworth	5	3	1	1	0	0	0	2	2	0.333	0.6	0.667	1.267	0	0	0	0	0
Chad_Durbin	5	5	3	1	0	0	0	0	0	0.6	0.6	0.8	1.4	0	0	0	0	1
John_Ely	5	4	1	1	0	0	0	1	1	0.25	0.4	0.5	0.9	0	0	0	0	1
Alan_Embree	5	4	1	0	0	0	0	1	1	0.25	0.4	0.25	0.65	0	0	0	0	0
Marco_Estrada	5	2	1	0	0	0	1	3	1	0.5	0.8	0.5	1.3	0	0	0	0	0
Neftali_Feliz	5	4	0	0	0	0	0	1	2	0	0.2	0	0.2	0	0	0	0	0
Josh_Fields	5	4	1	1	0	0	1	1	2	0.25	0.4	0.5	0.9	0	0	0	0	0
Casey_Fien	5	5	2	0	0	1	1	0	0	0.4	0.4	1	1.4	0	0	0	0	1
Brandon_Finnegan	5	4	0	0	0	0	0	1	0	0	0.2	0	0.2	0	0	0	0	0
Emiliano_Fruto	5	4	2	0	0	2	3	1	1	0.5	0.6	2	2.6	0	0	0	0	0
Freddy_Garcia	5	5	0	0	0	0	0	0	1	0	0	0	0	0	0	0	0	1
Brandon_Gomes	5	4	0	0	0	0	0	1	1	0	0.2	0	0.2	0	0	0	0	0
Luke_Gregerson	5	5	2	2	0	0	1	0	1	0.4	0.4	0.8	1.2	0	0	0	0	0
Aaron_Harang	5	3	0	0	0	0	0	2	1	0	0.4	0	0.4	0	0	0	0	0
Lucas_Harrell	5	4	2	0	0	0	0	1	1	0.5	0.6	0.5	1.1	0	0	0	0	0
Matt_Harrison	5	5	2	0	0	1	1	0	1	0.4	0.4	1	1.4	0	0	0	0	0
Andrew_Heaney	5	4	2	1	0	0	0	1	0	0.5	0.6	0.75	1.35	0	0	0	0	0
Kelvin_Herrera	5	4	1	0	0	0	0	1	1	0.25	0.4	0.25	0.65	0	0	0	0	0
Chris_Jakubauskas	5	4	0	0	0	0	0	1	0	0	0.2	0	0.2	0	0	0	0	0
Mat_Latos	5	4	1	0	0	1	1	1	2	0.25	0.4	1	1.4	0	0	0	0	0
Mike_Maroth	5	3	2	0	0	1	1	2	0	0.667	0.8	1.667	2.467	0	0	0	0	0
Zach_McAllister	5	5	2	0	1	0	0	0	3	0.4	0.4	0.8	1.2	0	0	0	0	0
Lance_McCullers	5	5	3	1	0	1	1	0	1	0.6	0.6	1.4	2	0	0	0	0	0
Wade_Miley	5	4	1	1	0	0	1	1	1	0.25	0.4	0.5	0.9	0	0	0	0	1
Andrew_Miller	5	5	0	0	0	0	0	0	3	0	0	0	0	0	0	0	0	0
Zach_Miner	5	4	1	0	0	0	0	1	0	0.25	0.4	0.25	0.65	0	0	0	0	0
Guillermo_Mota	5	5	1	0	0	0	0	0	1	0.2	0.2	0.2	0.4	0	0	0	0	0
Hector_Noesi	5	4	0	0	0	0	0	1	3	0	0.2	0	0.2	0	0	0	0	0
Ramon_Ortiz	5	5	1	0	0	0	0	0	1	0.2	0.2	0.2	0.4	0	0	0	0	1
David_Pauley	5	3	1	1	0	0	1	1	1	0.333	0.6	0.667	1.267	0	0	0	1	0
James_Paxton	5	4	0	0	0	0	0	1	0	0	0.2	0	0.2	0	0	0	0	0
Brad_Peacock	5	4	2	0	0	0	0	1	2	0.5	0.6	0.5	1.1	0	0	0	0	0
Sidney_Ponson	5	4	3	1	0	1	1	1	0	0.75	0.8	1.75	2.55	0	0	0	0	0
Ryan_Pressly	5	4	1	0	0	0	0	1	2	0.25	0.4	0.25	0.65	0	0	0	0	0
Scott_Proctor	5	4	2	0	0	1	1	1	1	0.5	0.6	1.25	1.85	0	0	0	0	0
Tyson_Ross	5	5	1	1	0	0	0	0	1	0.2	0.2	0.4	0.6	0	0	0	0	0
B.J._Ryan	5	3	0	0	0	0	0	2	2	0	0.4	0	0.4	0	0	1	0	1
Joe_Saunders	5	5	0	0	0	0	0	0	4	0	0	0	0	0	0	0	0	0
Curt_Schilling	5	5	1	0	0	0	0	0	3	0.2	0.2	0.2	0.4	0	0	0	0	0
Bryan_Shaw	5	5	3	0	0	0	2	0	1	0.6	0.6	0.6	1.2	0	0	0	0	0
Ben_Sheets	5	5	0	0	0	0	0	0	2	0	0	0	0	0	0	0	0	0
Andy_Sonnanstine	5	4	1	0	0	1	2	1	1	0.25	0.4	1	1.4	0	0	0	0	0
Rich_Thompson	5	5	4	2	0	1	1	0	0	0.8	0.8	1.8	2.6	0	0	0	0	0
Javier_Vazquez	5	4	0	0	0	0	0	1	1	0	0.2	0	0.2	0	0	0	0	0
Michael_Wacha	5	4	0	0	0	0	0	1	3	0	0.2	0	0.2	0	0	0	0	1
Neil_Wagner	5	3	1	0	0	1	3	2	1	0.333	0.6	1.333	1.933	0	0	0	0	0
Dan_Wheeler	5	3	0	0	0	0	1	1	1	0	0.2	0	0.2	0	1	0	0	0
Alfredo_Aceves	4	3	0	0	0	0	0	1	2	0	0.25	0	0.25	0	0	0	0	0
Cody_Allen	4	4	1	1	0	0	3	0	2	0.25	0.25	0.5	0.75	0	0	0	0	0
Jose_Alvarez	4	3	1	0	0	0	0	1	0	0.333	0.5	0.333	0.833	0	0	1	0	0
Dylan_Axelrod	4	3	0	0	0	0	0	1	1	0	0.25	0	0.25	0	0	0	0	0
Brad_Bergesen	4	4	1	0	0	1	3	0	1	0.25	0.25	1	1.25	0	0	0	0	0
Jason_Berken	4	4	1	0	0	0	0	0	0	0.25	0.25	0.25	0.5	0	0	0	0	0
Rafael_Betancourt	4	3	0	0	0	0	0	1	2	0	0.25	0	0.25	0	0	0	0	0
Eddie_Bonine	4	4	2	1	0	0	3	0	1	0.5	0.5	0.75	1.25	0	0	0	0	0
Michael_Bowden	4	3	1	0	0	1	2	1	1	0.333	0.5	1.333	1.833	0	0	0	0	0
Jonathan_Broxton	4	4	0	0	0	0	0	0	3	0	0	0	0	0	0	0	0	0
Carlos_Carrasco	4	4	3	2	0	0	0	0	1	0.75	0.75	1.25	2	0	0	0	0	0
Santiago_Casilla	4	2	0	0	0	0	0	1	2	0	0.5	0	0.5	0	0	0	1	0
Tyler_Clippard	4	4	1	1	0	0	0	0	1	0.25	0.25	0.5	0.75	0	0	0	0	0
Lance_Cormier	4	3	1	1	0	0	0	1	0	0.333	0.5	0.667	1.167	0	0	0	0	0
Jesse_Crain	4	4	3	1	0	0	2	0	0	0.75	0.75	1	1.75	0	0	0	0	0
Aaron_Crow	4	3	0	0	0	0	0	1	1	0	0.25	0	0.25	0	0	0	0	0
Jason_Davis	4	3	0	0	0	0	0	1	2	0	0.25	0	0.25	0	0	0	0	0
Manny_Delcarmen	4	2	1	0	0	1	2	1	0	0.5	0.75	2	2.75	0	0	0	1	0
Elmer_Dessens	4	3	0	0	0	0	0	1	2	0	0.25	0	0.25	0	0	0	0	0
Scott_Downs	4	3	2	1	0	0	0	1	0	0.667	0.75	1	1.75	0	0	0	0	0
Keith_Foulke	4	2	1	0	0	1	1	2	1	0.5	0.75	2	2.75	0	0	1	0	0
Charlie_Furbush	4	3	1	0	0	0	1	1	0	0.333	0.5	0.333	0.833	0	0	0	0	0
Kason_Gabbard	4	4	1	0	0	0	0	0	0	0.25	0.25	0.25	0.5	0	0	0	0	0
Jason_Garcia	4	4	0	0	0	0	0	0	2	0	0	0	0	0	0	0	0	0
Steve_Geltz	4	4	0	0	0	0	0	0	1	0	0	0	0	0	0	0	0	0
Jeanmar_Gomez	4	3	0	0	0	0	0	1	1	0	0.25	0	0.25	0	0	0	0	0
Edgar_Gonzalez	4	4	1	0	0	1	1	0	0	0.25	0.25	1	1.25	0	0	0	0	0
Clay_Hensley	4	4	1	0	0	1	1	0	0	0.25	0.25	1	1.25	0	0	0	0	0
Pedro_Hernandez	4	3	1	0	0	0	1	1	0	0.333	0.5	0.333	0.833	0	0	0	0	0
Frank_Herrmann	4	4	0	0	0	0	0	0	2	0	0	0	0	0	0	0	0	0
Greg_Holland	4	3	0	0	0	0	0	1	2	0	0.25	0	0.25	0	0	0	0	0
Jason_Isringhausen	4	4	3	0	0	0	0	0	1	0.75	0.75	0.75	1.5	0	0	0	0	0
Chad_Jenkins	4	4	2	1	0	1	1	0	0	0.5	0.5	1.5	2	0	0	0	0	0
Dan_Jennings	4	4	2	0	0	0	0	0	0	0.5	0.5	0.5	1	0	0	0	0	1
Michael_Kohn	4	2	1	0	0	1	1	2	0	0.5	0.75	2	2.75	0	0	0	0	0
Aaron_Laffey	4	3	1	1	0	0	1	0	0	0.333	0.25	0.667	0.917	0	1	0	0	1
Jensen_Lewis	4	4	0	0	0	0	0	0	3	0	0	0	0	0	0	0	0	0
Kameron_Loe	4	3	1	1	0	0	0	1	1	0.333	0.5	0.667	1.167	0	0	0	0	0
Lance_Lynn	4	3	1	0	0	0	2	0	2	0.333	0.25	0.333	0.583	0	1	0	0	0
Brandon_Lyon	4	4	0	0	0	0	0	0	0	0	0	0	0	0	0	0	0	0
Victor_Marte	4	4	2	0	0	1	2	0	1	0.5	0.5	1.25	1.75	0	0	0	0	1
Evan_Meek	4	3	0	0	0	0	0	1	1	0	0.25	0	0.25	0	0	0	0	0
Jose_Mijares	4	2	0	0	0	0	0	2	1	0	0.5	0	0.5	0	0	1	0	0
Justin_Miller	4	4	1	0	0	1	1	0	1	0.25	0.25	1	1.25	0	0	0	0	0
Charlie_Morton	4	3	0	0	0	0	0	1	0	0	0.25	0	0.25	0	0	0	0	0
Jason_Motte	4	3	0	0	0	0	0	1	2	0	0.25	0	0.25	0	0	0	0	0
Edward_Mujica	4	3	0	0	0	0	0	1	1	0	0.25	0	0.25	0	0	0	0	0
Joe_Nathan	4	3	0	0	0	0	0	0	2	0	0.25	0	0.25	0	0	0	1	0
Garrett_Olson	4	4	2	0	0	1	2	0	0	0.5	0.5	1.25	1.75	0	0	0	0	0
Adam_Ottavino	4	4	1	1	0	0	0	0	1	0.25	0.25	0.5	0.75	0	0	0	0	0
Chan_Ho_Park	4	3	1	0	0	0	0	1	2	0.333	0.5	0.333	0.833	0	0	0	0	0
Jake_Petricka	4	1	0	0	0	0	0	3	0	0	0.75	0	0.75	0	0	0	0	0
Drew_Pomeranz	4	4	2	0	0	0	2	0	0	0.5	0.5	0.5	1	0	0	0	0	0
David_Purcey	4	4	1	1	0	0	1	0	0	0.25	0.25	0.5	0.75	0	0	0	0	1
Zach_Putnam	4	3	2	0	0	0	1	1	0	0.667	0.75	0.667	1.417	0	0	0	0	0
J.J._Putz	4	4	0	0	0	0	0	0	2	0	0	0	0	0	0	0	0	0
Chris_Ray	4	2	1	0	0	0	2	1	0	0.5	0.5	0.5	1	0	1	0	0	0
Addison_Reed	4	4	1	0	0	0	0	0	2	0.25	0.25	0.25	0.5	0	0	0	0	0
Jo-Jo_Reyes	4	4	2	1	0	0	3	0	0	0.5	0.5	0.75	1.25	0	0	0	0	1
Josh_Roenicke	4	4	0	0	0	0	0	0	3	0	0	0	0	0	0	0	0	0
Sergio_Santos	4	4	1	0	0	1	3	0	1	0.25	0.25	1	1.25	0	0	0	0	0
Bo_Schultz	4	4	0	0	0	0	0	0	1	0	0	0	0	0	0	0	0	0
Evan_Scribner	4	4	1	1	0	0	0	0	3	0.25	0.25	0.5	0.75	0	0	0	0	0
George_Sherrill	4	3	1	1	0	0	0	1	0	0.333	0.5	0.667	1.167	0	0	0	0	1
Carson_Smith	4	4	0	0	0	0	0	0	2	0	0	0	0	0	0	0	0	0
Anthony_Vasquez	4	4	1	1	0	0	0	0	1	0.25	0.25	0.5	0.75	0	0	0	0	0
Drew_VerHagen	4	4	0	0	0	0	0	0	0	0	0	0	0	0	0	0	0	0
Jordan_Walden	4	2	2	0	0	1	2	2	0	1	1	2.5	3.5	0	0	0	0	0
Ryan_Webb	4	4	1	0	0	0	2	0	2	0.25	0.25	0.25	0.5	0	0	0	0	1
Todd_Wellemeyer	4	3	1	0	0	0	1	0	0	0.333	0.5	0.333	0.833	0	0	0	1	0
Todd_Williams	4	4	1	0	0	0	1	0	3	0.25	0.25	0.25	0.5	0	0	0	0	0
Justin_Wilson	4	4	1	0	0	0	0	0	2	0.25	0.25	0.25	0.5	0	0	0	0	0
Vance_Worley	4	4	0	0	0	0	0	0	1	0	0	0	0	0	0	0	0	0
Chris_Young	4	2	0	0	0	0	1	1	0	0	0.25	0	0.25	0	1	0	0	0
Fernando_Abad	3	1	0	0	0	0	0	2	0	0	0.667	0	0.667	0	0	1	0	0
Jeremy_Affeldt	3	3	1	1	0	0	0	0	0	0.333	0.333	0.667	1	0	0	0	0	0
Bronson_Arroyo	3	3	0	0	0	0	0	0	1	0	0	0	0	0	0	0	0	0
Mitch_Atkins	3	3	0	0	0	0	0	0	2	0	0	0	0	0	0	0	0	1
John_Axford	3	2	0	0	0	0	0	1	2	0	0.333	0	0.333	0	0	0	0	0
Cha-Seung_Baek	3	3	0	0	0	0	0	0	1	0	0	0	0	0	0	0	0	0
Homer_Bailey	3	1	0	0	0	0	2	2	0	0	0.667	0	0.667	0	0	0	0	0
Trevor_Bell	3	3	1	0	0	1	2	0	0	0.333	0.333	1.333	1.667	0	0	0	0	0
Cedrick_Bowers	3	3	0	0	0	0	0	0	2	0	0	0	0	0	0	0	0	0
Ambiorix_Burgos	3	2	0	0	0	0	0	1	1	0	0.333	0	0.333	0	0	0	0	0
Alex_Burnett	3	2	1	0	0	0	0	1	0	0.5	0.667	0.5	1.167	0	0	0	0	0
Matt_Cain	3	3	0	0	0	0	0	0	3	0	0	0	0	0	0	0	0	0
Carter_Capps	3	3	0	0	0	0	0	0	2	0	0	0	0	0	0	0	0	0
David_Carpenter	3	3	0	0	0	0	0	0	1	0	0	0	0	0	0	0	0	1
Scott_Carroll	3	2	0	0	0	0	0	1	0	0	0.333	0	0.333	0	0	0	0	0
Jhoulys_Chacin	3	2	1	0	0	1	3	1	0	0.5	0.667	2	2.667	0	0	0	0	0
Tim_Collins	3	2	0	0	0	0	0	1	2	0	0.333	0	0.333	0	0	0	0	0
Roman_Colon	3	3	1	0	0	1	2	0	0	0.333	0.333	1.333	1.667	0	0	0	0	0
Patrick_Corbin	3	1	0	0	0	0	0	2	0	0	0.667	0	0.667	0	0	0	0	0
Manny_Corpas	3	2	1	0	0	0	1	1	0	0.5	0.667	0.5	1.167	0	0	1	0	0
Neal_Cotts	3	2	0	0	0	0	0	1	2	0	0.333	0	0.333	0	0	0	0	0
Bobby_Cramer	3	3	0	0	0	0	0	0	1	0	0	0	0	0	0	0	0	0
Doug_Davis	3	3	2	0	0	0	0	0	0	0.667	0.667	0.667	1.333	0	0	0	0	0
Randall_Delgado	3	3	2	0	0	0	0	0	1	0.667	0.667	0.667	1.333	0	0	0	0	0
Chris_Devenski	3	3	1	0	0	0	0	0	0	0.333	0.333	0.333	0.667	0	0	0	0	0
Sean_Doolittle	3	3	0	0	0	0	0	0	2	0	0	0	0	0	0	0	0	1
Justin_Duchscherer	3	3	2	0	0	1	2	0	0	0.667	0.667	1.667	2.333	0	0	0	0	0
Tyler_Duffey	3	3	0	0	0	0	0	0	2	0	0	0	0	0	0	0	0	0
Mike_Fiers	3	2	0	0	0	0	0	1	2	0	0.333	0	0.333	0	0	0	0	0
Luke_French	3	3	0	0	0	0	0	0	0	0	0	0	0	0	0	0	0	0
Michael_Fulmer	3	3	2	0	0	1	3	0	0	0.667	0.667	1.667	2.333	0	0	0	0	1
Sean_Gallagher	3	3	1	0	0	0	0	0	2	0.333	0.333	0.333	0.667	0	0	0	0	0
Jaime_Garcia	3	2	0	0	0	0	0	1	0	0	0.333	0	0.333	0	0	0	0	0
Jon_Garland	3	2	0	0	0	0	0	1	0	0	0.333	0	0.333	0	0	0	0	0
Kyle_Gibson	3	3	0	0	0	0	0	0	2	0	0	0	0	0	0	0	0	1
Dan_Giese	3	1	0	0	0	0	0	1	0	0	0.667	0	0.667	0	0	0	1	0
Chi_Chi_Gonzalez	3	1	1	1	0	0	0	2	0	1	1	2	3	0	0	0	0	0
Enrique_Gonzalez	3	3	2	0	0	1	2	0	0	0.667	0.667	1.667	2.333	0	0	0	0	0
Kendall_Graveman	3	3	0	0	0	0	0	0	1	0	0	0	0	0	0	0	0	0
Justin_Grimm	3	1	0	0	0	0	1	1	1	0	0.333	0	0.333	0	1	0	0	0
Tommy_Hanson	3	3	0	0	0	0	0	0	1	0	0	0	0	0	0	0	0	0
Blaine_Hardy	3	3	1	0	0	1	1	0	0	0.333	0.333	1.333	1.667	0	0	0	0	0
Matt_Harvey	3	3	1	0	0	0	1	0	0	0.333	0.333	0.333	0.667	0	0	0	0	0
Livan_Hernandez	3	3	1	0	0	0	0	0	1	0.333	0.333	0.333	0.667	0	0	0	0	0
Runelvys_Hernandez	3	3	1	0	0	0	0	0	2	0.333	0.333	0.333	0.667	0	0	0	0	0
Rich_Hill	3	1	0	0	0	0	0	2	0	0	0.667	0	0.667	0	0	0	0	0
Daniel_Hudson	3	3	0	0	0	0	0	0	2	0	0	0	0	0	0	0	0	0
Erik_Johnson	3	3	1	0	0	0	0	0	2	0.333	0.333	0.333	0.667	0	0	0	0	0
Jorge_Julio	3	2	0	0	0	0	0	1	1	0	0.333	0	0.333	0	0	0	0	0
Nate_Karns	3	2	2	1	0	0	1	1	0	1	1	1.5	2.5	0	0	0	0	0
Joe_Kelly	3	3	0	0	0	0	0	0	3	0	0	0	0	0	0	0	0	0
Kyle_Kendrick	3	2	1	0	0	0	0	1	0	0.5	0.667	0.5	1.167	0	0	0	0	0
Ian_Kennedy	3	2	0	0	0	0	0	1	2	0	0.333	0	0.333	0	0	0	0	0
Joe_Kennedy	3	3	2	0	0	1	1	0	0	0.667	0.667	1.667	2.333	0	0	0	0	0
Phil_Klein	3	3	2	0	0	0	0	0	0	0.667	0.667	0.667	1.333	0	0	0	0	0
Ian_Krol	3	1	0	0	0	0	0	2	1	0	0.667	0	0.667	0	0	0	0	0
John_Lamb	3	3	2	0	0	0	2	0	1	0.667	0.667	0.667	1.333	0	0	0	0	0
Colby_Lewis	3	3	1	0	0	0	0	0	1	0.333	0.333	0.333	0.667	0	0	0	0	0
Cory_Lidle	3	2	1	1	0	0	2	1	0	0.5	0.667	1	1.667	0	0	0	0	0
Tim_Lincecum	3	3	0	0	0	0	0	0	0	0	0	0	0	0	0	0	0	0
Scott_Linebrink	3	2	0	0	0	0	0	1	1	0	0.333	0	0.333	0	0	0	0	0
Esteban_Loaiza	3	3	1	0	0	1	1	0	1	0.333	0.333	1.333	1.667	0	0	0	0	0
Rodrigo_Lopez	3	3	0	0	0	0	0	0	2	0	0	0	0	0	0	0	0	0
Lucas_Luetge	3	1	0	0	0	0	0	2	0	0	0.667	0	0.667	0	0	2	0	0
Ruddy_Lugo	3	1	1	0	0	0	0	2	0	1	1	1	2	0	0	0	0	0
Jordan_Lyles	3	3	0	0	0	0	0	0	2	0	0	0	0	0	0	0	0	1
Ron_Mahay	3	2	1	0	0	0	0	1	1	0.5	0.667	0.5	1.167	0	0	0	0	0
Shaun_Marcum	3	3	0	0	0	0	0	0	1	0	0	0	0	0	0	0	0	0
Jason_Marquis	3	3	0	0	0	0	0	0	3	0	0	0	0	0	0	0	0	0
Nick_Martinez	3	2	1	0	0	0	0	1	1	0.5	0.667	0.5	1.167	0	0	0	0	0
Steven_Matz	3	3	0	0	0	0	0	0	1	0	0	0	0	0	0	0	0	0
T.J._McFarland	3	3	2	1	0	0	0	0	0	0.667	0.667	1	1.667	0	0	0	0	1
Brandon_Medders	3	3	1	0	0	0	0	0	0	0.333	0.333	0.333	0.667	0	0	0	0	0
Yoervis_Medina	3	3	0	0	0	0	0	0	1	0	0	0	0	0	0	0	0	1
Jose_Mesa	3	3	2	1	0	1	5	0	0	0.667	0.667	2	2.667	0	0	0	0	0
Randy_Messenger	3	3	0	0	0	0	0	0	2	0	0	0	0	0	0	0	0	0
Shelby_Miller	3	3	1	1	0	0	0	0	1	0.333	0.333	0.667	1	0	0	0	0	0
Franklin_Morales	3	3	1	1	0	0	2	0	2	0.333	0.333	0.667	1	0	0	0	0	0
Matt_Morris	3	1	1	0	0	0	0	1	0	1	1	1	2	0	0	0	1	0
Jamie_Moyer	3	3	0	0	0	0	0	0	1	0	0	0	0	0	0	0	0	0
Chris_Narveson	3	2	2	0	0	1	1	1	0	1	1	2.5	3.5	0	0	0	0	0
Pat_Neshek	3	3	0	0	0	0	0	0	2	0	0	0	0	0	0	0	0	0
Sean_O'Sullivan	3	2	1	0	0	1	2	0	0	0.5	0.333	2	2.333	0	1	0	0	1
Darren_Oliver	3	2	0	0	0	0	0	1	1	0	0.333	0	0.333	0	0	1	0	0
Wily_Peralta	3	3	1	0	0	1	3	0	2	0.333	0.333	1.333	1.667	0	0	0	0	0
Odalis_Perez	3	3	0	0	0	0	0	0	1	0	0	0	0	0	0	0	0	0
Oliver_Perez	3	3	1	1	0	0	1	0	2	0.333	0.333	0.667	1	0	0	0	0	0
Rafael_Perez	3	3	0	0	0	0	0	0	2	0	0	0	0	0	0	0	0	0
Vinnie_Pestano	3	2	0	0	0	0	0	1	1	0	0.333	0	0.333	0	0	0	0	0
Yohan_Pino	3	3	2	1	0	0	2	0	0	0.667	0.667	1	1.667	0	0	0	0	0
Jon_Rauch	3	3	2	0	0	1	2	0	0	0.667	0.667	1.667	2.333	0	0	0	0	0
Robert_Ray	3	3	2	1	0	1	2	0	0	0.667	0.667	2	2.667	0	0	0	0	0
Mark_Redman	3	2	0	0	0	0	0	1	1	0	0.333	0	0.333	0	0	0	0	0
Fernando_Rodriguez	3	2	0	0	0	0	0	1	1	0	0.333	0	0.333	0	0	0	0	0
Kenny_Rogers	3	2	1	0	0	0	0	0	0	0.5	0.667	0.5	1.167	0	0	0	1	0
Chance_Ruffin	3	2	1	1	0	0	0	1	0	0.5	0.667	1	1.667	0	0	0	0	0
Kyle_Ryan	3	3	2	0	0	0	1	0	0	0.667	0.667	0.667	1.333	0	0	0	0	0
Jeff_Samardzija	3	3	0	0	0	0	0	0	1	0	0	0	0	0	0	0	0	0
Chris_Sampson	3	3	2	0	0	0	2	0	0	0.667	0.667	0.667	1.333	0	0	0	0	0
Jonathan_Sanchez	3	3	2	0	0	1	3	0	1	0.667	0.667	1.667	2.333	0	0	0	0	0
Daniel_Schlereth	3	2	1	0	0	1	1	1	0	0.5	0.667	2	2.667	0	0	1	0	0
Rudy_Seanez	3	2	0	0	0	0	0	1	2	0	0.333	0	0.333	0	0	0	0	0
Chasen_Shreve	3	2	0	0	0	0	0	1	2	0	0.333	0	0.333	0	0	1	0	0
Tony_Sipp	3	3	0	0	0	0	0	0	3	0	0	0	0	0	0	0	0	0
Will_Smith	3	1	0	0	0	0	0	2	0	0	0.667	0	0.667	0	0	0	0	0
Stephen_Strasburg	3	3	1	0	0	0	0	0	0	0.333	0.333	0.333	0.667	0	0	0	0	0
Brian_Sweeney	3	3	1	0	0	0	0	0	0	0.333	0.333	0.333	0.667	0	0	0	0	0
Julian_Tavarez	3	2	1	0	0	0	0	0	0	0.5	0.667	0.5	1.167	0	0	0	1	0
Julio_Teheran	3	3	2	1	0	0	0	0	1	0.667	0.667	1	1.667	0	0	0	0	0
John_Thomson	3	2	0	0	0	0	1	0	0	0	0	0	0	0	1	0	0	0
Steve_Trachsel	3	3	2	0	0	1	2	0	0	0.667	0.667	1.667	2.333	0	0	0	0	0
Koji_Uehara	3	3	1	0	0	0	0	0	1	0.333	0.333	0.333	0.667	0	0	0	0	0
Claudio_Vargas	3	2	0	0	0	0	0	1	2	0	0.333	0	0.333	0	0	0	0	0
Carlos_Villanueva	3	3	1	1	0	0	0	0	0	0.333	0.333	0.667	1	0	0	0	0	0
Ron_Villone	3	2	0	0	0	0	1	0	2	0	0	0	0	0	1	0	0	0
Ryan_Vogelsong	3	2	0	0	0	0	0	1	0	0	0.333	0	0.333	0	0	0	0	0
Taijuan_Walker	3	3	0	0	0	0	0	0	2	0	0	0	0	0	0	0	0	0
Chien-Ming_Wang	3	2	0	0	0	0	0	1	1	0	0.333	0	0.333	0	0	0	0	0
Chase_Whitley	3	3	2	1	0	0	0	0	0	0.667	0.667	1	1.667	0	0	0	0	0
Adam_Wilk	3	3	2	0	0	1	1	0	1	0.667	0.667	1.667	2.333	0	0	0	0	0
Alex_Wood	3	2	1	0	0	1	1	1	0	0.5	0.667	2	2.667	0	0	0	0	0
Mike_Wood	3	3	1	0	0	1	1	0	1	0.333	0.333	1.333	1.667	0	0	0	0	0
Travis_Wood	3	1	0	0	0	0	0	2	0	0	0.667	0	0.667	0	0	0	0	0
Carlos_Zambrano	3	3	2	0	0	0	0	0	1	0.667	0.667	0.667	1.333	0	0	0	0	0
Mike_Adams	2	1	0	0	0	0	0	1	1	0	0.5	0	0.5	0	0	0	0	0
Matt_Andriese	2	2	0	0	0	0	0	0	0	0	0	0	0	0	0	0	0	0
Scott_Atchison	2	2	0	0	0	0	0	0	1	0	0	0	0	0	0	0	0	1
Danys_Baez	2	1	0	0	0	0	0	0	0	0	0.5	0	0.5	0	0	0	1	0
Collin_Balester	2	2	0	0	0	0	0	0	1	0	0	0	0	0	0	0	0	0
Cam_Bedrosian	2	2	1	1	0	0	2	0	1	0.5	0.5	1	1.5	0	0	0	0	0
Joe_Beimel	2	2	1	0	0	1	1	0	0	0.5	0.5	2	2.5	0	0	0	0	0
Heath_Bell	2	1	0	0	0	0	0	0	1	0	0.5	0	0.5	0	0	0	1	0
Rob_Bell	2	2	0	0	0	0	0	0	0	0	0	0	0	0	0	0	0	0
Omar_Beltre	2	2	1	0	0	0	0	0	1	0.5	0.5	0.5	1	0	0	0	0	0
Jose_Berrios	2	1	0	0	0	0	0	0	1	0	0.5	0	0.5	0	0	0	1	0
Bruce_Billings	2	2	1	1	0	0	0	0	1	0.5	0.5	1	1.5	0	0	0	0	0
Mitchell_Boggs	2	2	2	1	0	1	3	0	0	1	1	3	4	0	0	0	0	0
Chad_Bradford	2	1	0	0	0	0	0	1	0	0	0.5	0	0.5	0	0	0	0	0
Chris_Britton	2	2	1	1	0	0	0	0	0	0.5	0.5	1	1.5	0	0	0	0	0
Aaron_Brooks	2	2	0	0	0	0	0	0	0	0	0	0	0	0	0	0	0	0
Andrew_Brown	2	1	0	0	0	0	0	1	0	0	0.5	0	0.5	0	0	0	0	0
Bryan_Bullington	2	2	0	0	0	0	0	0	1	0	0	0	0	0	0	0	0	0
Brian_Burres	2	1	0	0	0	0	0	0	1	0	0.5	0	0.5	0	0	0	1	0
Fernando_Cabrera	2	2	0	0	0	0	0	0	2	0	0	0	0	0	0	0	0	0
Kiko_Calero	2	2	0	0	0	0	0	0	2	0	0	0	0	0	0	0	0	0
Matt_Capps	2	2	0	0	0	0	0	0	1	0	0	0	0	0	0	0	0	0
Xavier_Cedeno	2	1	0	0	0	0	0	1	1	0	0.5	0	0.5	0	0	0	0	0
Randy_Choate	2	2	2	0	0	0	0	0	0	1	1	1	2	0	0	0	0	0
Jose_Cisnero	2	2	1	1	0	0	0	0	1	0.5	0.5	1	1.5	0	0	0	0	0
Tyler_Cloyd	2	2	2	1	0	1	2	0	0	1	1	3	4	0	0	0	0	0
Louis_Coleman	2	2	0	0	0	0	0	0	1	0	0	0	0	0	0	0	0	0
Jesus_Colome	2	2	0	0	0	0	0	0	2	0	0	0	0	0	0	0	0	0
Francisco_Cordero	2	0	0	0	0	0	0	2	0	0	1	0	0	0	0	0	0	0
Cole_De_Vries	2	2	0	0	0	0	0	0	2	0	0	0	0	0	0	0	0	0
Sam_Deduno	2	0	0	0	0	0	0	2	0	0	1	0	0	0	0	0	0	0
Lenny_DiNardo	2	2	0	0	0	0	0	0	0	0	0	0	0	0	0	0	0	0
Darin_Downs	2	1	1	0	0	0	0	1	0	1	1	1	2	0	0	0	0	0
Zach_Duke	2	2	1	1	0	0	0	0	0	0.5	0.5	1	1.5	0	0	0	0	1
Cody_Eppley	2	1	0	0	0	0	0	1	0	0	0.5	0	0.5	0	0	0	0	0
Robbie_Erlin	2	1	0	0	0	0	0	1	0	0	0.5	0	0.5	0	0	0	0	0
Willie_Eyre	2	2	1	1	0	0	1	0	0	0.5	0.5	1	1.5	0	0	0	0	0
Buck_Farmer	2	2	0	0	0	0	0	0	1	0	0	0	0	0	0	0	0	0
Brian_Flynn	2	2	1	0	0	0	0	0	1	0.5	0.5	0.5	1	0	0	0	0	0
Ryan_Franklin	2	2	1	1	0	0	2	0	0	0.5	0.5	1	1.5	0	0	0	0	0
Christian_Friedrich	2	2	1	0	0	1	1	0	0	0.5	0.5	2	2.5	0	0	0	0	0
Justin_Germano	2	2	1	1	0	0	0	0	0	0.5	0.5	1	1.5	0	0	0	0	0
Gary_Glover	2	2	0	0	0	0	0	0	0	0	0	0	0	0	0	0	0	0
Jimmy_Gobble	2	1	0	0	0	0	0	1	0	0	0.5	0	0.5	0	0	0	0	0
Graham_Godfrey	2	2	1	0	0	0	0	0	1	0.5	0.5	0.5	1	0	0	0	0	0
John_Grabow	2	2	0	0	0	0	0	0	1	0	0	0	0	0	0	0	0	1
Eddie_Guardado	2	2	0	0	0	0	0	0	1	0	0	0	0	0	0	0	0	0
Charlie_Haeger	2	2	1	0	0	1	1	0	1	0.5	0.5	2	2.5	0	0	0	0	0
Cole_Hamels	2	2	0	0	0	0	0	0	2	0	0	0	0	0	0	0	0	0
Will_Harris	2	2	0	0	0	0	0	0	1	0	0	0	0	0	0	0	0	0
Chad_Harville	2	1	0	0	0	0	0	1	0	0	0.5	0	0.5	0	0	0	0	0
LaTroy_Hawkins	2	0	0	0	0	0	0	2	0	0	1	0	0	0	0	0	0	0
David_Hernandez	2	1	0	0	0	0	0	1	1	0	0.5	0	0.5	0	0	0	0	0
Shawn_Hill	2	2	2	1	0	1	3	0	0	1	1	3	4	0	0	0	0	0
Jim_Hoey	2	2	0	0	0	0	0	0	1	0	0	0	0	0	0	0	0	0
Jeremy_Horst	2	2	0	0	0	0	0	0	1	0	0	0	0	0	0	0	0	0
T.J._House	2	2	0	0	0	0	0	0	1	0	0	0	0	0	0	0	0	0
Dusty_Hughes	2	2	0	0	0	0	0	0	1	0	0	0	0	0	0	0	0	0
Chuck_James	2	2	1	0	0	0	0	0	0	0.5	0.5	0.5	1	0	0	0	0	0
Jeremy_Jeffress	2	1	0	0	0	0	1	1	0	0	0.5	0	0.5	0	0	0	0	1
Bobby_Jenks	2	1	1	0	0	0	0	1	0	1	1	1	2	0	0	0	0	0
Jason_Johnson	2	1	0	0	0	0	0	1	1	0	0.5	0	0.5	0	0	0	0	0
Jeff_Karstens	2	2	0	0	0	0	0	0	0	0	0	0	0	0	0	0	0	0
Mike_Kickham	2	2	0	0	0	0	0	0	1	0	0	0	0	0	0	0	0	1
Brandon_Kintzler	2	2	1	0	0	0	0	0	0	0.5	0.5	0.5	1	0	0	0	0	1
Michael_Kirkman	2	0	0	0	0	0	0	2	0	0	1	0	0	0	0	1	0	0
Steve_Kline	2	1	1	0	0	1	1	1	0	1	1	4	5	0	0	0	0	0
Hung-Chih_Kuo	2	2	1	0	0	1	1	0	0	0.5	0.5	2	2.5	0	0	0	0	0
Chris_Lambert	2	1	0	0	0	0	0	0	0	0	0.5	0	0.5	0	0	0	1	0
Sam_LeCure	2	2	0	0	0	0	0	0	0	0	0	0	0	0	0	0	0	0
Jon_Leicester	2	2	0	0	0	0	0	0	0	0	0	0	0	0	0	0	0	1
Anthony_Lerew	2	2	0	0	0	0	0	0	0	0	0	0	0	0	0	0	0	0
Brad_Lincoln	2	2	0	0	0	0	0	0	0	0	0	0	0	0	0	0	0	0
Chia-Jen_Lo	2	1	0	0	0	0	0	1	0	0	0.5	0	0.5	0	0	0	0	0
Adam_Loewen	2	2	1	0	0	0	0	0	1	0.5	0.5	0.5	1	0	0	0	0	0
Boone_Logan	2	2	1	0	0	1	4	0	1	0.5	0.5	2	2.5	0	0	0	0	0
Josh_Lueke	2	2	2	0	0	0	0	0	0	1	1	1	2	0	0	0	0	0
Mike_MacDougal	2	1	0	0	0	0	0	1	0	0	0.5	0	0.5	0	0	0	0	0
Ryan_Madson	2	2	0	0	0	0	0	0	0	0	0	0	0	0	0	0	0	0
Trystan_Magnuson	2	2	0	0	0	0	0	0	1	0	0	0	0	0	0	0	0	0
Matt_Maloney	2	2	0	0	0	0	0	0	1	0	0	0	0	0	0	0	0	0
Carlos_Marmol	2	2	0	0	0	0	0	0	2	0	0	0	0	0	0	0	0	0
Brett_Marshall	2	2	1	0	0	1	1	0	0	0.5	0.5	2	2.5	0	0	0	0	0
Damaso_Marte	2	1	1	0	0	0	0	1	0	1	1	1	2	0	0	0	0	0
Carlos_Martinez	2	2	0	0	0	0	0	0	1	0	0	0	0	0	0	0	0	0
Daisuke_Matsuzaka	2	2	0	0	0	0	0	0	2	0	0	0	0	0	0	0	0	0
Seth_McClung	2	2	1	0	0	1	3	0	0	0.5	0.5	2	2.5	0	0	0	0	0
Mark_Melancon	2	2	0	0	0	0	0	0	1	0	0	0	0	0	0	0	0	0
Luis_Mendoza	2	1	0	0	0	0	0	0	1	0	0.5	0	0.5	0	0	0	1	0
Trever_Miller	2	2	1	0	0	1	2	0	0	0.5	0.5	2	2.5	0	0	0	0	0
Carlos_Monasterios	2	0	0	0	0	0	0	2	0	0	1	0	0	0	0	0	0	0
Adam_Morgan	2	2	0	0	0	0	0	0	1	0	0	0	0	0	0	0	0	0
Mike_Mussina	2	2	1	0	0	0	1	0	0	0.5	0.5	0.5	1	0	0	0	0	0
Juan_Nicasio	2	1	1	0	0	0	1	1	0	1	1	1	2	0	0	0	0	0
Eric_O'Flaherty	2	1	0	0	0	0	0	1	0	0	0.5	0	0.5	0	0	0	0	0
Ross_Ohlendorf	2	2	0	0	0	0	0	0	1	0	0	0	0	0	0	0	0	0
Hideki_Okajima	2	2	0	0	0	0	0	0	2	0	0	0	0	0	0	0	0	0
Brian_Omogrosso	2	2	1	0	0	0	0	0	0	0.5	0.5	0.5	1	0	0	0	0	0
Roberto_Osuna	2	2	1	1	0	0	0	0	1	0.5	0.5	1	1.5	0	0	0	0	0
Akinori_Otsuka	2	1	0	0	0	0	0	1	1	0	0.5	0	0.5	0	0	0	0	0
Troy_Patton	2	2	0	0	0	0	0	0	1	0	0	0	0	0	0	0	0	0
Tony_Pena	2	2	1	0	0	0	1	0	0	0.5	0.5	0.5	1	0	0	0	0	0
Williams_Perez	2	2	0	0	0	0	0	0	1	0	0	0	0	0	0	0	0	0
Stu_Pomeranz	2	2	1	0	0	0	0	0	0	0.5	0.5	0.5	1	0	0	0	0	0
Luke_Putkonen	2	2	1	0	0	0	0	0	0	0.5	0.5	0.5	1	0	0	0	0	0
Chad_Qualls	2	2	1	0	0	1	1	0	0	0.5	0.5	2	2.5	0	0	0	0	0
Horacio_Ramirez	2	1	0	0	0	0	0	1	0	0	0.5	0	0.5	0	0	0	0	0
J.C._Ramirez	2	2	0	0	0	0	0	0	1	0	0	0	0	0	0	0	0	0
Juan_Rincon	2	1	0	0	0	0	0	1	0	0	0.5	0	0.5	0	0	0	0	0
Tanner_Roark	2	2	0	0	0	0	0	0	0	0	0	0	0	0	0	0	0	0
Francisco_Rodriguez	2	2	0	0	0	0	0	0	2	0	0	0	0	0	0	0	0	0
Henry_Rodriguez	2	2	2	1	0	0	0	0	0	1	1	1.5	2.5	0	0	0	0	0
Chaz_Roe	2	1	0	0	0	0	1	0	1	0	0	0	0	0	1	0	0	0
David_Rollins	2	2	0	0	0	0	0	0	0	0	0	0	0	0	0	0	0	0
Sergio_Romo	2	2	0	0	0	0	0	0	1	0	0	0	0	0	0	0	0	0
Trevor_Rosenthal	2	2	1	1	0	0	0	0	1	0.5	0.5	1	1.5	0	0	0	0	0
Josh_Rupe	2	2	0	0	0	0	0	0	1	0	0	0	0	0	0	0	0	0
Adam_Russell	2	1	0	0	0	0	0	0	1	0	0.5	0	0.5	0	0	0	1	0
Hyun-jin_Ryu	2	2	2	0	0	0	1	0	0	1	1	1	2	0	0	0	0	0
Jason_Schmidt	2	1	0	0	0	0	0	1	0	0	0.5	0	0.5	0	0	1	0	0
Aaron_Sele	2	2	1	1	0	0	0	0	0	0.5	0.5	1	1.5	0	0	0	0	0
Luis_Severino	2	2	0	0	0	0	0	0	1	0	0	0	0	0	0	0	0	0
Kevin_Siegrist	2	2	0	0	0	0	0	0	0	0	0	0	0	0	0	0	0	0
Burch_Smith	2	2	0	0	0	0	0	0	0	0	0	0	0	0	0	0	0	0
Kyle_Snyder	2	2	1	0	0	0	0	0	0	0.5	0.5	0.5	1	0	0	0	0	0
Rafael_Soriano	2	2	0	0	0	0	0	0	1	0	0	0	0	0	0	0	0	0
Russ_Springer	2	2	0	0	0	0	0	0	0	0	0	0	0	0	0	0	0	0
Denny_Stark	2	1	1	0	0	0	0	1	0	1	1	1	2	0	0	0	0	0
Josh_Stinson	2	2	0	0	0	0	0	0	0	0	0	0	0	0	0	0	0	0
Pedro_Strop	2	2	0	0	0	0	0	0	1	0	0	0	0	0	0	0	0	0
Eric_Stults	2	2	1	0	0	0	0	0	0	0.5	0.5	0.5	1	0	0	0	0	0
Hisanori_Takahashi	2	2	0	0	0	0	0	0	1	0	0	0	0	0	0	0	0	0
Junichi_Tazawa	2	2	1	0	0	1	1	0	1	0.5	0.5	2	2.5	0	0	0	0	0
Dale_Thayer	2	2	0	0	0	0	0	0	1	0	0	0	0	0	0	0	0	0
Shawn_Tolleson	2	2	0	0	0	0	0	0	1	0	0	0	0	0	0	0	0	0
Brett_Tomko	2	2	1	0	0	1	1	0	1	0.5	0.5	2	2.5	0	0	0	0	0
Michael_Tonkin	2	2	2	0	0	1	2	0	0	1	1	2.5	3.5	0	0	0	0	0
Alex_Torres	2	2	0	0	0	0	0	0	0	0	0	0	0	0	0	0	0	0
Yordano_Ventura	2	2	1	0	0	0	2	0	0	0.5	0.5	0.5	1	0	0	0	0	0
Brayan_Villarreal	2	2	0	0	0	0	0	0	1	0	0	0	0	0	0	0	0	0
P.J._Walters	2	2	0	0	0	0	0	0	0	0	0	0	0	0	0	0	0	1
Kip_Wells	2	0	0	0	0	0	0	2	0	0	1	0	0	0	0	1	0	0
Alex_White	2	2	0	0	0	0	0	0	1	0	0	0	0	0	0	0	0	0
Chris_Withrow	2	1	0	0	0	0	0	1	0	0	0.5	0	0.5	0	0	0	0	0
Jake_Woods	2	2	0	0	0	0	0	0	2	0	0	0	0	0	0	0	0	0
Mike_Wright	2	2	1	0	0	1	1	0	0	0.5	0.5	2	2.5	0	0	0	0	0
Wesley_Wright	2	2	1	1	0	0	0	0	0	0.5	0.5	1	1.5	0	0	0	0	0
Kirby_Yates	2	2	0	0	0	0	0	0	2	0	0	0	0	0	0	0	0	0
Josh_Zeid	2	0	0	0	0	0	0	2	0	0	1	0	0	0	0	0	0	0
Jordan_Zimmermann	2	2	1	0	0	0	0	0	0	0.5	0.5	0.5	1	0	0	0	0	0
Joel_Zumaya	2	2	0	0	0	0	0	0	1	0	0	0	0	0	0	0	0	0
Jeremy_Accardo	1	1	0	0	0	0	0	0	0	0	0	0	0	0	0	0	0	0
A.J._Achter	1	1	0	0	0	0	0	0	0	0	0	0	0	0	0	0	0	0
Nathan_Adcock	1	0	0	0	0	0	0	1	0	0	1	0	0	0	0	0	0	0
Jonathan_Albaladejo	1	1	1	0	0	0	1	0	0	1	1	1	2	0	0	0	0	0
R.J._Alvarez	1	0	0	0	0	0	0	1	0	0	1	0	0	0	0	0	0	0
Greg_Aquino	1	0	0	0	0	0	0	1	0	0	1	0	0	0	0	0	0	0
Tony_Armas	1	1	0	0	0	0	0	0	0	0	0	0	0	0	0	0	0	0
Jairo_Asencio	1	1	0	0	0	0	0	0	1	0	0	0	0	0	0	0	0	0
Matt_Barnes	1	1	0	0	0	0	0	0	0	0	0	0	0	0	0	0	0	0
Scott_Barnes	1	1	0	0	0	0	0	0	1	0	0	0	0	0	0	0	0	0
Anthony_Bass	1	1	1	0	0	0	0	0	0	1	1	1	2	0	0	0	0	0
Rick_Bauer	1	0	0	0	0	0	0	1	0	0	1	0	0	0	0	0	0	0
Mike_Belfiore	1	0	0	0	0	0	0	1	0	0	1	0	0	0	0	0	0	0
Matt_Belisle	1	1	0	0	0	0	0	0	1	0	0	0	0	0	0	0	0	0
Jeff_Beliveau	1	1	1	0	0	0	0	0	0	1	1	1	2	0	0	0	0	0
Armando_Benitez	1	1	1	0	0	0	0	0	0	1	1	1	2	0	0	0	0	0
Dave_Borkowski	1	1	0	0	0	0	0	0	0	0	0	0	0	0	0	0	0	0
Joe_Borowski	1	1	0	0	0	0	0	0	1	0	0	0	0	0	0	0	0	0
Blaine_Boyer	1	1	1	0	0	0	0	0	0	1	1	1	2	0	0	0	0	0
Yhency_Brazoban	1	1	0	0	0	0	0	0	1	0	0	0	0	0	0	0	0	0
Rex_Brothers	1	1	0	0	0	0	0	0	1	0	0	0	0	0	0	0	0	0
Brian_Bruney	1	1	0	0	0	0	0	0	1	0	0	0	0	0	0	0	0	0
Jake_Buchanan	1	1	0	0	0	0	0	0	0	0	0	0	0	0	0	0	0	1
Francisley_Bueno	1	0	0	0	0	0	0	1	0	0	1	0	0	0	0	1	0	0
Ryan_Bukvich	1	0	0	0	0	0	1	1	0	0	1	0	0	0	0	0	0	0
Jason_Bulger	1	1	0	0	0	0	0	0	0	0	0	0	0	0	0	0	0	0
Dylan_Bundy	1	1	0	0	0	0	0	0	0	0	0	0	0	0	0	0	0	0
Kevin_Cameron	1	1	0	0	0	0	0	0	1	0	0	0	0	0	0	0	0	0
Andrew_Carignan	1	1	1	1	0	0	0	0	0	1	1	2	3	0	0	0	0	0
Jesse_Carlson	1	0	0	0	0	0	0	1	0	0	1	0	0	0	0	1	0	0
D.J._Carrasco	1	1	0	0	0	0	0	0	0	0	0	0	0	0	0	0	0	0
Lance_Carter	1	1	1	0	0	0	0	0	0	1	1	1	2	0	0	0	0	0
Andy_Cavazos	1	1	0	0	0	0	0	0	1	0	0	0	0	0	0	0	0	0
Shawn_Chacon	1	1	0	0	0	0	0	0	0	0	0	0	0	0	0	0	0	0
Kevin_Chapman	1	1	0	0	0	0	0	0	0	0	0	0	0	0	0	0	0	0
Steve_Cishek	1	1	0	0	0	0	0	0	0	0	0	0	0	0	0	0	0	0
Alex_Claudio	1	1	0	0	0	0	0	0	0	0	0	0	0	0	0	0	0	1
Paul_Clemens	1	1	0	0	0	0	0	0	1	0	0	0	0	0	0	0	0	0
Robert_Coello	1	0	0	0	0	0	0	1	0	0	1	0	0	0	0	0	0	0
Casey_Coleman	1	1	0	0	0	0	0	0	0	0	0	0	0	0	0	0	0	0
Caleb_Cotham	1	0	0	0	0	0	0	1	0	0	1	0	0	0	0	0	0	0
Kyle_Crockett	1	1	1	1	0	0	2	0	0	1	1	2	3	0	0	0	0	0
Rhiner_Cruz	1	1	0	0	0	0	0	0	0	0	0	0	0	0	0	0	0	0
Michael_Cuddyer	1	1	1	1	0	0	0	0	0	1	1	2	3	0	0	0	0	0
Joey_Devine	1	1	0	0	0	0	0	0	1	0	0	0	0	0	0	0	0	0
Jumbo_Diaz	1	1	0	0	0	0	0	0	0	0	0	0	0	0	0	0	0	0
Jake_Diekman	1	0	0	0	0	0	0	1	0	0	1	0	0	0	0	0	0	0
Freddy_Dolsi	1	1	0	0	0	0	0	0	0	0	0	0	0	0	0	0	0	0
Ryan_Dull	1	1	0	0	0	0	0	0	0	0	0	0	0	0	0	0	0	0
Phil_Dumatrait	1	1	1	0	0	0	0	0	0	1	1	1	2	0	0	0	0	0
Michael_Feliz	1	1	0	0	0	0	0	0	1	0	0	0	0	0	0	0	0	0
Pedro_Figueroa	1	1	0	0	0	0	0	0	0	0	0	0	0	0	0	0	0	0
Mike_Foltynewicz	1	1	0	0	0	0	0	0	1	0	0	0	0	0	0	0	0	0
Sam_Freeman	1	1	0	0	0	0	0	0	0	0	0	0	0	0	0	0	0	0
Luis_Garcia	1	1	0	0	0	0	0	0	0	0	0	0	0	0	0	0	0	0
Ken_Giles	1	1	1	0	0	0	0	0	0	1	1	1	2	0	0	0	0	0
Mychal_Givens	1	1	0	0	0	0	0	0	1	0	0	0	0	0	0	0	0	0
Mike_Gonzalez	1	1	0	0	0	0	0	0	1	0	0	0	0	0	0	0	0	0
Trevor_Gott	1	1	1	0	0	0	0	0	0	1	1	1	2	0	0	0	0	0
Kevin_Gregg	1	1	0	0	0	0	0	0	1	0	0	0	0	0	0	0	0	0
Nick_Hagadone	1	1	0	0	0	0	0	0	1	0	0	0	0	0	0	0	0	0
Joel_Hanrahan	1	1	0	0	0	0	0	0	0	0	0	0	0	0	0	0	0	0
Heath_Hembree	1	1	0	0	0	0	0	0	1	0	0	0	0	0	0	0	0	0
Roberto_Hernandez	1	0	0	0	0	0	0	1	0	0	1	0	0	0	0	0	0	0
David_Herndon	1	0	0	0	0	0	0	0	0	0	1	0	0	0	0	0	1	0
Trevor_Hoffman	1	1	0	0	0	0	0	0	0	0	0	0	0	0	0	0	0	0
J.J._Hoover	1	1	0	0	0	0	0	0	0	0	0	0	0	0	0	0	0	0
Jon_Huber	1	1	1	0	0	0	0	0	0	1	1	1	2	0	0	0	0	0
Jared_Hughes	1	1	0	0	0	0	0	0	0	0	0	0	0	0	0	0	0	0
Cesar_Jimenez	1	0	0	0	0	0	1	0	0	0	0	0	0	0	1	0	0	0
Steve_Johnson	1	0	0	0	0	0	0	1	0	0	1	0	0	0	0	0	0	0
Tommy_Kahnle	1	1	0	0	0	0	0	0	0	0	0	0	0	0	0	0	0	0
Keone_Kela	1	1	0	0	0	0	0	0	1	0	0	0	0	0	0	0	0	0
Craig_Kimbrel	1	1	0	0	0	0	0	0	1	0	0	0	0	0	0	0	0	0
Ray_King	1	1	0	0	0	0	0	0	0	0	0	0	0	0	0	0	0	0
Josh_Kinney	1	1	0	0	0	0	0	0	0	0	0	0	0	0	0	0	0	0
Masahide_Kobayashi	1	1	0	0	0	0	0	0	1	0	0	0	0	0	0	0	0	0
Dominic_Leone	1	1	0	0	0	0	0	0	0	0	0	0	0	0	0	0	0	0
Brad_Lidge	1	0	0	0	0	0	0	1	0	0	1	0	0	0	0	0	0	0
Matt_Lindstrom	1	1	1	0	0	0	0	0	0	1	1	1	2	0	0	0	0	0
Jesse_Litsch	1	1	1	0	0	1	1	0	0	1	1	4	5	0	0	0	0	0
Javier_Lopez	1	1	1	0	0	0	0	0	0	1	1	1	2	0	0	0	0	0
Wilton_Lopez	1	1	0	0	0	0	0	0	0	0	0	0	0	0	0	0	0	0
Shane_Loux	1	1	0	0	0	0	0	0	0	0	0	0	0	0	0	0	0	0
Warner_Madrigal	1	1	1	0	1	0	1	0	0	1	1	3	4	0	0	0	0	0
Gary_Majewski	1	1	0	0	0	0	0	0	1	0	0	0	0	0	0	0	0	0
Jeff_Manship	1	0	0	0	0	0	0	1	0	0	1	0	0	0	0	0	0	0
Sugar_Ray_Marimon	1	1	0	0	0	0	0	0	0	0	0	0	0	0	0	0	0	0
Luis_Marte	1	0	0	0	0	0	0	0	0	0	1	0	0	0	0	0	1	0
Chris_Martin	1	1	0	0	0	0	0	0	0	0	0	0	0	0	0	0	0	0
Rafael_Martin	1	1	0	0	0	0	0	0	1	0	0	0	0	0	0	0	0	0
Nick_Masset	1	1	0	0	0	0	0	0	0	0	0	0	0	0	0	0	0	0
Julio_Mateo	1	1	1	0	0	0	0	0	0	1	1	1	2	0	0	0	0	0
Doug_Mathis	1	1	0	0	0	0	0	0	0	0	0	0	0	0	0	0	0	0
Brandon_Maurer	1	1	1	0	0	0	0	0	0	1	1	1	2	0	0	0	0	0
Marcus_McBeth	1	1	0	0	0	0	0	0	1	0	0	0	0	0	0	0	0	0
Kyle_McClellan	1	0	0	0	0	0	0	0	0	0	1	0	0	0	0	0	1	0
Brian_Meadows	1	1	0	0	0	0	0	0	1	0	0	0	0	0	0	0	0	0
Jon_Meloan	1	1	0	0	0	0	0	0	0	0	0	0	0	0	0	0	0	0
Cla_Meredith	1	1	0	0	0	0	0	0	0	0	0	0	0	0	0	0	0	0
Dan_Meyer	1	1	1	0	0	0	0	0	0	1	1	1	2	0	0	0	0	0
Jason_Miller	1	1	1	0	0	0	0	0	0	1	1	1	2	0	0	0	0	0
Bryan_Mitchell	1	1	0	0	0	0	0	0	0	0	0	0	0	0	0	0	0	0
Sergio_Mitre	1	0	0	0	0	0	0	1	0	0	1	0	0	0	0	0	0	0
Rafael_Montero	1	1	1	0	0	0	1	0	0	1	1	1	2	0	0	0	0	0
Edwin_Moreno	1	1	0	0	0	0	0	0	1	0	0	0	0	0	0	0	0	0
Juan_Morillo	1	1	0	0	0	0	0	0	1	0	0	0	0	0	0	0	0	0
Mike_Morin	1	1	0	0	0	0	0	0	1	0	0	0	0	0	0	0	0	0
Guillermo_Moscoso	1	1	0	0	0	0	0	0	1	0	0	0	0	0	0	0	0	0
Bill_Murphy	1	1	0	0	0	0	0	0	0	0	0	0	0	0	0	0	0	0
Brett_Myers	1	1	0	0	0	0	0	0	1	0	0	0	0	0	0	0	0	0
Mike_Myers	1	1	0	0	0	0	0	0	0	0	0	0	0	0	0	0	0	0
Hector_Neris	1	1	0	0	0	0	0	0	1	0	0	0	0	0	0	0	0	0
Fu-Te_Ni	1	1	1	0	0	0	0	0	0	1	1	1	2	0	0	0	0	0
Jordan_Norberto	1	1	0	0	0	0	0	0	0	0	0	0	0	0	0	0	0	0
Daniel_Norris	1	1	0	0	0	0	0	0	0	0	0	0	0	0	0	0	0	0
Logan_Ondrusek	1	1	1	0	0	0	0	0	0	1	1	1	2	0	0	0	0	0
Joe_Ortiz	1	1	0	0	0	0	0	0	0	0	0	0	0	0	0	0	0	0
Dan_Otero	1	1	0	0	0	0	0	0	0	0	0	0	0	0	0	0	0	0
Manny_Parra	1	0	0	0	0	0	0	1	0	0	1	0	0	0	0	0	0	0
Lance_Pendleton	1	1	0	0	0	0	0	0	1	0	0	0	0	0	0	0	0	0
Troy_Percival	1	1	0	0	0	0	0	0	0	0	0	0	0	0	0	0	0	0
Luis_Perez	1	1	0	0	0	0	0	0	0	0	0	0	0	0	0	0	0	0
Zach_Phillips	1	0	0	0	0	0	0	1	0	0	1	0	0	0	0	1	0	0
Cliff_Politte	1	1	0	0	0	0	0	0	1	0	0	0	0	0	0	0	0	0
Aaron_Poreda	1	1	0	0	0	0	0	0	0	0	0	0	0	0	0	0	0	0
Edwar_Ramirez	1	1	0	0	0	0	0	0	0	0	0	0	0	0	0	0	0	0
Jose_Ramirez	1	1	0	0	0	0	0	0	1	0	0	0	0	0	0	0	0	0
Neil_Ramirez	1	1	0	0	0	0	0	0	0	0	0	0	0	0	0	0	0	0
Noe_Ramirez	1	1	0	0	0	0	0	0	0	0	0	0	0	0	0	0	0	1
Steve_Randolph	1	1	0	0	0	0	0	0	1	0	0	0	0	0	0	0	0	0
Clay_Rapada	1	0	0	0	0	0	0	1	0	0	1	0	0	0	0	0	0	0
Cory_Rasmus	1	1	0	0	0	0	0	0	0	0	0	0	0	0	0	0	0	0
Evan_Reed	1	1	1	0	0	1	1	0	0	1	1	4	5	0	0	0	0	0
Chris_Resop	1	0	0	0	0	0	0	0	0	0	1	0	0	0	0	0	1	0
Dennys_Reyes	1	1	1	0	0	0	0	0	0	1	1	1	2	0	0	0	0	0
David_Riske	1	0	0	0	0	0	0	0	0	0	1	0	0	0	0	0	1	0
Nate_Robertson	1	1	0	0	0	0	1	0	0	0	0	0	0	0	0	0	0	0
Hansel_Robles	1	1	1	1	0	0	0	0	0	1	1	2	3	0	0	0	0	0
Francisco_Rosario	1	1	0	0	0	0	0	0	0	0	0	0	0	0	0	0	0	0
Seth_Rosin	1	1	1	0	0	0	0	0	0	1	1	1	2	0	0	0	0	0
Nick_Rumbelow	1	1	0	0	0	0	0	0	0	0	0	0	0	0	0	0	0	0
Keyvius_Sampson	1	1	0	0	0	0	0	0	1	0	0	0	0	0	0	0	0	0
Brian_Schlitter	1	1	1	0	0	0	1	0	0	1	1	1	2	0	0	0	0	0
Bobby_Seay	1	1	0	0	0	0	0	0	0	0	0	0	0	0	0	0	0	0
Chris_Seddon	1	1	0	0	0	0	0	0	0	0	0	0	0	0	0	0	0	0
Leyson_Septimo	1	0	0	0	0	0	0	1	0	0	1	0	0	0	0	1	0	0
Matt_Shoemaker	1	1	0	0	0	0	0	0	0	0	0	0	0	0	0	0	0	0
Chris_Smith	1	1	0	0	0	0	0	0	1	0	0	0	0	0	0	0	0	0
Layne_Somsen	1	0	0	0	0	0	0	1	0	0	1	0	0	0	0	0	0	0
Justin_Speier	1	1	0	0	0	0	0	0	0	0	0	0	0	0	0	0	0	0
Tim_Stauffer	1	1	0	0	0	0	0	0	1	0	0	0	0	0	0	0	0	0
Jeff_Stevens	1	1	0	0	0	0	0	0	0	0	0	0	0	0	0	0	0	0
Mickey_Storey	1	1	0	0	0	0	0	0	1	0	0	0	0	0	0	0	0	0
Michael_Stutes	1	1	0	0	0	0	0	0	1	0	0	0	0	0	0	0	0	0
Ryan_Tepera	1	1	0	0	0	0	0	0	1	0	0	0	0	0	0	0	0	0
Kanekoa_Texeira	1	0	0	0	0	0	1	0	0	0	0	0	0	0	1	0	0	0
Joe_Thatcher	1	1	0	0	0	0	0	0	0	0	0	0	0	0	0	0	0	0
Caleb_Thielbar	1	1	0	0	0	0	0	0	0	0	0	0	0	0	0	0	0	0
Justin_Thomas	1	1	1	0	0	0	0	0	0	1	1	1	2	0	0	0	0	0
Brad_Thompson	1	1	0	0	0	0	0	0	0	0	0	0	0	0	0	0	0	0
Tyler_Thornburg	1	1	1	0	0	0	0	0	0	1	1	1	2	0	0	0	0	0
Mike_Timlin	1	1	0	0	0	0	0	0	0	0	0	0	0	0	0	0	0	0
Jess_Todd	1	1	0	0	0	0	0	0	1	0	0	0	0	0	0	0	0	0
Ashur_Tolliver	1	1	0	0	0	0	0	0	0	0	0	0	0	0	0	0	0	0
Josh_Towers	1	1	1	0	0	1	1	0	0	1	1	4	5	0	0	0	0	0
Matt_Tracy	1	0	0	0	0	0	0	1	0	0	1	0	0	0	0	0	0	0
Jermaine_Van_Buren	1	0	0	0	0	0	0	1	0	0	1	0	0	0	0	0	0	0
Donnie_Veal	1	0	0	0	0	0	0	1	0	0	1	0	0	0	0	0	0	0
Pat_Venditte	1	1	0	0	0	0	0	0	0	0	0	0	0	0	0	0	0	1
Pedro_Viola	1	1	1	1	0	0	0	0	0	1	1	2	3	0	0	0	0	0
Luis_Vizcaino	1	0	0	0	0	0	1	1	0	0	1	0	0	0	0	0	0	0
Pete_Walker	1	1	1	1	0	0	1	0	0	1	1	2	3	0	0	0	0	0
Tyler_Walker	1	1	0	0	0	0	0	0	1	0	0	0	0	0	0	0	0	0
Jeff_Weaver	1	1	0	0	0	0	0	0	1	0	0	0	0	0	0	0	0	0
Daniel_Webb	1	0	0	0	0	0	0	1	0	0	1	0	0	0	0	0	0	0
Thad_Weber	1	1	1	0	0	0	0	0	0	1	1	1	2	0	0	0	0	0
Bill_White	1	1	0	0	0	0	0	0	1	0	0	0	0	0	0	0	0	0
Scott_Williamson	1	0	0	0	0	0	0	1	0	0	1	0	0	0	0	0	0	0
Brian_Wilson	1	1	1	0	0	0	0	0	0	1	1	1	2	0	0	0	0	0
Ross_Wolf	1	1	0	0	0	0	0	0	0	0	0	0	0	0	0	0	0	0
Yasuhiko_Yabuta	1	1	1	0	0	0	0	0	0	1	1	1	2	0	0	0	0	0
